cty,01001,AL: Autauga,1987,09,PRCP,     0.00,     0.00,     0.00,     0.00,     0.00,    11.25,     7.90,     5.59,     0.28,     0.00,     6.11,    11.24,     9.61,     0.00,     0.00,     0.00,     0.00,     3.68,     5.79,     1.60,     0.00,     0.00,     0.00,     0.00,     0.00,     0.00,     0.00,     0.00,     0.00,     3.03,  -999.99
cty,01003,AL: Baldwin County,1987,09,PRCP,     1.71,     3.42,     0.00,     0.00,     0.02,     3.69,     0.59,     0.00,     2.23,     0.00,     0.01,    22.11,     9.65,     0.00,     0.00,     0.00,     0.00,    10.93,     4.74,     1.37,     0.00,     0.00,     0.00,     0.00,     0.00,     0.00,     0.00,     0.00,     2.82,     8.27,  -999.99
cty,01005,AL: Barbour County,1987,09,PRCP,     5.82,     0.00,     0.04,     0.00,     1.67,     7.27,     2.22,     0.00,     6.59,     0.00,     0.06,    14.19,    18.38,     0.00,     0.00,     0.02,     0.00,     0.00,     0.60,     1.67,     0.00,     0.00,     0.00,     0.00,     0.00,     0.00,     0.00,     0.00,     0.00,     6.10,  -999.99
cty,01007,AL: Bibb County,1987,09,PRCP,     0.03,     0.00,     0.00,     0.00,     0.00,     9.40,    11.69,     0.47,     0.00,     0.09,    14.25,    17.84,    10.30,     7.93,     0.00,     0.00,     0.00,     0.00,    14.15,     1.40,     0.00,     0.00,     0.00,     0.00,     0.00,     0.00,     0.00,     0.00,     0.00,     1.13,  -999.99
cty,01009,AL: Blount County,1987,09,PRCP,     0.53,     0.00,     0.00,     0.00,     0.00,     0.83,     2.72,     4.35,     0.00,     0.00,    23.59,    17.40,    15.65,     4.58,     0.00,     0.00,     0.00,     0.00,    10.24,     1.43,     0.00,     0.00,     0.00,     0.00,     0.00,     0.00,     0.00,     0.00,     0.00,    10.54,  -999.99
cty,01011,AL: Bullock County,1987,09,PRCP,     5.27,     0.00,     0.00,     0.00,     0.68,    10.61,     3.72,     0.00,     9.75,     0.38,     0.14,    18.15,    25.40,     0.00,     0.00,     0.00,     0.00,     0.00,     2.59,     2.09,     0.00,     0.00,     0.00,     0.00,     0.00,     0.00,     0.00,     0.00,     0.00,     9.61,  -999.99
cty,01013,AL: Butler County,1987,09,PRCP,     2.94,     0.00,     0.00,     0.00,     0.00,    11.85,     4.39,     6.88,     3.48,     0.00,     0.00,    12.57,    10.71,     0.00,     0.00,     0.00,     0.00,     4.21,     3.63,     2.71,     0.00,     0.00,     0.00,     0.00,     0.00,     0.00,     0.00,     0.00,     0.00,     3.82,  -999.99
cty,01015,AL: Calhoun County,1987,09,PRCP,     0.21,     0.00,     0.00,     0.00,     0.00,     0.02,     0.58,     0.00,     0.14,     0.00,     6.28,     8.32,    10.83,     3.17,     0.00,     0.00,     0.00,     0.00,     5.16,     1.44,     0.00,     0.00,     0.00,     0.00,     0.00,     0.00,     0.00,     0.00,     0.00,     9.56,  -999.99
cty,01017,AL: Chambers County,1987,09,PRCP,     4.02,     0.00,     0.00,     0.00,     1.68,     2.15,     4.97,     0.00,     9.54,     0.00,     0.56,    12.92,    18.96,     1.48,     0.00,     0.00,     0.00,     0.00,     2.95,     2.40,     0.00,     0.00,     0.00,     0.00,     0.00,     0.00,     0.00,     0.00,     0.00,    18.04,  -999.99
cty,01019,AL: Cherokee County,1987,09,PRCP,     0.03,     0.00,     0.00,     0.00,     0.00,     0.00,     1.25,     2.78,     1.83,     0.00,     5.80,     8.15,    10.21,     3.60,     0.00,     0.00,     0.00,     0.00,     3.69,     1.84,     0.00,     0.00,     0.00,     0.00,     0.00,     0.00,     0.00,     0.00,     0.00,    10.62,  -999.99
cty,01021,AL: Chilton County,1987,09,PRCP,     0.00,     0.00,     0.00,     0.00,     0.03,     7.55,     7.16,     1.62,     0.03,     0.00,     9.09,    12.41,     8.79,     2.43,     0.00,     0.00,     0.00,     0.24,     7.51,     1.33,     0.00,     0.00,     0.00,     0.00,     0.00,     0.00,     0.00,     0.00,     0.00,     0.89,  -999.99
cty,01023,AL: Choctaw County,1987,09,PRCP,     1.63,     0.00,     0.00,     0.00,     0.00,     0.11,     7.52,     2.06,     0.15,     0.00,     0.09,     9.01,     0.00,     0.00,     0.00,     0.09,     0.29,    12.89,    17.98,     0.00,     0.00,     0.00,     0.00,     0.00,     0.00,     0.00,     0.00,     0.00,     0.00,     9.28,  -999.99
cty,01025,AL: Clarke County,1987,09,PRCP,     2.31,     0.00,     0.00,     0.00,     0.00,     1.55,     4.34,     1.95,     0.00,     0.00,     0.00,     7.04,     2.42,     0.00,     0.00,     0.00,     0.00,    11.08,     9.26,     0.64,     0.00,     0.00,     0.00,     0.00,     0.00,     0.00,     0.00,     0.00,     0.09,     4.21,  -999.99
cty,01027,AL: Clay County,1987,09,PRCP,     0.00,     0.00,     0.00,     0.00,     0.00,     0.95,     2.42,     0.05,     0.34,     0.00,     5.38,     7.98,     9.31,     0.51,     0.00,     0.00,     0.00,     0.00,     3.61,     1.42,     0.00,     0.00,     0.00,     0.00,     0.00,     0.00,     0.00,     0.00,     0.00,     6.60,  -999.99
cty,01029,AL: Cleburne County,1987,09,PRCP,     0.16,     0.00,     0.00,     0.00,     0.00,     0.00,     1.78,     0.00,     1.80,     0.00,     3.75,     6.61,     7.33,     3.20,     0.00,     0.00,     0.00,     0.04,     3.19,     1.82,     0.00,     0.00,     0.00,     0.00,     0.00,     0.00,     0.00,     0.00,     0.09,    10.74,  -999.99
cty,01031,AL: Coffee County,1987,09,PRCP,     3.73,     0.00,     0.00,     0.00,     1.69,    17.54,     2.59,     2.04,     6.11,     0.00,     0.00,    20.50,    19.60,     0.00,     0.00,     0.00,     0.00,     2.30,     2.02,     3.54,     0.00,     0.00,     0.00,     0.00,     0.00,     0.00,     0.00,     0.00,     0.00,     6.68,  -999.99
cty,01033,AL: Colbert County,1987,09,PRCP,     0.00,     0.00,     0.00,     0.00,     0.00,     0.00,     0.00,     1.30,     0.00,     0.15,    45.39,    18.47,     3.24,     4.19,     0.00,     0.00,     0.00,     0.08,    10.85,     0.65,     0.00,     0.00,     0.00,     0.00,     0.00,     0.00,     0.00,     0.00,     0.00,    15.46,  -999.99
cty,01035,AL: Conecuh County,1987,09,PRCP,     2.97,     0.00,     0.00,     0.00,     0.00,     7.99,     3.31,     5.35,     2.59,     0.00,     0.00,    12.29,     8.33,     0.00,     0.00,     0.00,     0.00,     5.11,     3.27,     2.40,     0.00,     0.00,     0.00,     0.00,     0.00,     0.00,     0.00,     0.00,     0.49,     3.11,  -999.99
cty,01037,AL: Coosa County,1987,09,PRCP,     0.00,     0.00,     0.00,     0.00,     0.04,     2.38,     2.72,     0.00,     0.00,     0.00,     4.71,     6.80,     7.20,     0.00,     0.00,     0.00,     0.00,     0.11,     3.12,     0.94,     0.00,     0.00,     0.00,     0.00,     0.00,     0.00,     0.00,     0.00,     0.00,     2.58,  -999.99
cty,01039,AL: Covington County,1987,09,PRCP,     2.71,     0.24,     0.00,     0.00,     0.51,    16.47,     2.46,     4.61,     4.75,     0.00,     0.00,    20.43,    15.26,     0.00,     0.00,     0.00,     0.00,     3.62,     2.32,     3.73,     0.00,     0.00,     0.00,     0.00,     0.00,     0.00,     0.00,     0.00,     0.62,     6.22,  -999.99
cty,01041,AL: Crenshaw County,1987,09,PRCP,     2.74,     0.14,     0.00,     0.00,     0.07,    15.11,     3.37,     4.02,     4.61,     0.00,     0.43,    15.04,    14.12,     0.00,     0.00,     0.00,     0.00,     2.73,     2.48,     2.98,     0.00,     0.00,     0.00,     0.00,     0.00,     0.00,     0.00,     0.00,     0.00,     5.27,  -999.99
cty,01043,AL: Cullman County,1987,09,PRCP,     0.09,     0.00,     0.00,     0.00,     0.00,     3.05,     3.61,     0.96,     0.97,     0.00,    32.61,    20.38,    12.88,     5.25,     0.00,     0.00,     0.00,     0.00,    11.05,     1.64,     0.00,     0.00,     0.00,     0.00,     0.00,     0.00,     0.00,     0.00,     0.00,    13.80,  -999.99
cty,01045,AL: Dale County,1987,09,PRCP,     4.70,     0.00,     0.00,     0.00,     2.98,    13.14,     2.07,     0.00,     5.85,     0.00,     0.00,    18.23,    19.81,     0.00,     0.00,     0.00,     0.00,     0.07,     0.64,     2.87,     0.00,     0.00,     0.00,     0.00,     0.00,     0.00,     0.00,     0.00,     0.00,     5.96,  -999.99
cty,01047,AL: Dallas County,1987,09,PRCP,     0.62,     0.00,     0.00,     0.00,     0.00,     6.38,     8.57,     5.13,     0.01,     0.00,     1.18,     8.33,     4.45,     0.05,     0.00,     0.00,     0.00,     3.77,     6.39,     1.11,     0.00,     0.00,     0.00,     0.00,     0.00,     0.00,     0.00,     0.00,     0.00,     1.73,  -999.99
cty,01049,AL: DeKalb County,1987,09,PRCP,     0.03,     0.00,     0.00,     0.00,     0.00,     0.00,     2.10,     5.34,     1.77,     0.00,     7.29,     9.23,     9.09,     3.34,     0.00,     0.00,     0.00,     0.07,     3.99,     1.88,     0.00,     0.00,     0.00,     0.00,     0.00,     0.00,     0.00,     0.00,     0.00,    11.25,  -999.99
cty,01051,AL: Elmore County,1987,09,PRCP,     0.45,     0.00,     0.00,     0.00,     0.05,     6.52,     4.41,     0.23,     1.59,     0.08,     3.60,    10.60,    15.06,     0.00,     0.00,     0.00,     0.16,     0.29,     3.54,     1.50,     0.00,     0.00,     0.00,     0.00,     0.00,     0.00,     0.00,     0.00,     0.08,     6.90,  -999.99
cty,01053,AL: Escambia County,1987,09,PRCP,     2.51,     0.00,     0.00,     0.00,     0.02,     7.25,     2.52,     2.70,     2.36,     0.00,     0.00,    15.11,     8.87,     0.00,     0.00,     0.00,     0.00,     6.46,     3.08,     2.38,     0.00,     0.00,     0.00,     0.00,     0.00,     0.00,     0.00,     0.00,     0.62,     3.86,  -999.99
cty,01055,AL: Etowah County,1987,09,PRCP,     0.01,     0.00,     0.00,     0.00,     0.00,     0.00,     1.34,     1.38,     0.08,     0.04,     8.05,     7.82,     9.04,     2.56,     0.00,     0.00,     0.00,     0.04,     4.50,     0.97,     0.00,     0.00,     0.00,     0.00,     0.00,     0.00,     0.00,     0.00,     0.07,     6.72,  -999.99
cty,01057,AL: Fayette County,1987,09,PRCP,     0.00,     0.00,     0.00,     0.00,     0.00,     1.36,     5.05,     0.00,     1.71,     0.00,    28.08,    12.71,     7.10,     4.36,     0.00,     0.00,     0.00,     0.16,    11.14,     1.17,     0.00,     0.00,     0.00,     0.00,     0.00,     0.00,     0.00,     0.00,     1.24,     5.54,  -999.99
cty,01059,AL: Franklin County,1987,09,PRCP,     0.00,     0.00,     0.00,     0.00,     0.00,     0.00,     0.24,     0.00,     0.17,     0.45,    38.35,    13.91,     3.29,     2.20,     0.00,     0.00,     0.00,     0.30,     8.53,     0.90,     0.00,     0.00,     0.00,     0.00,     0.00,     0.00,     0.00,     0.00,     0.00,    10.35,  -999.99
cty,01061,AL: Geneva County,1987,09,PRCP,     3.54,     0.31,     0.00,     0.00,     3.75,    14.80,     0.86,     1.43,     4.64,     0.00,     0.00,    19.47,    17.32,     0.00,     0.00,     0.00,     0.00,     1.58,     1.26,     3.62,     0.00,     0.00,     0.00,     0.00,     0.00,     0.00,     0.00,     0.00,     0.00,     5.68,  -999.99
cty,01063,AL: Greene County,1987,09,PRCP,     0.00,     0.00,     0.00,     0.00,     0.00,     2.24,    28.46,     0.22,     0.00,     0.00,     6.25,    15.48,     5.34,     7.76,     0.00,     0.00,     0.00,     0.91,    24.74,     0.63,     0.00,     0.00,     0.00,     0.00,     0.00,     0.00,     0.00,     0.00,     0.00,     8.10,  -999.99
cty,01065,AL: Hale County,1987,09,PRCP,     0.03,     0.00,     0.00,     0.00,     0.00,     5.52,    25.28,     2.04,     0.00,     0.06,     7.16,    16.19,     6.92,     7.30,     0.00,     0.00,     0.24,     1.62,    20.30,     1.24,     0.00,     0.00,     0.00,     0.00,     0.00,     0.00,     0.00,     0.00,     0.06,     4.73,  -999.99
cty,01067,AL: Henry County,1987,09,PRCP,     5.69,     0.00,     1.55,     0.00,     3.22,     7.98,     1.79,     0.00,     4.79,     0.00,     0.00,    15.01,    17.03,     0.00,     0.00,     0.00,     0.00,     0.00,     0.00,     2.21,     0.00,     0.00,     0.00,     0.00,     0.00,     0.00,     0.00,     0.00,     0.00,     5.01,  -999.99
cty,01069,AL: Houston County,1987,09,PRCP,     4.67,     0.00,     2.68,     0.00,     5.79,    10.19,     0.26,     0.00,     4.03,     0.00,     0.00,    15.83,    15.91,     0.00,     0.00,     0.00,     0.00,     0.00,     0.00,     3.40,     0.00,     0.00,     0.00,     0.00,     0.00,     0.00,     0.00,     0.00,     0.00,     4.89,  -999.99
cty,01071,AL: Jackson County,1987,09,PRCP,     0.00,     0.00,     0.00,     0.00,     0.00,     0.00,     2.37,     6.70,     2.21,     0.00,    11.56,    13.55,     8.82,     4.79,     0.00,     0.00,     0.01,     0.80,     6.09,     2.23,     0.00,     0.00,     0.00,     0.00,     0.00,     0.00,     0.00,     0.00,     0.00,    17.05,  -999.99
cty,01073,AL: Jefferson County,1987,09,PRCP,     0.02,     0.00,     0.00,     0.00,     0.10,     4.60,     4.24,     0.14,     0.06,     0.10,    22.58,    17.96,    12.87,     5.92,     0.00,     0.00,     0.00,     0.00,    11.61,     1.33,     0.00,     0.00,     0.00,     0.00,     0.00,     0.00,     0.00,     0.00,     0.00,     4.50,  -999.99
cty,01075,AL: Lamar County,1987,09,PRCP,     0.00,     0.00,     0.00,     0.00,     0.00,     0.35,     4.00,     0.00,     0.00,     0.05,    36.35,    14.21,     6.71,     0.71,     0.00,     0.00,     0.00,     1.20,    12.80,     0.52,     0.00,     0.00,     0.00,     0.00,     0.00,     0.00,     0.00,     0.00,     0.65,     6.21,  -999.99
cty,01077,AL: Lauderdale County,1987,09,PRCP,     0.00,     0.00,     0.00,     0.00,     0.00,     0.00,     0.00,     4.38,     0.04,     0.00,    43.99,    22.67,     3.77,     5.91,     0.00,     0.00,     1.23,     0.00,    12.03,     1.03,     0.00,     0.00,     0.00,     0.00,     0.00,     0.00,     0.00,     0.00,     0.00,    20.23,  -999.99
cty,01079,AL: Lawrence County,1987,09,PRCP,     0.00,     0.00,     0.00,     0.00,     0.00,     0.13,     2.95,     0.34,     0.86,     0.00,    44.25,    23.80,     6.48,     6.33,     0.00,     0.00,     0.10,     0.00,    12.21,     1.84,     0.00,     0.00,     0.00,     0.00,     0.00,     0.00,     0.00,     0.00,     0.00,    22.22,  -999.99
cty,01081,AL: Lee County,1987,09,PRCP,     4.44,     0.00,     0.00,     0.00,     2.09,     2.38,     3.40,     0.04,     7.95,     0.00,     0.00,    10.50,    18.72,     0.05,     0.00,     0.00,     0.00,     0.02,     1.34,     1.47,     0.00,     0.00,     0.00,     0.00,     0.00,     0.00,     0.00,     0.00,     0.00,    11.78,  -999.99
cty,01083,AL: Limestone County,1987,09,PRCP,     0.00,     0.00,     0.00,     0.00,     0.00,     2.46,     4.97,     4.94,     1.42,     0.00,    39.00,    31.36,     7.52,     8.58,     0.00,     0.00,     3.93,     0.00,    13.29,     2.35,     0.00,     0.00,     0.00,     0.00,     0.00,     0.00,     0.00,     0.00,     1.60,    29.72,  -999.99
cty,01085,AL: Lowndes County,1987,09,PRCP,     1.79,     0.00,     0.00,     0.00,     0.00,    13.35,     7.10,     7.57,     2.71,     0.00,     2.28,    12.51,    11.22,     0.00,     0.00,     0.00,     0.00,     4.82,     5.56,     2.30,     0.00,     0.00,     0.00,     0.00,     0.00,     0.00,     0.00,     0.00,     0.00,     3.98,  -999.99
cty,01087,AL: Macon County,1987,09,PRCP,     3.42,     0.00,     0.00,     0.00,     0.71,     4.21,     2.39,     0.00,     5.47,     0.27,     0.00,    10.04,    17.90,     0.00,     0.00,     0.00,     0.00,     0.00,     1.86,     1.23,     0.00,     0.00,     0.00,     0.00,     0.00,     0.00,     0.00,     0.00,     0.00,     8.70,  -999.99
cty,01089,AL: Madison County,1987,09,PRCP,     0.00,     0.00,     0.00,     0.00,     0.00,     1.58,     4.43,     6.77,     2.33,     0.00,    26.94,    25.76,     9.41,     7.75,     0.00,     0.00,     2.52,     0.07,    11.32,     2.42,     0.00,     0.00,     0.00,     0.00,     0.00,     0.00,     0.00,     0.00,     0.36,    26.79,  -999.99
cty,01091,AL: Marengo County,1987,09,PRCP,     1.00,     0.00,     0.00,     0.00,     0.00,     2.55,    16.16,     4.06,     0.03,     0.00,     0.02,    11.61,     1.78,     0.33,     0.00,     0.02,     0.02,     7.67,    16.57,     0.40,     0.00,     0.00,     0.00,     0.00,     0.00,     0.00,     0.00,     0.00,     0.00,     5.45,  -999.99
cty,01093,AL: Marion County,1987,09,PRCP,     0.00,     0.00,     0.00,     0.00,     0.00,     0.00,     0.96,     0.00,     0.83,     0.05,    38.71,    13.48,     4.88,     1.15,     0.00,     0.00,     0.05,     0.00,     9.27,     1.30,     0.00,     0.00,     0.00,     0.00,     0.00,     0.00,     0.00,     0.00,     0.26,     7.03,  -999.99
cty,01095,AL: Marshall County,1987,09,PRCP,     0.00,     0.00,     0.00,     0.00,     0.00,     0.00,     2.04,     4.22,     0.56,     0.00,    13.44,    12.24,     8.69,     3.77,     0.00,     0.00,     0.00,     0.00,     6.41,     1.19,     0.00,     0.00,     0.00,     0.00,     0.00,     0.00,     0.00,     0.00,     0.00,    11.46,  -999.99
cty,01097,AL: Mobile County,1987,09,PRCP,     2.14,     0.02,     0.00,     0.00,     0.00,     0.66,     0.05,     0.00,     0.00,     0.00,     0.00,    17.20,     6.61,     0.00,     0.00,     0.00,     0.00,    17.35,     8.91,     1.14,     0.00,     0.00,     0.00,     0.00,     0.00,     0.00,     0.00,     0.00,     3.59,    13.59,  -999.99
cty,01099,AL: Monroe County,1987,09,PRCP,     3.01,     0.00,     0.00,     0.00,     0.00,     4.20,     4.33,     4.61,     0.40,     0.00,     0.00,     9.79,     5.60,     0.00,     0.00,     0.00,     0.04,     7.79,     5.87,     2.02,     0.00,     0.00,     0.00,     0.00,     0.00,     0.00,     0.00,     0.00,     0.05,     3.15,  -999.99
cty,01101,AL: Montgomery County,1987,09,PRCP,     2.37,     0.00,     0.00,     0.00,     0.01,    13.33,     5.31,     1.96,     5.12,     0.12,     1.61,    15.79,    18.79,     0.00,     0.00,     0.00,     0.00,     2.35,     4.23,     2.46,     0.00,     0.00,     0.00,     0.00,     0.00,     0.00,     0.00,     0.00,     0.08,     7.37,  -999.99
cty,01103,AL: Morgan County,1987,09,PRCP,     0.00,     0.00,     0.00,     0.00,     0.00,     0.15,     4.38,     1.84,     0.45,     0.12,    36.67,    26.58,    10.97,     7.31,     0.00,     0.00,     0.79,     0.00,    13.02,     2.05,     0.00,     0.00,     0.00,     0.00,     0.00,     0.00,     0.00,     0.00,     1.05,    23.81,  -999.99
cty,01105,AL: Perry County,1987,09,PRCP,     0.06,     0.00,     0.00,     0.00,     0.00,     6.41,    15.30,     4.16,     0.05,     0.00,     4.41,    12.27,     5.17,     3.38,     0.00,     0.00,     0.28,     2.39,    11.43,     1.09,     0.00,     0.00,     0.00,     0.00,     0.00,     0.00,     0.00,     0.00,     0.00,     2.20,  -999.99
cty,01107,AL: Pickens County,1987,09,PRCP,     0.00,     0.00,     0.00,     0.00,     0.00,     0.40,    17.21,     0.03,     1.35,     0.05,    19.46,    14.24,     9.21,     7.11,     0.00,     0.00,     0.00,     0.65,    21.95,     0.30,     0.00,     0.00,     0.00,     0.00,     0.00,     0.00,     0.00,     0.00,     0.00,     8.03,  -999.99
cty,01109,AL: Pike County,1987,09,PRCP,     5.36,     0.00,     0.00,     0.00,     0.86,    20.68,     4.63,     0.91,     9.97,     0.00,     0.00,    24.52,    28.34,     0.00,     0.00,     0.00,     0.00,     1.59,     3.07,     3.69,     0.00,     0.00,     0.00,     0.00,     0.00,     0.00,     0.00,     0.00,     0.00,     9.70,  -999.99
cty,01111,AL: Randolph County,1987,09,PRCP,     0.98,     0.00,     0.00,     0.00,     0.01,     0.45,     2.72,     0.09,     3.77,     0.04,     3.01,     6.48,     7.39,     1.85,     0.00,     0.00,     0.00,     0.00,     2.10,     1.69,     0.00,     0.00,     0.00,     0.00,     0.00,     0.00,     0.00,     0.00,     0.10,     9.95,  -999.99
cty,01113,AL: Russell County,1987,09,PRCP,     6.68,     0.00,     0.00,     0.00,     2.15,     2.65,     2.41,     0.00,     7.11,     0.00,     0.01,    11.21,    17.20,     0.00,     0.00,     0.00,     0.00,     0.00,     0.22,     1.21,     0.00,     0.00,     0.00,     0.00,     0.00,     0.00,     0.00,     0.00,     0.00,     7.96,  -999.99
cty,01115,AL: St. Clair County,1987,09,PRCP,     0.00,     0.00,     0.00,     0.00,     0.00,     0.42,     3.22,     0.29,     0.02,     0.00,    17.16,    14.95,    15.43,     4.35,     0.00,     0.00,     0.00,     0.00,     8.77,     1.39,     0.00,     0.00,     0.00,     0.00,     0.00,     0.00,     0.00,     0.00,     0.00,     7.44,  -999.99
cty,01117,AL: Shelby County,1987,09,PRCP,     0.00,     0.00,     0.00,     0.00,     0.05,     6.04,     5.78,     0.04,     0.12,     0.03,    17.86,    18.19,    13.58,     6.03,     0.00,     0.00,     0.00,     0.00,    10.85,     1.51,     0.00,     0.00,     0.00,     0.00,     0.00,     0.00,     0.00,     0.00,     0.00,     1.12,  -999.99
cty,01119,AL: Sumter County,1987,09,PRCP,     0.00,     0.00,     0.00,     0.00,     0.00,     0.27,    21.17,     1.64,     0.00,     0.00,     0.48,    14.93,     0.42,     3.90,     0.00,     0.00,     0.00,     5.04,    25.80,     0.07,     0.03,     0.00,     0.00,     0.00,     0.00,     0.00,     0.00,     0.00,     0.00,    11.49,  -999.99
cty,01121,AL: Talladega County,1987,09,PRCP,     0.00,     0.00,     0.00,     0.00,     0.00,     1.18,     2.72,     1.28,     0.05,     0.00,     9.92,    11.85,    12.21,     1.27,     0.00,     0.00,     0.00,     0.00,     6.66,     1.54,     0.00,     0.00,     0.00,     0.00,     0.00,     0.00,     0.00,     0.00,     0.00,     5.15,  -999.99
cty,01123,AL: Tallapoosa County,1987,09,PRCP,     1.16,     0.00,     0.00,     0.00,     0.33,     2.02,     2.94,     0.02,     2.82,     0.01,     2.55,     8.20,    13.02,     0.00,     0.00,     0.00,     0.01,     0.00,     2.47,     1.29,     0.00,     0.00,     0.00,     0.00,     0.00,     0.00,     0.00,     0.00,     0.02,     8.53,  -999.99
cty,01125,AL: Tuscaloosa County,1987,09,PRCP,     0.00,     0.00,     0.00,     0.00,     0.00,     5.56,    13.34,     0.03,     0.53,     0.05,    20.42,    15.78,    10.26,     8.04,     0.00,     0.00,     0.00,     0.04,    17.20,     1.25,     0.00,     0.00,     0.00,     0.00,     0.00,     0.00,     0.00,     0.00,     0.02,     4.41,  -999.99
cty,01127,AL: Walker County,1987,09,PRCP,     0.00,     0.00,     0.00,     0.00,     0.00,     3.38,     3.56,     0.23,     2.50,     0.04,    26.10,    13.54,     8.07,     4.59,     0.00,     0.00,     0.00,     0.22,     9.59,     1.17,     0.00,     0.00,     0.00,     0.00,     0.00,     0.00,     0.00,     0.06,     0.75,     6.00,  -999.99
cty,01129,AL: Washington County,1987,09,PRCP,     3.72,     0.00,     0.00,     0.00,     0.00,     0.55,     2.65,     0.00,     0.00,     0.00,     0.00,    10.32,     1.61,     0.00,     0.00,     0.00,     0.00,    25.34,    16.22,     0.00,     0.00,     0.00,     0.00,     0.00,     0.00,     0.00,     0.00,     0.00,     0.00,    11.13,  -999.99
cty,01131,AL: Wilcox County,1987,09,PRCP,     2.13,     0.03,     0.00,     0.00,     0.00,     4.09,     7.51,     5.59,     0.00,     0.00,     0.00,     8.29,     4.52,     0.00,     0.00,     0.00,     0.00,     5.86,     7.51,     1.41,     0.00,     0.00,     0.00,     0.00,     0.00,     0.00,     0.00,     0.00,     0.00,     2.58,  -999.99
cty,01133,AL: Winston County,1987,09,PRCP,     0.00,     0.00,     0.00,     0.00,     0.00,     2.06,     3.18,     0.00,     2.88,     0.12,    36.88,    16.90,     7.72,     4.41,     0.00,     0.00,     0.05,     0.00,     9.89,     1.51,     0.00,     0.00,     0.00,     0.00,     0.00,     0.00,     0.00,     0.00,     0.36,    12.00,  -999.99
cty,02001,AZ: Apache County,1987,09,PRCP,     0.00,     0.00,     0.00,     1.17,     2.20,     0.01,     0.00,     0.00,     0.00,     0.00,     0.00,     0.00,     0.32,     3.15,     0.00,     0.00,     0.00,     0.00,     0.00,     0.00,     0.00,     0.04,     0.28,     1.64,     2.55,     0.89,     0.01,     0.13,     0.00,     0.00,  -999.99
cty,02003,AZ: Cochise County,1987,09,PRCP,     0.00,     0.00,     0.11,    14.26,     8.07,     0.00,     0.00,     0.00,     0.00,     0.00,     0.00,     0.00,     0.00,     0.00,     0.00,     0.00,     0.00,     0.01,     0.00,     0.02,     0.90,     6.85,     5.97,     4.62,     1.21,     0.00,     0.00,     0.00,     0.02,     0.08,  -999.99
cty,02005,AZ: Coconino County,1987,09,PRCP,     0.00,     0.11,     0.03,     0.19,     3.93,     0.07,     0.00,     0.00,     0.00,     0.00,     0.00,     0.00,     0.81,     0.48,     0.01,     0.00,     0.00,     0.00,     0.00,     0.00,     0.00,     0.02,     0.90,     3.49,     2.11,     0.10,     0.02,     0.51,     0.00,     0.00,  -999.99
cty,02007,AZ: Gila County,1987,09,PRCP,     0.00,     0.04,     0.02,     4.57,     2.97,     0.00,     0.00,     0.00,     0.00,     0.00,     0.00,     0.06,     0.13,     0.03,     0.00,     0.00,     0.00,     0.00,     0.08,     0.00,     0.00,     0.99,     4.85,     6.23,     2.80,     0.50,     0.09,     2.33,     0.00,     0.00,  -999.99
cty,02009,AZ: Graham County,1987,09,PRCP,     0.04,     0.00,     0.01,     6.46,     3.26,     0.01,     0.00,     0.00,     0.00,     0.00,     0.00,     0.00,     0.00,     0.13,     0.00,     0.00,     0.00,     0.00,     0.00,     0.00,     0.02,     3.40,     4.56,     3.97,     2.74,     1.15,     0.00,     0.97,     0.15,     0.91,  -999.99
cty,02011,AZ: Greenlee County,1987,09,PRCP,     0.00,     0.00,     0.00,     5.93,     4.48,     0.14,     0.00,     0.00,     0.00,     0.00,     0.00,     0.00,     0.00,     0.94,     0.00,     0.00,     0.07,     0.02,     0.00,     0.00,     0.03,     1.15,     1.42,     0.04,     0.96,     1.03,     0.00,     1.51,     0.05,     0.83,  -999.99
cty,02012,AZ: La Paz County,1987,09,PRCP,     0.00,     0.00,     0.00,     0.17,     2.61,     0.00,     0.00,     0.00,     0.00,     0.00,     0.00,     0.00,     0.00,     0.00,     0.00,     0.00,     0.00,     0.00,     0.00,     0.00,     0.00,     0.31,     7.10,     0.75,     0.00,     0.00,     0.00,     0.00,     0.00,     0.00,  -999.99
cty,02013,AZ: Maricopa County,1987,09,PRCP,     0.00,     0.00,     0.04,     2.95,     0.06,     0.00,     0.00,     0.00,     0.00,     0.00,     0.00,     0.00,     0.00,     0.00,     0.00,     0.00,     0.00,     0.00,     0.00,     0.00,     0.00,     0.42,     6.11,     3.42,     0.02,     0.00,     0.00,     0.07,     0.00,     0.00,  -999.99
cty,02015,AZ: Mohave County,1987,09,PRCP,     0.00,     0.48,     0.00,     0.00,     8.00,     0.00,     0.00,     0.00,     0.00,     0.00,     0.00,     0.00,     0.06,     0.00,     0.00,     0.00,     0.00,     0.00,     0.00,     0.00,     0.00,     0.00,     1.80,     0.66,     1.66,     0.31,     0.00,     0.00,     0.00,     0.00,  -999.99
cty,02017,AZ: Navajo County,1987,09,PRCP,     0.00,     0.02,     0.00,     0.65,     1.59,     0.00,     0.00,     0.00,     0.00,     0.00,     0.00,     0.00,     0.90,     1.25,     0.00,     0.00,     0.00,     0.00,     0.00,     0.00,     0.00,     0.00,     0.40,     3.45,     1.26,     0.29,     0.01,     0.31,     0.00,     0.00,  -999.99
cty,02019,AZ: Pima County,1987,09,PRCP,     0.00,     0.00,     0.10,    12.69,     2.17,     0.00,     0.00,     0.00,     0.00,     0.00,     0.00,     0.00,     0.00,     0.00,     0.00,     0.00,     0.00,     0.01,     0.00,     0.00,     2.11,     4.49,    11.35,     1.72,     0.48,     0.09,     0.00,     0.00,     0.01,     0.01,  -999.99
cty,02021,AZ: Pinal County,1987,09,PRCP,     0.00,     0.00,     0.00,     7.50,     0.50,     0.00,     0.00,     0.00,     0.00,     0.00,     0.00,     0.00,     0.00,     0.02,     0.00,     0.00,     0.00,     0.00,     0.00,     0.00,     0.09,     2.96,     8.57,     3.65,     0.79,     0.18,     0.00,     0.03,     0.19,     0.00,  -999.99
cty,02023,AZ: Santa Cruz County,1987,09,PRCP,     0.00,     0.00,     0.66,    20.12,     7.01,     0.00,     0.00,     0.00,     0.00,     0.00,     0.00,     0.00,     0.01,     0.00,     0.00,     0.00,     0.00,     0.00,     0.01,     0.08,     5.63,    10.06,    11.87,     5.39,     0.31,     0.00,     0.00,     0.00,     0.00,     0.00,  -999.99
cty,02025,AZ: Yavapai County,1987,09,PRCP,     0.00,     0.28,     0.01,     1.52,     9.59,     0.02,     0.00,     0.00,     0.00,     0.00,     0.00,     0.00,     0.00,     0.00,     0.00,     0.00,     0.00,     0.00,     0.00,     0.00,     0.00,     0.01,     3.63,     6.00,     1.32,     0.01,     0.01,     0.76,     0.00,     0.00,  -999.99
cty,02027,AZ: Yuma County,1987,09,PRCP,     0.00,     0.00,     0.00,     0.01,     0.00,     0.00,     0.00,     0.00,     0.00,     0.00,     0.00,     0.00,     0.00,     0.00,     0.00,     0.00,     0.00,     0.00,     0.00,     0.00,     0.00,     1.99,     3.22,     0.21,     0.00,     0.00,     0.00,     0.00,     0.00,     0.00,  -999.99
cty,03001,AR: Arkansas County,1987,09,PRCP,     0.00,     0.00,     0.00,     0.00,     0.00,     0.00,     0.00,     0.01,     0.00,     0.00,    17.90,     2.45,    13.78,     0.00,     0.00,     3.20,     0.05,     0.00,    18.39,     0.00,     0.00,     0.00,     0.00,     0.00,     0.00,     0.00,     0.00,     0.00,     3.51,     0.00,  -999.99
cty,03003,AR: Ashley County,1987,09,PRCP,     0.00,     0.00,     0.00,     0.00,     0.00,     0.00,     0.00,     0.00,     0.00,     0.00,    10.29,     4.18,     0.71,     0.00,     0.00,     0.00,     0.00,     0.00,    19.87,     0.00,     0.00,     0.00,     0.00,     0.00,     0.00,     0.00,     0.00,     0.00,     0.00,     0.00,  -999.99
cty,03005,AR: Baxter County,1987,09,PRCP,     0.00,     0.00,     0.00,     0.00,     0.00,     0.00,     0.00,     2.99,     0.00,     0.00,     5.01,     0.00,     5.39,     0.00,    17.39,    19.38,     0.00,     0.00,     2.95,     0.00,     0.00,     0.00,     0.00,     0.00,     0.00,     0.00,     0.00,     0.14,    10.26,     0.00,  -999.99
cty,03007,AR: Benton County,1987,09,PRCP,     0.00,     0.00,     0.00,     0.00,     0.00,     0.00,     1.35,     2.32,     0.00,     9.51,     0.00,     0.00,     9.42,     0.00,     2.03,    35.86,     0.00,     0.00,     6.63,     0.00,     0.00,     0.00,     0.00,     0.00,     0.00,     0.00,     0.00,     1.39,    22.49,     0.00,  -999.99
cty,03009,AR: Boone County,1987,09,PRCP,     0.00,     0.00,     0.00,     0.00,     0.00,     0.00,     0.00,     3.33,     0.00,     3.09,     4.45,     0.00,    10.07,     0.00,    29.94,    29.93,     0.00,     0.00,     4.41,     0.00,     0.00,     0.00,     0.00,     0.00,     0.00,     0.00,     0.00,     0.00,    15.49,     0.00,  -999.99
cty,03011,AR: Bradley County,1987,09,PRCP,     0.00,     0.00,     0.00,     0.00,     0.00,     0.00,     0.00,     0.00,     3.01,     0.00,    20.29,     7.54,     2.97,     0.00,     0.00,     2.96,     0.00,     0.00,    48.19,     0.00,     0.00,     0.61,     0.00,     0.00,     0.00,     0.00,     0.00,     0.00,     1.99,     0.00,  -999.99
cty,03013,AR: Calhoun County,1987,09,PRCP,     0.00,     0.00,     0.00,     0.00,     0.00,     0.00,     0.00,     0.00,     3.36,     0.00,    11.22,     5.55,     0.00,     0.00,     0.00,    12.13,     0.00,     0.08,    40.05,     0.00,     0.00,     0.08,     0.00,     0.00,     0.00,     0.00,     0.00,     0.00,     5.81,     0.00,  -999.99
cty,03015,AR: Carroll County,1987,09,PRCP,     0.00,     0.00,     0.00,     0.00,     0.00,     0.00,     0.17,     2.32,     0.00,     4.31,     1.97,     0.00,     7.76,     0.00,     8.97,    28.24,     0.00,     0.05,     4.05,     0.00,     0.00,     0.00,     0.00,     0.00,     0.00,     0.00,     0.00,     0.00,    14.30,     0.00,  -999.99
cty,03017,AR: Chicot County,1987,09,PRCP,     0.00,     0.00,     0.00,     0.00,     0.00,     0.00,     0.00,     0.00,     0.00,     0.00,    10.19,     2.67,     6.20,     0.00,     0.00,     0.00,     0.00,     0.00,    14.39,     0.00,     0.00,     0.03,     0.00,     0.00,     0.00,     0.00,     0.00,     0.00,     0.00,     0.00,  -999.99
cty,03019,AR: Clark County,1987,09,PRCP,     2.41,     0.00,     0.00,     0.00,     0.00,     0.00,     0.00,     1.33,     0.01,     0.00,     1.97,     0.00,     0.00,     0.00,     0.34,    40.53,     0.00,     0.00,    25.52,     0.00,     0.00,     0.04,     0.00,     0.00,     0.00,     0.00,     0.02,     0.00,    10.65,     0.00,  -999.99
cty,03021,AR: Clay County,1987,09,PRCP,     0.00,     0.00,     0.00,     0.00,     0.00,     0.00,     0.00,     1.32,     0.01,     0.00,     8.55,     0.00,     3.74,     0.00,     0.00,    32.88,     4.31,     0.00,     1.50,     0.00,     0.00,     0.00,     0.00,     0.00,     0.00,     0.00,     0.00,     0.00,    18.00,     0.00,  -999.99
cty,03023,AR: Cleburne County,1987,09,PRCP,     0.00,     0.00,     0.00,     0.00,     0.00,     0.00,     0.00,     2.71,     0.00,     0.00,    11.97,     0.00,     3.62,     0.00,     9.27,    37.48,     1.66,     0.00,     5.83,     0.00,     0.00,     0.00,     0.00,     0.00,     0.00,     0.00,     0.00,     0.00,    17.50,     0.00,  -999.99
cty,03025,AR: Cleveland County,1987,09,PRCP,     0.00,     0.00,     0.00,     0.00,     0.00,     0.00,     0.00,     0.00,     4.55,     0.00,    15.85,     4.02,    10.29,     0.00,     0.00,    14.68,     0.00,     0.03,    33.26,     0.00,     0.00,     0.60,     0.00,     0.00,     0.00,     0.00,     0.00,     0.00,     7.14,     0.00,  -999.99
cty,03027,AR: Columbia County,1987,09,PRCP,     0.00,     0.00,     0.00,     0.00,     0.00,     0.00,     0.00,     0.01,     0.07,     0.00,     2.50,     2.89,     0.00,     0.00,     0.00,     7.64,     0.00,     0.00,    22.99,     0.00,     0.00,     0.00,     0.00,     0.00,     0.00,     0.00,     0.00,     0.00,     3.82,     0.00,  -999.99
cty,03029,AR: Conway County,1987,09,PRCP,     0.00,     0.00,     0.00,     0.00,     0.00,     0.00,     0.00,     2.83,     0.22,     0.00,    10.14,     0.00,     5.88,     0.00,    13.95,    41.49,     0.34,     0.00,     8.36,     0.00,     0.00,     0.00,     0.00,     0.00,     0.00,     0.00,     0.00,     0.00,    22.29,     0.00,  -999.99
cty,03031,AR: Craighead County,1987,09,PRCP,     0.00,     0.00,     0.00,     0.00,     0.00,     0.00,     0.20,     2.82,     0.00,     0.00,     9.05,     0.00,     2.69,     0.13,     0.30,    26.21,     2.89,     0.00,     3.21,     0.00,     0.00,     0.00,     0.00,     0.00,     0.00,     0.00,     0.00,     0.00,    13.14,     0.00,  -999.99
cty,03033,AR: Crawford County,1987,09,PRCP,     0.00,     0.00,     0.00,     0.00,     0.00,     0.00,     0.00,     1.35,     0.00,     8.32,     0.40,     0.00,     8.73,     0.00,     3.32,    48.58,     0.00,     0.00,    11.18,     0.00,     0.35,     0.00,     0.00,     0.00,     0.00,     0.00,     0.00,     0.70,    26.95,     0.00,  -999.99
cty,03035,AR: Crittenden County,1987,09,PRCP,     0.00,     0.00,     0.00,     0.00,     0.00,     0.00,     0.00,     4.25,     0.00,     0.00,    14.15,     0.85,     5.11,     0.00,     0.00,    10.94,     0.72,     0.00,     7.53,     0.00,     0.00,     0.00,     0.00,     0.00,     0.00,     0.00,     0.00,     0.00,     8.87,     0.00,  -999.99
cty,03037,AR: Cross County,1987,09,PRCP,     0.00,     0.00,     0.00,     0.00,     0.00,     0.00,     0.00,     3.26,     0.00,     0.00,    11.66,     0.05,     3.41,     0.00,     0.00,    15.52,     2.63,     0.00,     6.29,     0.00,     0.00,     0.00,     0.00,     0.00,     0.00,     0.00,     0.00,     0.00,     9.84,     0.00,  -999.99
cty,03039,AR: Dallas County,1987,09,PRCP,     0.00,     0.00,     0.00,     0.00,     0.00,     0.00,     0.00,     0.00,     0.42,     0.00,     7.48,     1.55,     1.36,     0.00,     0.00,    25.56,     0.06,     0.43,    28.28,     0.00,     0.00,     0.06,     0.00,     0.00,     0.00,     0.00,     0.00,     0.00,     9.04,     0.00,  -999.99
cty,03041,AR: Desha County,1987,09,PRCP,     0.00,     0.00,     0.00,     0.00,     0.00,     0.00,     0.00,     0.00,     0.00,     0.00,    30.93,     4.19,    27.23,     0.00,     0.00,     0.00,     0.00,     0.00,    33.95,     0.00,     0.00,     0.01,     0.00,     0.00,     0.00,     0.00,     0.00,     0.00,     0.00,     0.00,  -999.99
cty,03043,AR: Drew County,1987,09,PRCP,     0.00,     0.00,     0.00,     0.00,     0.00,     0.00,     0.00,     0.00,     0.00,     0.00,    26.42,     5.58,    15.68,     0.00,     0.00,     0.00,     0.00,     0.00,    39.65,     0.00,     0.00,     0.17,     0.00,     0.00,     0.00,     0.00,     0.00,     0.00,     0.06,     0.00,  -999.99
cty,03045,AR: Faulkner County,1987,09,PRCP,     0.00,     0.00,     0.00,     0.00,     0.00,     0.00,     0.00,     2.95,     0.00,     0.03,    13.24,     0.02,     7.01,     0.02,     8.87,    43.29,     0.58,     0.02,     9.58,     0.00,     0.00,     0.00,     0.00,     0.00,     0.00,     0.00,     0.00,     0.02,    21.40,     0.00,  -999.99
cty,03047,AR: Franklin County,1987,09,PRCP,     0.00,     0.00,     0.00,     0.00,     0.00,     0.00,     0.00,     0.88,     0.00,     5.43,     2.70,     0.00,     6.30,     0.00,     3.53,    39.98,     0.00,     0.00,     8.30,     0.00,     0.00,     0.01,     0.00,     0.00,     0.00,     0.00,     0.00,     0.08,    23.10,     0.00,  -999.99
cty,03049,AR: Fulton County,1987,09,PRCP,     0.00,     0.00,     0.00,     0.00,     0.00,     0.00,     0.00,     2.72,     0.00,     0.35,     4.17,     0.00,     3.51,     0.00,     5.55,    16.32,     0.25,     0.02,     1.70,     0.00,     0.00,     0.00,     0.00,     0.00,     0.00,     0.00,     0.00,     0.00,     8.26,     0.00,  -999.99
cty,03051,AR: Garland County,1987,09,PRCP,     2.20,     0.00,     0.00,     0.00,     0.00,     0.00,     0.00,     3.16,     0.66,     0.00,     9.75,     0.02,     5.50,     0.00,     5.96,    77.13,     0.03,     0.00,    21.53,     0.00,     0.00,     0.27,     0.00,     0.00,     0.00,     0.00,     0.00,     0.03,    22.94,     0.00,  -999.99
cty,03053,AR: Grant County,1987,09,PRCP,     0.00,     0.00,     0.00,     0.00,     0.00,     0.00,     0.00,     0.00,     1.42,     0.00,    11.19,     0.19,     9.90,     0.00,     0.00,    37.94,     0.00,     0.00,    23.46,     0.00,     0.00,     0.00,     0.00,     0.00,     0.00,     0.00,     0.00,     0.00,    14.37,     0.00,  -999.99
cty,03055,AR: Greene County,1987,09,PRCP,     0.00,     0.00,     0.00,     0.00,     0.00,     0.00,     0.00,     2.28,     0.00,     0.00,     7.85,     0.00,     2.85,     0.00,     0.00,    27.64,     2.98,     0.00,     2.08,     0.00,     0.00,     0.00,     0.00,     0.00,     0.00,     0.00,     0.00,     0.00,    13.84,     0.00,  -999.99
cty,03057,AR: Hempstead County,1987,09,PRCP,     3.08,     0.00,     0.00,     0.00,     0.00,     0.00,     0.00,     1.68,     0.00,     0.00,     0.00,     0.00,     0.00,     0.00,     2.11,    42.38,     0.00,     0.00,    38.78,     0.00,     0.00,     0.08,     0.00,     0.00,     0.00,     0.00,     0.00,     0.00,    10.75,     0.00,  -999.99
cty,03059,AR: Hot Spring County,1987,09,PRCP,     1.66,     0.00,     0.00,     0.00,     0.00,     0.00,     0.00,     0.89,     0.00,     0.00,     9.93,     0.00,     4.20,     0.00,     0.61,    70.74,     0.00,     0.00,    30.49,     0.01,     0.00,     0.20,     0.00,     0.00,     0.00,     0.00,     0.00,     0.00,    20.86,     0.00,  -999.99
cty,03061,AR: Howard County,1987,09,PRCP,     4.99,     0.00,     0.00,     0.00,     0.00,     0.00,     0.01,     3.25,     0.04,     0.68,     0.07,     0.00,     0.00,     0.00,     5.76,    55.53,     0.01,     0.03,    28.27,     0.00,     0.00,     0.12,     0.00,     0.00,     0.00,     0.00,     0.00,     0.02,    11.92,     0.00,  -999.99
cty,03063,AR: Independence County,1987,09,PRCP,     0.00,     0.00,     0.00,     0.00,     0.00,     0.00,     0.00,     2.39,     0.00,     0.00,    10.11,     0.00,     2.37,     0.00,     3.38,    33.64,     2.49,     0.00,     4.15,     0.00,     0.00,     0.00,     0.00,     0.00,     0.00,     0.00,     0.00,     0.00,    13.95,     0.00,  -999.99
cty,03065,AR: Izard County,1987,09,PRCP,     0.00,     0.00,     0.00,     0.00,     0.00,     0.00,     0.00,     1.81,     0.00,     0.00,     4.35,     0.00,     2.26,     0.00,     4.75,    15.47,     0.10,     0.00,     1.97,     0.00,     0.00,     0.00,     0.00,     0.00,     0.00,     0.00,     0.00,     0.00,     7.39,     0.00,  -999.99
cty,03067,AR: Jackson County,1987,09,PRCP,     0.00,     0.00,     0.00,     0.00,     0.00,     0.00,     0.00,     2.51,     0.00,     0.00,    10.77,     0.00,     2.50,     0.00,     0.96,    29.96,     3.28,     0.00,     4.60,     0.00,     0.00,     0.00,     0.00,     0.00,     0.00,     0.00,     0.00,     0.00,    13.36,     0.00,  -999.99
cty,03069,AR: Jefferson County,1987,09,PRCP,     0.00,     0.00,     0.00,     0.00,     0.00,     0.00,     0.00,     0.00,     0.49,     0.00,    18.59,     2.62,    14.22,     0.00,     0.00,    20.68,     0.00,     0.00,    25.07,     0.00,     0.00,     0.00,     0.00,     0.00,     0.00,     0.00,     0.00,     0.00,    10.39,     0.00,  -999.99
cty,03071,AR: Johnson County,1987,09,PRCP,     0.04,     0.00,     0.00,     0.00,     0.00,     0.00,     0.00,     1.23,     0.04,     2.96,     4.24,     0.09,     5.81,     0.00,     7.11,    40.56,     0.00,     0.00,     6.95,     0.00,     0.02,     0.00,     0.00,     0.00,     0.00,     0.00,     0.00,     0.00,    23.88,     0.00,  -999.99
cty,03073,AR: Lafayette County,1987,09,PRCP,     0.00,     0.00,     0.00,     0.00,     0.00,     0.00,     0.00,     0.00,     0.00,     0.00,     2.13,     2.17,     0.00,     0.00,     0.00,    13.33,     0.00,     0.00,    24.01,     0.00,     0.00,     0.00,     0.00,     0.00,     0.00,     0.00,     0.00,     0.00,     5.74,     0.00,  -999.99
cty,03075,AR: Lawrence County,1987,09,PRCP,     0.00,     0.00,     0.00,     0.00,     0.00,     0.00,     0.00,     2.47,     0.00,     0.12,     7.81,     0.00,     2.66,     0.00,     1.12,    31.08,     2.53,     0.08,     2.49,     0.00,     0.00,     0.00,     0.00,     0.00,     0.00,     0.00,     0.00,     0.00,    13.10,     0.00,  -999.99
cty,03077,AR: Lee County,1987,09,PRCP,     0.00,     0.00,     0.00,     0.00,     0.00,     0.00,     0.00,     2.68,     0.00,     0.00,    16.69,     2.01,     6.77,     0.00,     0.00,     7.14,     0.00,     0.00,    11.96,     0.00,     0.00,     0.00,     0.00,     0.00,     0.00,     0.00,     0.00,     0.00,     6.13,     0.00,  -999.99
cty,03079,AR: Lincoln County,1987,09,PRCP,     0.00,     0.00,     0.00,     0.00,     0.00,     0.00,     0.00,     0.00,     0.11,     0.00,    30.19,     4.99,    22.45,     0.00,     0.00,     3.12,     0.00,     0.00,    40.87,     0.00,     0.00,     0.13,     0.00,     0.00,     0.00,     0.00,     0.00,     0.00,     4.41,     0.00,  -999.99
cty,03081,AR: Little River County,1987,09,PRCP,     2.02,     0.01,     0.00,     0.00,     0.00,     0.00,     0.04,     0.45,     0.02,     0.00,     0.00,     0.00,     0.14,     0.14,     7.63,    29.99,     0.01,     1.36,    27.31,     0.00,     0.00,     0.07,     0.00,     0.00,     0.00,     0.00,     0.00,     0.06,     7.18,     0.00,  -999.99
cty,03083,AR: Logan County,1987,09,PRCP,     1.03,     0.00,     0.00,     0.00,     0.00,     0.00,     0.00,     2.28,     0.00,     7.19,     5.78,     0.00,     4.18,     0.00,     5.93,    38.34,     0.01,     0.00,     9.91,     0.00,     0.00,     0.03,     0.00,     0.00,     0.00,     0.00,     0.00,     0.26,    19.90,     0.00,  -999.99
cty,03085,AR: Lonoke County,1987,09,PRCP,     0.00,     0.00,     0.00,     0.00,     0.00,     0.00,     0.00,     0.00,     0.00,     0.00,    22.58,     0.55,    11.90,     0.00,     0.70,    41.96,     1.87,     0.00,    19.49,     0.00,     0.00,     0.00,     0.00,     0.00,     0.00,     0.00,     0.00,     0.00,    20.34,     0.00,  -999.99
cty,03087,AR: Madison County,1987,09,PRCP,     0.00,     0.00,     0.00,     0.00,     0.00,     0.00,     0.00,     2.32,     0.00,     7.39,     2.93,     0.00,    12.89,     0.00,     4.65,    42.49,     0.00,     0.00,     6.84,     0.00,     0.00,     0.00,     0.00,     0.00,     0.00,     0.00,     0.00,     0.00,    21.31,     0.00,  -999.99
cty,03089,AR: Marion County,1987,09,PRCP,     0.00,     0.00,     0.00,     0.00,     0.00,     0.00,     0.00,     4.28,     0.00,     0.43,     6.87,     0.00,    10.87,     0.00,    40.21,    31.53,     0.00,     0.00,     4.83,     0.00,     0.00,     0.00,     0.00,     0.00,     0.00,     0.00,     0.00,     0.00,    16.87,     0.00,  -999.99
cty,03091,AR: Miller County,1987,09,PRCP,     0.00,     0.00,     0.00,     0.00,     0.00,     0.00,     0.00,     0.00,     0.00,     0.00,     2.89,     1.17,     0.00,     0.00,     2.04,    22.09,     0.00,     0.00,    28.81,     0.00,     0.00,     0.00,     0.00,     0.00,     0.00,     0.00,     0.00,     0.00,     8.05,     0.00,  -999.99
cty,03093,AR: Mississippi County,1987,09,PRCP,     0.00,     0.00,     0.00,     0.00,     0.00,     0.00,     0.00,     3.63,     0.00,     0.00,    11.08,     0.00,     4.36,     0.00,     0.00,    21.45,     4.50,     0.00,     4.42,     0.00,     0.00,     0.00,     0.00,     0.00,     0.00,     0.00,     0.00,     0.00,    16.43,     0.01,  -999.99
cty,03095,AR: Monroe County,1987,09,PRCP,     0.00,     0.00,     0.00,     0.00,     0.00,     0.00,     0.00,     0.14,     0.00,     0.06,    16.70,     1.96,     8.17,     0.00,     0.02,     9.34,     0.91,     0.04,    13.11,     0.00,     0.00,     0.00,     0.00,     0.00,     0.00,     0.00,     0.00,     0.00,     7.00,     0.00,  -999.99
cty,03097,AR: Montgomery County,1987,09,PRCP,     5.30,     0.00,     0.00,     0.00,     0.00,     0.00,     0.15,     4.00,     0.25,     3.24,     7.27,     0.00,     1.23,     0.00,     7.01,    74.13,     0.02,     0.05,    22.97,     0.00,     0.00,     0.00,     0.00,     0.00,     0.00,     0.00,     0.00,     0.07,    19.42,     0.00,  -999.99
cty,03099,AR: Nevada County,1987,09,PRCP,     0.69,     0.00,     0.00,     0.00,     0.00,     0.00,     0.00,     1.06,     0.00,     0.00,     0.08,     0.50,     0.00,     0.00,     0.00,    25.87,     0.00,     0.00,    33.61,     0.00,     0.00,     0.02,     0.00,     0.00,     0.00,     0.00,     0.00,     0.00,     7.93,     0.00,  -999.99
cty,03101,AR: Newton County,1987,09,PRCP,     0.00,     0.00,     0.00,     0.00,     0.00,     0.00,     0.00,     2.74,     0.02,     3.60,     5.17,     0.00,    10.09,     0.00,    15.24,    34.34,     0.00,     0.00,     5.50,     0.00,     0.00,     0.01,     0.00,     0.00,     0.00,     0.00,     0.00,     0.00,    17.72,     0.00,  -999.99
cty,03103,AR: Ouachita County,1987,09,PRCP,     0.00,     0.00,     0.00,     0.00,     0.00,     0.00,     0.00,     0.00,     0.70,     0.00,     5.03,     3.29,     0.00,     0.00,     0.00,    14.94,     0.00,     0.00,    32.76,     0.00,     0.00,     0.00,     0.00,     0.00,     0.00,     0.00,     0.00,     0.00,     5.95,     0.00,  -999.99
cty,03105,AR: Perry County,1987,09,PRCP,     0.09,     0.00,     0.00,     0.00,     0.00,     0.00,     0.00,     2.92,     0.99,     0.00,    10.43,     0.00,     6.38,     0.00,     8.67,    43.80,     0.76,     0.00,    11.48,     0.00,     0.00,     0.07,     0.00,     0.00,     0.00,     0.00,     0.00,     0.00,    19.43,     0.00,  -999.99
cty,03107,AR: Phillips County,1987,09,PRCP,     0.00,     0.00,     0.00,     0.00,     0.00,     0.00,     0.00,     0.21,     0.00,     0.00,    13.24,     1.64,     7.92,     0.00,     0.00,     0.99,     0.00,     0.00,    11.28,     0.00,     0.00,     0.00,     0.00,     0.00,     0.00,     0.00,     0.00,     0.00,     2.04,     0.00,  -999.99
cty,03109,AR: Pike County,1987,09,PRCP,     4.70,     0.00,     0.00,     0.00,     0.00,     0.00,     0.00,     2.82,     0.05,     0.00,     0.27,     0.00,     0.00,     0.00,     3.20,    54.35,     0.00,     0.00,    23.79,     0.00,     0.00,     0.07,     0.00,     0.00,     0.00,     0.00,     0.00,     0.00,    11.76,     0.00,  -999.99
cty,03111,AR: Poinsett County,1987,09,PRCP,     0.00,     0.00,     0.00,     0.00,     0.00,     0.00,     0.00,     3.36,     0.00,     0.00,    11.03,     0.00,     3.19,     0.00,     0.00,    22.59,     3.02,     0.00,     4.82,     0.00,     0.00,     0.00,     0.00,     0.00,     0.00,     0.00,     0.00,     0.00,    12.56,     0.00,  -999.99
cty,03113,AR: Polk County,1987,09,PRCP,     4.93,     0.00,     0.00,     0.00,     0.00,     0.00,     0.00,     3.42,     0.33,     7.61,     2.81,     0.00,     1.68,     0.00,     7.34,    59.59,     0.03,     0.00,    25.00,     0.02,     0.00,     0.00,     0.00,     0.00,     0.00,     0.00,     0.00,     0.29,    14.42,     0.00,  -999.99
cty,03115,AR: Pope County,1987,09,PRCP,     0.00,     1.39,     0.00,     0.00,     0.00,     0.00,     0.00,     2.11,     0.00,     1.52,     7.67,     0.00,     6.04,     0.11,    13.56,    41.08,     0.09,     0.00,     7.75,     0.00,     0.00,     0.00,     0.00,     0.00,     0.00,     0.00,     0.00,     0.00,    24.10,     0.00,  -999.99
cty,03117,AR: Prairie County,1987,09,PRCP,     0.00,     0.01,     0.00,     0.00,     0.00,     0.00,     0.00,     0.00,     0.00,     0.00,    16.85,     0.88,     6.74,     0.00,     0.00,    21.79,     3.78,     0.00,    11.62,     0.00,     0.00,     0.00,     0.00,     0.00,     0.00,     0.00,     0.00,     0.00,    11.67,     0.00,  -999.99
cty,03119,AR: Pulaski County,1987,09,PRCP,     0.11,     0.00,     0.00,     0.00,     0.00,     0.00,     0.00,     0.74,     0.00,     0.00,    19.59,     0.02,    12.77,     0.00,     3.70,    59.09,     0.03,     0.00,    20.91,     0.00,     0.00,     0.02,     0.00,     0.00,     0.00,     0.00,     0.00,     0.00,    25.80,     0.00,  -999.99
cty,03121,AR: Randolph County,1987,09,PRCP,     0.00,     0.00,     0.00,     0.00,     0.00,     0.00,     0.00,     2.77,     0.00,     0.00,     7.13,     0.00,     3.93,     0.00,     0.79,    28.77,     2.39,     0.00,     1.68,     0.00,     0.00,     0.00,     0.00,     0.00,     0.00,     0.00,     0.00,     0.00,    13.06,     0.00,  -999.99
cty,03123,AR: St. Francis County,1987,09,PRCP,     0.00,     0.00,     0.00,     0.00,     0.00,     0.00,     0.00,     2.88,     0.00,     0.00,    12.32,     1.18,     4.12,     0.00,     0.00,     9.12,     1.30,     0.00,     7.89,     0.00,     0.00,     0.00,     0.00,     0.00,     0.00,     0.00,     0.00,     0.00,     7.02,     0.00,  -999.99
cty,03125,AR: Saline County,1987,09,PRCP,     0.12,     0.00,     0.00,     0.00,     0.00,     0.00,     0.00,     1.44,     0.73,     0.02,    14.71,     0.05,    10.55,     0.00,     4.17,    67.38,     0.07,     0.00,    22.12,     0.00,     0.00,     0.13,     0.00,     0.00,     0.00,     0.00,     0.00,     0.00,    24.69,     0.00,  -999.99
cty,03127,AR: Scott County,1987,09,PRCP,     3.97,     0.00,     0.00,     0.00,     0.00,     0.00,     0.00,     2.32,     0.00,    10.87,     4.92,     0.00,     1.32,     0.00,     4.46,    40.23,     0.00,     0.00,    14.55,     0.00,     0.00,     0.00,     0.00,     0.00,     0.00,     0.00,     0.00,     1.19,    14.06,     0.00,  -999.99
cty,03129,AR: Searcy County,1987,09,PRCP,     0.00,     0.00,     0.00,     0.00,     0.00,     0.00,     0.00,     3.59,     0.00,     0.83,     9.21,     0.00,    10.58,     0.00,    32.61,    33.70,     0.00,     0.00,     6.36,     0.00,     0.00,     0.00,     0.00,     0.00,     0.00,     0.00,     0.00,     0.00,    18.38,     0.00,  -999.99
cty,03131,AR: Sebastian County,1987,09,PRCP,     1.41,     0.00,     0.00,     0.00,     0.00,     0.00,     0.00,     0.53,     0.00,    11.62,     0.87,     0.00,     3.15,     0.00,     2.92,    31.02,     0.00,     0.14,    11.04,     0.00,     0.00,     0.00,     0.00,     0.00,     0.00,     0.00,     0.00,     2.52,    14.15,     0.00,  -999.99
cty,03133,AR: Sevier County,1987,09,PRCP,     4.67,     0.01,     0.00,     0.00,     0.00,     0.00,     0.00,     3.05,     0.53,     0.47,     0.00,     0.00,     0.13,     0.06,     9.19,    48.30,     0.01,     0.21,    31.40,     0.00,     0.00,     0.01,     0.00,     0.00,     0.00,     0.00,     0.00,     0.00,    10.02,     0.00,  -999.99
cty,03135,AR: Sharp County,1987,09,PRCP,     0.00,     0.00,     0.00,     0.00,     0.00,     0.00,     0.00,     2.53,     0.00,     0.03,     6.08,     0.00,     2.88,     0.00,     2.73,    23.98,     1.76,     0.01,     2.14,     0.00,     0.00,     0.00,     0.00,     0.00,     0.00,     0.00,     0.00,     0.00,    10.34,     0.00,  -999.99
cty,03137,AR: Stone County,1987,09,PRCP,     0.00,     0.00,     0.00,     0.00,     0.00,     0.00,     0.00,     2.20,     0.00,     0.00,     6.78,     0.00,     3.46,     0.00,    10.26,    21.39,     0.06,     0.00,     3.55,     0.00,     0.00,     0.00,     0.00,     0.00,     0.00,     0.00,     0.00,     0.00,    10.52,     0.00,  -999.99
cty,03139,AR: Union County,1987,09,PRCP,     0.00,     0.00,     0.00,     0.00,     0.00,     0.00,     0.00,     0.00,     0.68,     0.00,     7.48,     4.77,     0.00,     0.00,     0.00,     3.30,     0.00,     0.00,    26.94,     0.00,     0.00,     0.00,     0.00,     0.00,     0.00,     0.00,     0.00,     0.00,     1.95,     0.00,  -999.99
cty,03141,AR: Van Buren County,1987,09,PRCP,     0.00,     0.00,     0.00,     0.00,     0.00,     0.00,     0.00,     3.10,     0.00,     0.10,    10.00,     0.00,     5.43,     0.00,    19.33,    38.86,     0.00,     0.00,     6.42,     0.00,     0.00,     0.00,     0.00,     0.00,     0.00,     0.00,     0.00,     0.00,    20.37,     0.00,  -999.99
cty,03143,AR: Washington County,1987,09,PRCP,     0.00,     0.00,     0.00,     0.00,     0.00,     0.00,     0.25,     2.06,     0.00,    12.17,     0.16,     0.04,    13.95,     0.00,     2.15,    48.60,     0.00,     0.00,     9.30,     0.00,     0.02,     0.01,     0.00,     0.00,     0.00,     0.00,     0.00,     1.12,    26.13,     0.00,  -999.99
cty,03145,AR: White County,1987,09,PRCP,     0.02,     0.00,     0.00,     0.00,     0.00,     0.00,     0.00,     1.82,     0.04,     0.05,    15.31,     0.00,     4.08,     0.00,     3.55,    37.41,     4.09,     0.05,     8.03,     0.00,     0.00,     0.00,     0.00,     0.00,     0.00,     0.00,     0.00,     0.00,    17.36,     0.01,  -999.99
cty,03147,AR: Woodruff County,1987,09,PRCP,     0.00,     0.00,     0.00,     0.00,     0.00,     0.00,     0.00,     1.96,     0.05,     0.00,    16.00,     0.00,     4.29,     0.00,     0.00,    24.84,     5.07,     0.00,     8.69,     0.00,     0.00,     0.00,     0.00,     0.00,     0.00,     0.00,     0.00,     0.00,    13.40,     0.00,  -999.99
cty,03149,AR: Yell County,1987,09,PRCP,     1.11,     0.00,     0.00,     0.00,     0.00,     0.00,     0.01,     3.05,     0.02,     3.55,     8.38,     0.00,     4.17,     0.00,     8.77,    45.00,     0.84,     0.00,    11.44,     0.00,     0.00,     0.00,     0.00,     0.00,     0.00,     0.00,     0.00,     0.00,    20.02,     0.00,  -999.99
cty,04001,CA: Alameda County,1987,09,PRCP,     0.00,     0.00,     0.00,     0.00,     0.00,     0.00,     0.00,     0.00,     0.00,     0.00,     0.00,     0.00,     0.00,     0.00,     0.00,     0.00,     0.00,     0.00,     0.00,     0.00,     0.00,     0.00,     0.00,     0.00,     0.00,     0.00,     0.00,     0.00,     0.00,     0.00,  -999.99
cty,04003,CA: Alpine County,1987,09,PRCP,     0.07,     0.17,     0.00,     0.00,     0.00,     0.00,     0.00,     0.00,     0.00,     0.00,     0.00,     0.04,     0.06,     0.00,     0.00,     0.00,     0.00,     0.00,     0.00,     0.03,     0.00,     0.00,     0.00,     0.00,     0.00,     0.00,     0.00,     0.00,     0.00,     0.00,  -999.99
cty,04005,CA: Amador County,1987,09,PRCP,     0.03,     0.00,     0.00,     0.00,     0.00,     0.00,     0.00,     0.00,     0.00,     0.00,     0.00,     0.00,     0.00,     0.00,     0.00,     0.00,     0.00,     0.00,     0.00,     0.00,     0.00,     0.00,     0.00,     0.00,     0.00,     0.00,     0.00,     0.00,     0.00,     0.00,  -999.99
cty,04007,CA: Butte County,1987,09,PRCP,     0.00,     0.00,     0.00,     0.00,     0.00,     0.00,     0.00,     0.00,     0.00,     0.00,     0.00,     0.00,     0.00,     0.00,     0.00,     0.00,     0.00,     0.00,     0.00,     0.00,     0.00,     0.00,     0.00,     0.00,     0.00,     0.00,     0.00,     0.00,     0.00,     0.00,  -999.99
cty,04009,CA: Calaveras County,1987,09,PRCP,     0.00,     0.00,     0.00,     0.00,     0.00,     0.00,     0.00,     0.00,     0.00,     0.00,     0.00,     0.00,     0.00,     0.00,     0.00,     0.00,     0.00,     0.00,     0.00,     0.00,     0.00,     0.00,     0.00,     0.00,     0.00,     0.00,     0.00,     0.00,     0.00,     0.00,  -999.99
cty,04011,CA: Colusa County,1987,09,PRCP,     0.00,     0.00,     0.00,     0.00,     0.00,     0.00,     0.00,     0.00,     0.00,     0.00,     0.00,     0.00,     0.00,     0.00,     0.00,     0.00,     0.00,     0.00,     0.00,     0.00,     0.00,     0.00,     0.00,     0.00,     0.00,     0.00,     0.00,     0.00,     0.00,     0.00,  -999.99
cty,04013,CA: Contra Costa County,1987,09,PRCP,     0.00,     0.00,     0.00,     0.00,     0.00,     0.00,     0.00,     0.00,     0.00,     0.00,     0.00,     0.00,     0.00,     0.00,     0.00,     0.00,     0.00,     0.00,     0.00,     0.00,     0.00,     0.00,     0.00,     0.00,     0.00,     0.00,     0.00,     0.00,     0.00,     0.00,  -999.99
cty,04015,CA: Del Norte County,1987,09,PRCP,     0.00,     0.00,     0.00,     0.00,     0.00,     0.00,     0.00,     0.00,     0.00,     0.00,     0.00,     0.00,     0.00,     0.00,     0.02,     0.00,     0.00,     0.00,     0.00,     0.00,     0.00,     0.00,     0.00,     0.04,     0.00,     0.00,     0.00,     0.00,     0.00,     0.00,  -999.99
cty,04017,CA: El Dorado County,1987,09,PRCP,     0.07,     0.02,     0.00,     0.00,     0.00,     0.00,     0.00,     0.00,     0.00,     0.00,     0.00,     0.00,     0.00,     0.00,     0.00,     0.00,     0.00,     0.00,     0.00,     0.00,     0.00,     0.00,     0.00,     0.00,     0.00,     0.00,     0.00,     0.00,     0.00,     0.00,  -999.99
cty,04019,CA: Fresno County,1987,09,PRCP,     0.05,     0.26,     0.05,     0.01,     0.00,     0.00,     0.00,     0.00,     0.00,     0.00,     0.00,     0.00,     0.00,     0.00,     0.00,     0.00,     0.00,     0.00,     0.00,     0.00,     0.00,     0.00,     0.00,     0.00,     0.00,     0.00,     0.00,     0.00,     0.00,     0.00,  -999.99
cty,04021,CA: Glenn County,1987,09,PRCP,     0.00,     0.05,     0.00,     0.00,     0.00,     0.00,     0.00,     0.00,     0.00,     0.00,     0.00,     0.00,     0.00,     0.00,     0.00,     0.00,     0.00,     0.00,     0.00,     0.00,     0.00,     0.00,     0.00,     0.00,     0.00,     0.00,     0.00,     0.00,     0.00,     0.00,  -999.99
cty,04023,CA: Humboldt County,1987,09,PRCP,     0.00,     0.00,     0.00,     0.00,     0.00,     0.00,     0.00,     0.00,     0.00,     0.00,     0.00,     0.00,     0.00,     0.00,     0.00,     0.00,     0.00,     0.00,     0.00,     0.00,     0.00,     0.00,     0.00,     0.00,     0.00,     0.00,     0.00,     0.00,     0.00,     0.00,  -999.99
cty,04025,CA: Imperial County,1987,09,PRCP,     0.00,     0.00,     0.00,     0.00,     0.00,     0.00,     0.00,     0.00,     0.00,     0.00,     0.00,     0.00,     0.00,     0.00,     0.00,     0.00,     0.00,     0.00,     0.00,     0.00,     0.00,     1.71,     0.80,     0.00,     0.00,     0.35,     0.00,     0.00,     0.00,     0.00,  -999.99
cty,04027,CA: Inyo County,1987,09,PRCP,     0.03,     0.02,     0.06,     0.05,     0.00,     0.00,     0.00,     0.00,     0.00,     0.00,     0.00,     0.00,     0.00,     0.00,     0.00,     0.00,     0.00,     0.00,     0.00,     0.00,     0.00,     0.00,     2.03,     1.80,     0.00,     0.00,     0.00,     0.00,     0.00,     0.00,  -999.99
cty,04029,CA: Kern County,1987,09,PRCP,     0.00,     0.05,     0.08,     0.00,     0.00,     0.00,     0.00,     0.00,     0.00,     0.00,     0.00,     0.00,     0.00,     0.00,     0.00,     0.00,     0.00,     0.00,     0.00,     0.00,     0.00,     0.00,     0.91,     1.47,     0.00,     0.00,     0.00,     0.00,     0.00,     0.00,  -999.99
cty,04031,CA: Kings County,1987,09,PRCP,     0.00,     0.00,     0.00,     0.00,     0.00,     0.00,     0.00,     0.00,     0.00,     0.00,     0.00,     0.00,     0.00,     0.00,     0.00,     0.00,     0.00,     0.00,     0.00,     0.00,     0.00,     0.00,     0.00,     0.00,     0.00,     0.00,     0.00,     0.00,     0.00,     0.00,  -999.99
cty,04033,CA: Lake County,1987,09,PRCP,     0.00,     0.00,     0.01,     0.00,     0.00,     0.00,     0.00,     0.00,     0.00,     0.00,     0.00,     0.00,     0.00,     0.00,     0.00,     0.00,     0.00,     0.00,     0.00,     0.00,     0.00,     0.00,     0.00,     0.00,     0.00,     0.00,     0.00,     0.00,     0.00,     0.00,  -999.99
cty,04035,CA: Lassen County,1987,09,PRCP,     0.00,     0.00,     0.00,     0.00,     0.00,     0.00,     0.00,     0.00,     0.00,     0.00,     0.00,     0.00,     0.00,     0.00,     0.00,     0.00,     0.00,     0.00,     0.00,     0.00,     0.00,     0.00,     0.00,     0.00,     0.00,     0.00,     0.00,     0.00,     0.00,     0.00,  -999.99
cty,04037,CA: Los Angeles County,1987,09,PRCP,     0.00,     0.02,     0.00,     0.00,     0.00,     0.00,     0.00,     0.00,     0.00,     0.00,     0.00,     0.00,     0.00,     0.00,     0.00,     0.00,     0.00,     0.00,     0.00,     0.00,     0.00,     0.00,     2.27,     1.81,     0.00,     0.02,     0.00,     0.00,     0.00,     0.00,  -999.99
cty,04039,CA: Madera County,1987,09,PRCP,     0.09,     0.62,     0.02,     0.00,     0.00,     0.00,     0.00,     0.00,     0.00,     0.00,     0.00,     0.00,     0.00,     0.00,     0.00,     0.00,     0.00,     0.00,     0.00,     0.00,     0.00,     0.00,     0.00,     0.00,     0.00,     0.00,     0.00,     0.00,     0.00,     0.00,  -999.99
cty,04041,CA: Marin County,1987,09,PRCP,     0.00,     0.00,     0.00,     0.00,     0.00,     0.00,     0.00,     0.00,     0.00,     0.00,     0.00,     0.00,     0.00,     0.00,     0.00,     0.00,     0.00,     0.00,     0.00,     0.00,     0.00,     0.00,     0.00,     0.00,     0.00,     0.00,     0.00,     0.00,     0.00,     0.00,  -999.99
cty,04043,CA: Mariposa County,1987,09,PRCP,     0.06,     2.08,     0.12,     0.00,     0.00,     0.00,     0.00,     0.00,     0.00,     0.00,     0.00,     0.00,     0.00,     0.00,     0.00,     0.00,     0.00,     0.00,     0.00,     0.00,     0.00,     0.00,     0.00,     0.00,     0.00,     0.00,     0.00,     0.00,     0.00,     0.00,  -999.99
cty,04045,CA: Mendocino County,1987,09,PRCP,     0.00,     0.00,     0.00,     0.00,     0.00,     0.00,     0.00,     0.00,     0.00,     0.00,     0.00,     0.00,     0.00,     0.00,     0.00,     0.00,     0.00,     0.00,     0.00,     0.00,     0.00,     0.00,     0.00,     0.00,     0.00,     0.00,     0.00,     0.00,     0.00,     0.00,  -999.99
cty,04047,CA: Merced County,1987,09,PRCP,     0.00,     0.00,     0.00,     0.00,     0.00,     0.00,     0.00,     0.00,     0.00,     0.00,     0.00,     0.00,     0.00,     0.00,     0.00,     0.00,     0.00,     0.00,     0.00,     0.00,     0.00,     0.00,     0.00,     0.00,     0.00,     0.00,     0.00,     0.00,     0.00,     0.00,  -999.99
cty,04049,CA: Modoc County,1987,09,PRCP,     0.03,     0.00,     0.00,     0.00,     0.00,     0.00,     0.00,     0.00,     0.00,     0.00,     0.00,     0.00,     0.00,     0.00,     0.00,     0.00,     0.00,     0.00,     0.00,     0.00,     0.00,     0.00,     0.00,     0.00,     0.00,     0.00,     0.00,     0.00,     0.00,     0.00,  -999.99
cty,04051,CA: Mono County,1987,09,PRCP,     0.00,     0.01,     0.01,     0.01,     0.00,     0.00,     0.00,     0.00,     0.00,     0.00,     0.00,     0.00,     0.25,     0.00,     0.00,     0.00,     0.00,     0.00,     0.00,     0.00,     0.00,     0.00,     0.00,     0.00,     0.00,     0.00,     0.00,     0.00,     0.00,     0.00,  -999.99
cty,04053,CA: Monterey County,1987,09,PRCP,     0.00,     0.00,     0.00,     0.00,     0.00,     0.00,     0.00,     0.00,     0.00,     0.00,     0.00,     0.00,     0.00,     0.00,     0.00,     0.00,     0.00,     0.00,     0.00,     0.00,     0.00,     0.00,     0.00,     0.00,     0.00,     0.00,     0.00,     0.00,     0.00,     0.00,  -999.99
cty,04055,CA: Napa County,1987,09,PRCP,     0.00,     0.00,     0.00,     0.00,     0.00,     0.00,     0.00,     0.00,     0.00,     0.00,     0.00,     0.00,     0.00,     0.00,     0.00,     0.00,     0.00,     0.00,     0.00,     0.00,     0.00,     0.00,     0.00,     0.00,     0.00,     0.00,     0.00,     0.00,     0.00,     0.00,  -999.99
cty,04057,CA: Nevada County,1987,09,PRCP,     0.00,     0.00,     0.00,     0.00,     0.00,     0.00,     0.00,     0.00,     0.00,     0.00,     0.00,     0.00,     0.00,     0.00,     0.00,     0.00,     0.00,     0.00,     0.00,     0.00,     0.00,     0.00,     0.00,     0.00,     0.00,     0.00,     0.00,     0.00,     0.00,     0.00,  -999.99
cty,04059,CA: Orange County,1987,09,PRCP,     0.00,     0.00,     0.00,     0.00,     0.00,     0.00,     0.00,     0.00,     0.00,     0.00,     0.00,     0.00,     0.00,     0.00,     0.00,     0.00,     0.00,     0.00,     0.00,     0.00,     0.00,     0.00,     3.00,     0.14,     0.00,     0.00,     0.00,     0.00,     0.00,     0.00,  -999.99
cty,04061,CA: Placer County,1987,09,PRCP,     0.00,     0.00,     0.00,     0.00,     0.00,     0.00,     0.00,     0.00,     0.00,     0.00,     0.00,     0.00,     0.00,     0.00,     0.00,     0.00,     0.00,     0.00,     0.00,     0.00,     0.00,     0.00,     0.00,     0.00,     0.00,     0.00,     0.00,     0.00,     0.00,     0.00,  -999.99
cty,04063,CA: Plumas County,1987,09,PRCP,     0.00,     0.00,     0.00,     0.00,     0.00,     0.00,     0.00,     0.00,     0.00,     0.00,     0.00,     0.01,     0.00,     0.00,     0.00,     0.00,     0.00,     0.00,     0.00,     0.00,     0.00,     0.00,     0.00,     0.00,     0.00,     0.00,     0.00,     0.00,     0.00,     0.00,  -999.99
cty,04065,CA: Riverside County,1987,09,PRCP,     0.01,     0.00,     0.00,     0.01,     0.01,     0.00,     0.00,     0.00,     0.00,     0.00,     0.00,     0.00,     0.01,     0.00,     0.00,     0.00,     0.00,     0.00,     0.00,     0.00,     0.00,     0.08,     2.04,     0.76,     0.00,     0.18,     0.00,     0.00,     0.00,     0.00,  -999.99
cty,04067,CA: Sacramento County,1987,09,PRCP,     0.00,     0.00,     0.00,     0.00,     0.00,     0.00,     0.00,     0.00,     0.00,     0.00,     0.00,     0.00,     0.00,     0.00,     0.00,     0.00,     0.00,     0.00,     0.00,     0.00,     0.00,     0.00,     0.00,     0.00,     0.00,     0.00,     0.00,     0.00,     0.00,     0.00,  -999.99
cty,04069,CA: San Benito County,1987,09,PRCP,     0.00,     0.00,     0.00,     0.00,     0.00,     0.00,     0.00,     0.00,     0.00,     0.00,     0.00,     0.00,     0.00,     0.00,     0.00,     0.00,     0.00,     0.00,     0.00,     0.00,     0.00,     0.00,     0.00,     0.00,     0.00,     0.00,     0.00,     0.00,     0.00,     0.00,  -999.99
cty,04071,CA: San Bernardino County,1987,09,PRCP,     0.00,     0.00,     0.00,     0.00,     0.60,     0.00,     0.00,     0.00,     0.00,     0.00,     0.00,     0.00,     0.00,     0.00,     0.00,     0.00,     0.00,     0.00,     0.00,     0.00,     0.00,     0.00,     3.75,     1.72,     0.00,     0.02,     0.00,     0.00,     0.00,     0.00,  -999.99
cty,04073,CA: San Diego County,1987,09,PRCP,     0.01,     0.00,     0.12,     0.00,     0.00,     0.00,     0.00,     0.00,     0.00,     0.00,     0.00,     0.00,     0.15,     0.00,     0.00,     0.00,     0.00,     0.00,     0.00,     0.00,     0.00,     0.79,     6.72,     1.40,     0.00,     1.40,     0.00,     0.00,     0.00,     0.00,  -999.99
cty,04075,CA: San Francisco County,1987,09,PRCP,     0.00,     0.00,     0.00,     0.00,     0.00,     0.00,     0.00,     0.00,     0.00,     0.00,     0.00,     0.00,     0.00,     0.00,     0.00,     0.00,     0.00,     0.00,     0.00,     0.00,     0.00,     0.00,     0.00,     0.00,     0.00,     0.00,     0.00,     0.00,     0.00,     0.00,  -999.99
cty,04077,CA: San Joaquin County,1987,09,PRCP,     0.00,     0.00,     0.00,     0.00,     0.00,     0.00,     0.00,     0.00,     0.00,     0.00,     0.00,     0.00,     0.00,     0.00,     0.00,     0.00,     0.00,     0.00,     0.00,     0.00,     0.00,     0.00,     0.00,     0.00,     0.00,     0.00,     0.00,     0.00,     0.00,     0.00,  -999.99
cty,04079,CA: San Luis Obispo County,1987,09,PRCP,     0.00,     0.00,     0.00,     0.00,     0.00,     0.00,     0.00,     0.00,     0.00,     0.00,     0.00,     0.00,     0.00,     0.00,     0.00,     0.00,     0.00,     0.00,     0.00,     0.00,     0.00,     0.00,     0.00,     0.00,     0.00,     0.00,     0.00,     0.00,     0.00,     0.00,  -999.99
cty,04081,CA: San Mateo County,1987,09,PRCP,     0.00,     0.00,     0.00,     0.00,     0.00,     0.00,     0.00,     0.00,     0.00,     0.00,     0.00,     0.00,     0.00,     0.00,     0.00,     0.00,     0.00,     0.00,     0.00,     0.00,     0.00,     0.00,     0.00,     0.00,     0.00,     0.00,     0.00,     0.00,     0.00,     0.00,  -999.99
cty,04083,CA: Santa Barbara County,1987,09,PRCP,     0.00,     0.00,     0.00,     0.00,     0.00,     0.00,     0.00,     0.00,     0.00,     0.00,     0.00,     0.00,     0.00,     0.00,     0.00,     0.00,     0.00,     0.00,     0.00,     0.00,     0.00,     0.00,     0.00,     0.03,     0.00,     0.00,     0.00,     0.00,     0.00,     0.00,  -999.99
cty,04085,CA: Santa Clara County,1987,09,PRCP,     0.00,     0.00,     0.00,     0.00,     0.00,     0.00,     0.00,     0.00,     0.00,     0.00,     0.00,     0.00,     0.00,     0.00,     0.00,     0.00,     0.00,     0.00,     0.00,     0.00,     0.00,     0.00,     0.00,     0.00,     0.00,     0.00,     0.00,     0.00,     0.00,     0.00,  -999.99
cty,04087,CA: Santa Cruz County,1987,09,PRCP,     0.00,     0.00,     0.00,     0.00,     0.00,     0.00,     0.00,     0.00,     0.00,     0.00,     0.00,     0.00,     0.00,     0.00,     0.00,     0.00,     0.00,     0.00,     0.00,     0.00,     0.00,     0.00,     0.00,     0.00,     0.00,     0.00,     0.00,     0.00,     0.00,     0.00,  -999.99
cty,04089,CA: Shasta County,1987,09,PRCP,     0.00,     0.00,     0.00,     0.00,     0.00,     0.00,     0.00,     0.00,     0.00,     0.00,     0.00,     0.00,     0.33,     0.00,     0.00,     0.00,     0.00,     0.00,     0.00,     0.00,     0.00,     0.00,     0.00,     0.00,     0.00,     0.00,     0.00,     0.00,     0.00,     0.00,  -999.99
cty,04091,CA: Sierra County,1987,09,PRCP,     0.00,     0.00,     0.00,     0.00,     0.00,     0.00,     0.00,     0.00,     0.00,     0.00,     0.00,     0.00,     0.00,     0.00,     0.00,     0.00,     0.00,     0.00,     0.00,     0.00,     0.00,     0.00,     0.00,     0.00,     0.00,     0.00,     0.00,     0.00,     0.00,     0.00,  -999.99
cty,04093,CA: Siskiyou County,1987,09,PRCP,     0.28,     0.00,     0.00,     0.00,     0.00,     0.00,     0.00,     0.00,     0.00,     0.00,     0.00,     0.00,     0.00,     0.00,     0.00,     0.00,     0.00,     0.00,     0.00,     0.00,     0.00,     0.00,     0.00,     0.00,     0.00,     0.00,     0.00,     0.00,     0.00,     0.00,  -999.99
cty,04095,CA: Solano County,1987,09,PRCP,     0.00,     0.00,     0.00,     0.00,     0.00,     0.00,     0.00,     0.00,     0.00,     0.00,     0.00,     0.00,     0.00,     0.00,     0.00,     0.00,     0.00,     0.00,     0.00,     0.00,     0.00,     0.00,     0.00,     0.00,     0.00,     0.00,     0.00,     0.00,     0.00,     0.00,  -999.99
cty,04097,CA: Sonoma County,1987,09,PRCP,     0.00,     0.00,     0.00,     0.00,     0.00,     0.00,     0.00,     0.00,     0.00,     0.00,     0.00,     0.00,     0.00,     0.00,     0.00,     0.00,     0.00,     0.00,     0.00,     0.00,     0.00,     0.00,     0.00,     0.00,     0.00,     0.00,     0.00,     0.00,     0.00,     0.00,  -999.99
cty,04099,CA: Stanislaus County,1987,09,PRCP,     0.00,     0.00,     0.00,     0.00,     0.00,     0.00,     0.00,     0.00,     0.00,     0.00,     0.00,     0.00,     0.00,     0.00,     0.00,     0.00,     0.00,     0.00,     0.00,     0.00,     0.00,     0.00,     0.00,     0.00,     0.00,     0.00,     0.00,     0.00,     0.00,     0.00,  -999.99
cty,04101,CA: Sutter County,1987,09,PRCP,     0.00,     0.00,     0.00,     0.00,     0.00,     0.00,     0.00,     0.00,     0.00,     0.00,     0.00,     0.00,     0.00,     0.00,     0.00,     0.00,     0.00,     0.00,     0.00,     0.00,     0.00,     0.00,     0.00,     0.00,     0.00,     0.00,     0.00,     0.00,     0.00,     0.00,  -999.99
cty,04103,CA: Tehama County,1987,09,PRCP,     0.07,     0.00,     0.00,     0.00,     0.00,     0.00,     0.00,     0.00,     0.00,     0.00,     0.00,     0.00,     0.00,     0.00,     0.00,     0.00,     0.00,     0.00,     0.00,     0.00,     0.00,     0.00,     0.00,     0.00,     0.00,     0.00,     0.00,     0.00,     0.00,     0.00,  -999.99
cty,04105,CA: Trinity County,1987,09,PRCP,     0.00,     0.00,     0.00,     0.00,     0.00,     0.00,     0.00,     0.00,     0.00,     0.00,     0.00,     0.00,     0.00,     0.00,     0.00,     0.00,     0.00,     0.00,     0.00,     0.00,     0.00,     0.00,     0.00,     0.00,     0.00,     0.00,     0.00,     0.00,     0.00,     0.00,  -999.99
cty,04107,CA: Tulare County,1987,09,PRCP,     0.09,     0.08,     0.06,     0.03,     0.00,     0.00,     0.00,     0.00,     0.00,     0.00,     0.00,     0.00,     0.00,     0.00,     0.00,     0.00,     0.00,     0.00,     0.00,     0.00,     0.00,     0.00,     0.00,     0.72,     0.00,     0.00,     0.00,     0.00,     0.00,     0.00,  -999.99
cty,04109,CA: Tuolumne County,1987,09,PRCP,     0.00,     0.31,     0.00,     0.00,     0.00,     0.00,     0.00,     0.00,     0.00,     0.00,     0.00,     0.00,     0.12,     0.00,     0.00,     0.00,     0.00,     0.00,     0.00,     0.00,     0.00,     0.00,     0.00,     0.00,     0.00,     0.00,     0.00,     0.00,     0.00,     0.00,  -999.99
cty,04111,CA: Ventura County,1987,09,PRCP,     0.00,     0.11,     0.00,     0.00,     0.00,     0.00,     0.00,     0.00,     0.00,     0.00,     0.00,     0.00,     0.00,     0.00,     0.00,     0.00,     0.00,     0.00,     0.00,     0.00,     0.00,     0.00,     0.09,     0.22,     0.00,     0.00,     0.00,     0.00,     0.00,     0.00,  -999.99
cty,04113,CA: Yolo County,1987,09,PRCP,     0.00,     0.00,     0.00,     0.00,     0.00,     0.00,     0.00,     0.00,     0.00,     0.00,     0.00,     0.00,     0.00,     0.00,     0.00,     0.00,     0.00,     0.00,     0.00,     0.00,     0.00,     0.00,     0.00,     0.00,     0.00,     0.00,     0.00,     0.00,     0.00,     0.00,  -999.99
cty,04115,CA: Yuba County,1987,09,PRCP,     0.00,     0.00,     0.00,     0.00,     0.00,     0.00,     0.00,     0.00,     0.00,     0.00,     0.00,     0.01,     0.00,     0.00,     0.00,     0.00,     0.00,     0.00,     0.00,     0.00,     0.00,     0.00,     0.00,     0.00,     0.00,     0.00,     0.00,     0.00,     0.00,     0.00,  -999.99
cty,05001,CO: Adams County,1987,09,PRCP,     0.00,     0.00,     0.00,     0.00,     3.59,     1.06,     0.00,     0.00,     0.00,     0.00,     1.96,     0.00,     0.00,     0.00,     7.25,     3.20,     4.72,     2.48,     0.00,     0.00,     0.00,     0.00,     0.00,     0.00,     0.00,     0.00,     0.00,     0.00,     0.00,     0.00,  -999.99
cty,05003,CO: Alamosa County,1987,09,PRCP,     0.00,     0.06,     0.00,     0.75,     0.05,     0.00,     0.38,     0.76,     0.00,     0.00,     0.00,     0.00,     0.07,     4.69,     0.21,     0.00,     0.00,     0.00,     0.00,     0.00,     0.00,     0.00,     0.00,     0.00,     1.02,     0.00,     0.12,     0.00,     0.00,     0.00,  -999.99
cty,05005,CO: Arapahoe County,1987,09,PRCP,     0.00,     0.00,     0.00,     0.00,     2.73,     0.77,     0.00,     0.00,     0.00,     0.00,     1.68,     0.00,     0.00,     0.35,     5.70,     3.44,     4.51,     2.73,     0.00,     0.00,     0.00,     0.00,     0.00,     0.00,     0.00,     0.00,     0.00,     0.00,     0.00,     0.00,  -999.99
cty,05007,CO: Archuleta County,1987,09,PRCP,     0.00,     0.00,     1.07,     0.05,     0.03,     0.00,     0.00,     2.83,     1.03,     0.28,     0.00,     0.00,     0.00,     6.84,     0.08,     0.00,     0.00,     0.00,     0.00,     0.00,     0.00,     0.00,     0.00,     0.00,     0.00,     0.99,     0.24,     0.01,     0.00,     0.00,  -999.99
cty,05009,CO: Baca County,1987,09,PRCP,     0.00,     0.00,     0.00,     0.00,     0.04,     5.77,     4.52,    15.07,     0.00,     0.00,     4.83,    17.73,     0.00,     0.00,     0.00,     0.00,     1.79,    14.95,     0.00,     0.00,     3.14,     0.00,     0.00,     0.00,     0.00,     0.00,     0.00,     0.26,     0.00,     0.00,  -999.99
cty,05011,CO: Bent County,1987,09,PRCP,     0.00,     0.00,     0.02,     0.00,     0.09,     1.62,     0.63,    11.65,     0.00,     0.00,     1.97,    10.31,     0.00,     0.00,     0.00,     0.65,     2.78,    11.23,     0.00,     0.00,     0.62,     0.00,     0.00,     0.00,     0.00,     0.00,     0.00,     0.00,     0.02,     0.00,  -999.99
cty,05013,CO: Boulder County,1987,09,PRCP,     0.00,     1.02,     0.47,     1.51,     1.17,     0.00,     0.00,     1.87,     0.00,     0.00,     0.01,     0.00,     0.00,     1.52,     6.94,     3.00,     5.11,     2.00,     0.00,     0.00,     0.00,     0.00,     0.00,     0.01,     0.00,     0.00,     0.00,     0.00,     0.00,     0.00,  -999.99
cty,05014,CO: Broomfield County,1987,09,PRCP,     0.00,     0.00,     0.00,     0.00,     2.48,     0.00,     0.00,     0.49,     0.00,     0.00,     0.00,     0.00,     0.00,     0.00,    11.11,     1.28,     6.09,     3.13,     0.00,     0.00,     0.00,     0.00,     0.00,     0.00,     0.00,     0.00,     0.00,     0.00,     0.00,     0.00,  -999.99
cty,05015,CO: Chaffee County,1987,09,PRCP,     0.05,     0.00,     1.00,     2.74,     0.00,     0.01,     0.14,     4.42,     0.00,     0.01,     0.01,     0.00,     0.00,     0.46,     1.62,     0.42,     0.01,     0.00,     0.00,     0.00,     0.00,     0.00,     0.00,     0.00,     0.00,     0.00,     0.00,     0.00,     0.00,     0.00,  -999.99
cty,05017,CO: Cheyenne County,1987,09,PRCP,     0.00,     0.00,     0.00,     0.00,     0.00,     0.00,     0.78,     7.34,     0.00,     0.00,     3.15,     2.42,     0.00,     0.00,     0.72,     3.48,     2.82,     7.25,     0.00,     0.00,     0.00,     0.00,     0.00,     0.00,     0.00,     0.00,     0.00,     0.00,     0.00,     0.00,  -999.99
cty,05019,CO: Clear Creek County,1987,09,PRCP,     0.00,     1.34,     0.39,     1.05,     0.16,     0.00,     0.00,     1.82,     0.00,     0.02,     0.00,     0.00,     0.02,     1.05,     9.08,     2.65,     4.27,     0.03,     0.00,     0.00,     0.00,     0.00,     0.00,     0.00,     0.00,     0.00,     0.00,     0.00,     0.00,     0.00,  -999.99
cty,05021,CO: Conejos County,1987,09,PRCP,     0.02,     0.11,     1.17,     0.21,     0.01,     0.00,     2.13,     2.97,     0.59,     0.00,     0.00,     0.00,     0.01,     2.40,     0.03,     0.00,     0.00,     0.00,     0.00,     0.00,     0.00,     0.00,     0.00,     0.00,     0.12,     0.11,     0.00,     0.00,     0.00,     0.00,  -999.99
cty,05023,CO: Costilla County,1987,09,PRCP,     0.00,     0.00,     0.19,     0.41,     0.16,     0.00,     0.79,     2.61,     0.00,     0.13,     0.00,     0.03,     0.04,     3.60,     0.93,     0.00,     0.00,     0.00,     0.00,     0.00,     0.00,     0.00,     0.00,     0.00,     1.09,     0.17,     0.03,     0.05,     0.00,     0.00,  -999.99
cty,05025,CO: Crowley County,1987,09,PRCP,     0.00,     0.00,     0.00,     0.00,     0.00,     0.00,     0.09,     7.77,     0.00,     0.00,     0.00,     0.84,     0.00,     0.00,     0.70,     0.30,     2.01,     4.90,     0.00,     0.00,     0.05,     0.00,     0.00,     0.00,     0.00,     0.00,     0.00,     0.00,     0.00,     0.00,  -999.99
cty,05027,CO: Custer County,1987,09,PRCP,     0.00,     0.00,     0.02,     0.08,     0.96,     0.00,     2.00,     3.74,     0.00,     0.00,     0.00,     0.01,     0.00,     2.29,     1.53,     0.00,     0.60,     0.11,     0.00,     0.00,     0.00,     0.00,     0.00,     0.00,     0.04,     0.21,     0.02,     0.00,     0.00,     0.00,  -999.99
cty,05029,CO: Delta County,1987,09,PRCP,     0.00,     1.59,     0.00,     1.07,     0.00,     0.00,     0.00,     0.45,     0.02,     0.00,     0.00,     0.02,     0.02,     6.99,     0.00,     0.00,     0.00,     0.01,     0.01,     0.00,     0.00,     0.00,     0.00,     0.00,     0.00,     0.00,     0.39,     0.16,     0.01,     0.00,  -999.99
cty,05031,CO: Denver County,1987,09,PRCP,     0.00,     0.00,     0.00,     0.00,     1.71,     0.51,     0.00,     0.00,     0.00,     0.00,     0.09,     0.00,     0.00,     0.00,     8.15,     1.10,     5.56,     3.00,     0.00,     0.00,     0.00,     0.00,     0.00,     0.00,     0.00,     0.00,     0.00,     0.00,     0.00,     0.00,  -999.99
cty,05033,CO: Dolores County,1987,09,PRCP,     0.00,     0.30,     0.30,     1.50,     0.24,     0.00,     0.00,     1.91,     0.00,     0.00,     0.00,     0.00,     0.00,    12.86,     0.46,     0.00,     0.00,     0.00,     0.00,     0.00,     0.00,     0.00,     0.00,     0.00,     0.20,     2.00,     0.00,     0.28,     0.00,     0.00,  -999.99
cty,05035,CO: Douglas County,1987,09,PRCP,     0.00,     0.00,     0.00,     0.01,     0.78,     0.00,     0.00,     0.42,     0.01,     0.00,     0.03,     0.09,     0.00,     3.40,     5.64,     3.76,     5.30,     3.25,     0.00,     0.00,     0.00,     0.00,     0.00,     0.00,     0.00,     0.00,     0.00,     0.00,     0.00,     0.00,  -999.99
cty,05037,CO: Eagle County,1987,09,PRCP,     0.00,     0.39,     0.03,     1.87,     0.27,     0.00,     0.00,     0.14,     0.00,     0.00,     0.00,     0.00,     0.00,     4.29,     4.80,     1.99,     3.73,     0.00,     0.00,     0.00,     0.00,     0.00,     0.00,     0.00,     0.00,     0.00,     0.00,     0.05,     0.00,     0.00,  -999.99
cty,05039,CO: Elbert County,1987,09,PRCP,     0.00,     0.00,     0.00,     0.00,     1.51,     0.31,     0.02,     0.86,     0.00,     0.00,     1.11,     0.18,     0.00,     0.00,     5.21,     3.27,     3.44,     3.24,     0.00,     0.00,     0.00,     0.00,     0.00,     0.00,     0.00,     0.00,     0.00,     0.07,     0.00,     0.00,  -999.99
cty,05041,CO: El Paso County,1987,09,PRCP,     0.00,     0.00,     0.07,     0.00,     0.54,     0.45,     0.02,     4.12,     0.00,     0.02,     0.93,     1.39,     0.00,     0.30,     4.89,     1.65,     0.73,     4.78,     0.00,     0.01,     0.01,     0.00,     0.00,     0.00,     0.00,     0.00,     0.00,     0.24,     0.00,     0.00,  -999.99
cty,05043,CO: Fremont County,1987,09,PRCP,     0.00,     0.00,     0.10,     0.73,     0.38,     0.00,     1.17,     7.39,     0.00,     0.11,     0.00,     1.25,     0.00,     0.59,     1.05,     0.00,     0.04,     0.91,     0.00,     0.00,     0.08,     0.00,     0.00,     0.00,     0.00,     0.00,     0.00,     0.00,     0.00,     0.00,  -999.99
cty,05045,CO: Garfield County,1987,09,PRCP,     0.03,     2.19,     0.04,     0.73,     0.01,     0.00,     0.00,     0.71,     0.00,     0.00,     0.00,     0.04,     0.00,     6.98,     0.29,     0.09,     0.52,     0.00,     0.00,     0.00,     0.00,     0.00,     0.02,     0.00,     0.00,     0.01,     0.00,     0.11,     0.00,     0.00,  -999.99
cty,05047,CO: Gilpin County,1987,09,PRCP,     0.00,     2.19,     0.55,     1.73,     0.37,     0.00,     0.00,     2.05,     0.00,     0.00,     0.00,     0.00,     0.00,     1.22,     7.88,     3.12,     5.16,     0.51,     0.00,     0.00,     0.00,     0.00,     0.00,     0.00,     0.00,     0.00,     0.00,     0.00,     0.00,     0.00,  -999.99
cty,05049,CO: Grand County,1987,09,PRCP,     0.00,     0.32,     0.01,     0.40,     0.42,     0.07,     0.00,     0.21,     0.00,     0.00,     0.00,     0.00,     0.01,     1.21,    12.25,     1.42,     3.30,     0.05,     0.00,     0.00,     0.00,     0.00,     0.04,     0.00,     0.00,     0.00,     0.00,     0.00,     0.00,     0.00,  -999.99
cty,05051,CO: Gunnison County,1987,09,PRCP,     0.00,     0.93,     0.18,     1.95,     0.09,     0.01,     0.00,     2.06,     0.07,     0.01,     0.01,     0.00,     0.01,     4.47,     1.57,     0.32,     0.10,     0.04,     0.01,     0.00,     0.00,     0.00,     0.00,     0.00,     0.00,     0.00,     0.00,     0.00,     0.00,     0.00,  -999.99
cty,05053,CO: Hinsdale County,1987,09,PRCP,     0.46,     0.43,     3.78,     1.55,     0.08,     0.01,     0.52,     5.70,     1.28,     0.02,     0.00,     0.01,     0.04,     5.35,     1.09,     0.02,     0.03,     0.00,     0.00,     0.01,     0.01,     0.00,     0.02,     0.03,     0.09,     0.76,     0.60,     0.27,     0.00,     0.00,  -999.99
cty,05055,CO: Huerfano County,1987,09,PRCP,     0.00,     0.00,     0.12,     0.04,     2.35,     1.65,     4.70,     6.38,     0.02,     0.02,     0.38,     0.00,     0.00,     0.11,     0.03,     0.00,     0.00,     3.29,     0.00,     0.00,     0.01,     0.00,     0.00,     0.00,     0.24,     0.95,     0.16,     0.77,     0.00,     0.00,  -999.99
cty,05057,CO: Jackson County,1987,09,PRCP,     0.00,     0.07,     0.00,     0.07,     3.59,     0.25,     0.00,     0.00,     0.00,     0.00,     0.00,     0.03,     0.08,     0.00,     6.27,     0.56,     6.88,     0.04,     0.00,     0.00,     0.00,     0.00,     0.00,     0.00,     0.00,     0.00,     0.00,     0.00,     0.00,     0.00,  -999.99
cty,05059,CO: Jefferson County,1987,09,PRCP,     0.00,     0.31,     0.11,     1.10,     1.48,     0.00,     0.06,     1.89,     0.02,     0.02,     0.08,     0.06,     0.00,     1.19,     3.60,     2.37,     3.60,     1.38,     0.00,     0.00,     0.00,     0.00,     0.00,     0.00,     0.00,     0.00,     0.00,     0.00,     0.00,     0.00,  -999.99
cty,05061,CO: Kiowa County,1987,09,PRCP,     0.00,     0.00,     0.00,     0.00,     0.00,     0.00,     1.72,    11.86,     0.00,     0.00,     2.75,    10.00,     0.00,     0.00,     0.16,     2.76,     3.13,    11.04,     0.00,     0.00,     0.34,     0.00,     0.00,     0.00,     0.00,     0.00,     0.00,     0.01,     0.00,     0.00,  -999.99
cty,05063,CO: Kit Carson County,1987,09,PRCP,     0.00,     0.00,     0.00,     0.00,     1.12,     0.00,     1.08,     0.46,     0.00,     0.00,     5.68,     0.00,     0.00,     0.00,     5.15,     7.49,     4.52,     7.47,     0.00,     0.00,     0.00,     0.00,     0.00,     0.00,     0.00,     0.00,     0.00,     0.00,     0.00,     0.00,  -999.99
cty,05065,CO: Lake County,1987,09,PRCP,     0.02,     0.70,     0.87,     2.27,     0.03,     0.00,     0.00,     2.95,     0.00,     0.00,     0.03,     0.00,     0.00,     2.57,     8.92,     3.08,     1.13,     0.00,     0.00,     0.00,     0.00,     0.00,     0.00,     0.00,     0.00,     0.00,     0.01,     0.19,     0.00,     0.00,  -999.99
cty,05067,CO: La Plata County,1987,09,PRCP,     0.01,     0.33,     1.39,     0.09,     0.00,     0.01,     0.00,     4.27,     1.62,     0.01,     0.00,     0.01,     0.00,     7.68,     0.00,     0.00,     0.00,     0.00,     0.00,     0.00,     0.00,     0.00,     0.00,     0.00,     0.00,     3.34,     0.89,     1.01,     0.00,     0.00,  -999.99
cty,05069,CO: Larimer County,1987,09,PRCP,     0.00,     0.66,     0.30,     0.59,     1.09,     0.00,     0.00,     0.69,     0.00,     0.01,     0.02,     0.01,     0.00,     0.63,     7.27,     2.83,     5.20,     0.86,     0.00,     0.00,     0.00,     0.00,     0.00,     0.00,     0.00,     0.00,     0.00,     0.00,     0.00,     0.01,  -999.99
cty,05071,CO: Las Animas County,1987,09,PRCP,     0.00,     0.00,     0.00,     0.00,     0.20,     5.13,     3.49,     6.72,     0.02,     0.27,     1.45,     3.81,     0.00,     0.01,     0.00,     0.00,     0.52,     7.10,     0.00,     0.01,     0.98,     0.00,     0.00,     0.00,     0.00,     0.17,     0.00,     0.25,     0.00,     0.00,  -999.99
cty,05073,CO: Lincoln County,1987,09,PRCP,     0.00,     0.00,     0.00,     0.00,     0.49,     0.03,     0.00,     4.72,     0.00,     0.07,     1.92,     0.09,     0.00,     0.02,     4.64,     3.98,     2.90,     4.59,     0.00,     0.00,     0.00,     0.00,     0.00,     0.00,     0.00,     0.00,     0.00,     0.00,     0.00,     0.00,  -999.99
cty,05075,CO: Logan County,1987,09,PRCP,     0.00,     0.00,     0.08,     0.43,     3.95,     0.00,     0.00,     0.00,     0.00,     0.00,     1.78,     0.01,     0.00,     0.00,     1.63,     5.91,     1.46,     1.60,     0.00,     0.00,     0.00,     0.00,     0.00,     0.00,     0.00,     0.00,     0.00,     0.00,     0.00,     0.00,  -999.99
cty,05077,CO: Mesa County,1987,09,PRCP,     0.00,     0.21,     0.06,     1.38,     0.00,     0.00,     0.00,     0.06,     0.00,     0.00,     0.00,     0.00,     0.00,     5.73,     0.09,     0.11,     0.68,     0.00,     0.00,     0.00,     0.00,     0.00,     0.00,     0.00,     0.00,     0.91,     0.02,     0.04,     0.00,     0.00,  -999.99
cty,05079,CO: Mineral County,1987,09,PRCP,     0.43,     0.16,     3.50,     1.10,     0.00,     0.00,     0.01,     6.76,     0.43,     0.00,     0.00,     0.04,     0.00,     5.21,     0.30,     0.00,     0.00,     0.00,     0.00,     0.00,     0.00,     0.01,     0.00,     0.00,     0.03,     0.18,     0.26,     0.00,     0.00,     0.00,  -999.99
cty,05081,CO: Moffat County,1987,09,PRCP,     0.00,     0.00,     0.00,     1.71,     2.52,     0.00,     0.25,     0.00,     0.00,     0.00,     0.00,     0.00,     0.00,     0.70,     0.11,     0.28,     3.48,     0.00,     0.00,     0.00,     0.00,     0.00,     0.00,     0.00,     0.00,     0.00,     0.00,     0.01,     0.00,     0.00,  -999.99
cty,05083,CO: Montezuma County,1987,09,PRCP,     0.00,     0.08,     0.04,     0.50,     0.00,     0.00,     0.00,     1.12,     0.01,     0.00,     0.00,     0.00,     0.00,     9.12,     0.00,     0.00,     0.00,     0.00,     0.00,     0.00,     0.00,     0.00,     0.00,     0.00,     0.04,     0.44,     0.06,     0.33,     0.00,     0.00,  -999.99
cty,05085,CO: Montrose County,1987,09,PRCP,     0.00,     0.07,     0.07,     0.73,     0.00,     0.08,     0.04,     0.01,     0.00,     0.07,     0.00,     0.00,     0.00,     6.92,     0.03,     0.00,     0.00,     0.00,     0.00,     0.00,     0.00,     0.00,     0.00,     0.00,     0.00,     1.73,     0.11,     0.00,     0.00,     0.00,  -999.99
cty,05087,CO: Morgan County,1987,09,PRCP,     0.00,     0.00,     0.00,     0.82,     4.78,     0.31,     0.00,     0.00,     0.00,     0.00,     2.14,     0.00,     0.00,     0.32,     2.98,     4.34,     2.62,     1.54,     0.00,     0.00,     0.00,     0.00,     0.00,     0.00,     0.00,     0.00,     0.00,     0.00,     0.00,     0.00,  -999.99
cty,05089,CO: Otero County,1987,09,PRCP,     0.00,     0.00,     0.06,     0.00,     0.06,     2.95,     1.07,     9.34,     0.00,     0.00,     0.52,     6.78,     0.00,     0.00,     0.00,     0.02,     2.50,     8.47,     0.00,     0.00,     0.04,     0.00,     0.00,     0.00,     0.00,     0.00,     0.00,     0.00,     0.07,     0.00,  -999.99
cty,05091,CO: Ouray County,1987,09,PRCP,     0.00,     1.82,     0.13,     1.11,     0.16,     0.00,     0.00,     0.73,     0.02,     0.02,     0.00,     0.00,     0.00,     4.45,     0.42,     0.00,     0.00,     0.00,     0.00,     0.00,     0.00,     0.00,     0.00,     0.00,     0.15,     0.00,     0.00,     0.36,     0.00,     0.00,  -999.99
cty,05093,CO: Park County,1987,09,PRCP,     0.00,     0.05,     0.20,     0.51,     0.04,     0.00,     0.00,     3.77,     0.00,     0.00,     0.00,     0.13,     0.00,     0.16,     4.83,     0.72,     0.62,     0.00,     0.00,     0.00,     0.00,     0.00,     0.00,     0.00,     0.00,     0.00,     0.00,     0.00,     0.00,     0.00,  -999.99
cty,05095,CO: Phillips County,1987,09,PRCP,     0.00,     0.00,     0.00,     0.00,     3.57,     0.00,     0.95,     0.00,     0.00,     0.00,     2.12,     1.96,     0.00,     0.16,     2.35,     6.69,     0.00,     3.03,     0.00,     0.00,     0.00,     0.00,     0.00,     0.00,     0.00,     0.00,     0.00,     0.00,     0.00,     0.00,  -999.99
cty,05097,CO: Pitkin County,1987,09,PRCP,     0.00,     0.07,     0.01,     2.19,     0.24,     0.00,     0.01,     0.84,     0.00,     0.00,     0.00,     0.00,     0.05,     4.85,     5.32,     3.30,     3.03,     0.01,     0.02,     0.00,     0.00,     0.00,     0.00,     0.00,     0.00,     0.00,     0.00,     0.00,     0.00,     0.00,  -999.99
cty,05099,CO: Prowers County,1987,09,PRCP,     0.00,     0.00,     0.00,     0.00,     0.00,     1.27,     5.24,    13.63,     0.00,     0.00,     4.45,    16.30,     0.00,     0.00,     0.00,     0.34,     2.85,    15.44,     0.00,     0.28,     0.61,     0.00,     0.00,     0.00,     0.00,     0.00,     0.00,     0.71,     0.00,     0.00,  -999.99
cty,05101,CO: Pueblo County,1987,09,PRCP,     0.00,     0.00,     0.01,     0.01,     0.47,     0.70,     2.07,     4.64,     0.00,     0.00,     0.54,     0.67,     0.00,     0.13,     0.78,     0.00,     0.25,     4.32,     0.00,     0.00,     0.02,     0.00,     0.00,     0.00,     0.00,     0.11,     0.00,     0.05,     0.00,     0.00,  -999.99
cty,05103,CO: Rio Blanco County,1987,09,PRCP,     0.00,     0.16,     0.00,     1.01,     0.04,     0.00,     0.08,     0.00,     0.00,     0.00,     0.00,     0.00,     0.00,     4.53,     0.13,     0.50,     3.63,     0.00,     0.00,     0.00,     0.00,     0.00,     0.00,     0.00,     0.00,     0.05,     0.00,     0.13,     0.00,     0.00,  -999.99
cty,05105,CO: Rio Grande County,1987,09,PRCP,     0.00,     0.48,     1.55,     0.55,     0.23,     0.03,     0.81,     4.09,     0.14,     0.00,     0.00,     0.00,     0.00,     3.74,     0.03,     0.00,     0.00,     0.00,     0.00,     0.00,     0.00,     0.00,     0.00,     0.00,     0.09,     0.00,     0.00,     0.03,     0.00,     0.00,  -999.99
cty,05107,CO: Routt County,1987,09,PRCP,     0.00,     0.10,     0.00,     0.47,     0.60,     0.06,     0.00,     0.00,     0.00,     0.00,     0.00,     0.00,     0.00,     0.73,     0.84,     0.62,     4.48,     0.14,     0.00,     0.00,     0.00,     0.00,     0.05,     0.00,     0.00,     0.00,     0.04,     0.00,     0.00,     0.00,  -999.99
cty,05109,CO: Saguache County,1987,09,PRCP,     0.06,     0.13,     1.53,     1.75,     0.02,     0.00,     0.02,     3.74,     0.04,     0.00,     0.00,     0.00,     0.00,     3.01,     0.87,     0.00,     0.04,     0.00,     0.00,     0.00,     0.00,     0.00,     0.00,     0.00,     0.08,     0.00,     0.02,     0.00,     0.00,     0.00,  -999.99
cty,05111,CO: San Juan County,1987,09,PRCP,     0.43,     2.54,     2.01,     1.88,     1.14,     0.01,     0.00,     8.49,     0.23,     0.00,     0.00,     0.02,     0.00,     8.06,     1.41,     0.02,     0.00,     0.02,     0.00,     0.03,     0.04,     0.00,     0.06,     0.13,     0.44,     1.46,     0.16,     3.34,     0.00,     0.00,  -999.99
cty,05113,CO: San Miguel County,1987,09,PRCP,     0.00,     1.09,     0.33,     1.01,     0.02,     0.00,     0.00,     0.84,     0.00,     0.00,     0.00,     0.00,     0.00,     8.98,     0.06,     0.00,     0.00,     0.00,     0.00,     0.00,     0.00,     0.00,     0.00,     0.00,     0.23,     1.40,     0.00,     0.24,     0.00,     0.00,  -999.99
cty,05115,CO: Sedgwick County,1987,09,PRCP,     0.00,     0.00,     0.00,     0.00,     5.13,     0.00,     0.35,     0.00,     0.03,     0.00,     2.09,     3.14,     0.00,     0.12,     2.95,     8.41,     0.00,     3.14,     0.00,     0.00,     0.00,     0.00,     0.00,     0.00,     0.00,     0.00,     0.00,     0.00,     0.00,     0.00,  -999.99
cty,05117,CO: Summit County,1987,09,PRCP,     0.00,     0.21,     0.00,     1.11,     0.02,     0.01,     0.00,     0.55,     0.01,     0.00,     0.00,     0.00,     0.02,     2.51,    10.03,     2.83,     3.62,     0.01,     0.00,     0.00,     0.00,     0.00,     0.00,     0.00,     0.00,     0.00,     0.00,     0.00,     0.00,     0.00,  -999.99
cty,05119,CO: Teller County,1987,09,PRCP,     0.00,     0.00,     0.33,     0.18,     0.23,     0.00,     0.00,     7.37,     0.00,     0.00,     0.00,     1.27,     0.00,     1.27,     6.41,     1.76,     1.78,     0.00,     0.00,     0.00,     0.00,     0.00,     0.00,     0.00,     0.00,     0.00,     0.00,     0.00,     0.00,     0.00,  -999.99
cty,05121,CO: Washington County,1987,09,PRCP,     0.00,     0.00,     0.00,     0.00,     4.57,     0.00,     0.00,     0.00,     0.00,     0.00,     4.59,     0.00,     0.00,     0.00,     5.44,     8.62,     4.57,     4.07,     0.00,     0.00,     0.00,     0.00,     0.00,     0.00,     0.00,     0.00,     0.00,     0.00,     0.00,     0.00,  -999.99
cty,05123,CO: Weld County,1987,09,PRCP,     0.00,     0.00,     0.00,     2.46,     1.39,     0.05,     0.00,     0.00,     0.00,     0.03,     1.49,     0.00,     0.00,     0.11,     4.92,     2.71,     2.99,     0.66,     0.00,     0.00,     0.00,     0.00,     0.00,     0.00,     0.00,     0.00,     0.00,     0.00,     0.00,     0.00,  -999.99
cty,05125,CO: Yuma County,1987,09,PRCP,     0.00,     0.01,     0.00,     0.00,     2.27,     0.00,     0.79,     0.00,     0.00,     0.01,     2.73,     0.22,     0.00,     0.01,     3.41,     5.56,     1.72,     3.52,     0.00,     0.00,     0.00,     0.00,     0.00,     0.00,     0.00,     0.00,     0.00,     0.00,     0.00,     0.00,  -999.99
cty,06001,CT: Fairfield County,1987,09,PRCP,     8.60,     0.00,     0.74,     0.00,     0.00,     0.02,     8.11,     9.42,    26.52,     0.06,     0.00,     2.43,    15.96,    38.54,     0.00,     0.00,     6.70,    14.34,    20.79,     1.24,     0.05,     0.00,     0.08,     0.01,     0.31,     0.00,     0.00,     0.00,     0.00,     0.01,  -999.99
cty,06003,CT: Hartford County,1987,09,PRCP,     7.28,     0.00,     0.01,     0.00,     0.00,     0.09,     4.73,     4.24,    25.23,     0.08,     0.00,     1.47,     8.20,    47.79,     0.00,     0.00,     2.86,    14.73,    34.51,     3.50,     1.67,     0.01,     0.13,     0.00,     0.00,     0.00,     0.00,     0.00,     0.00,     0.88,  -999.99
cty,06005,CT: Litchfield County,1987,09,PRCP,     8.12,     0.00,     0.23,     0.00,     0.00,     0.03,     6.45,     6.82,    35.21,     0.04,     0.00,     2.31,    14.66,    43.17,     0.00,     0.00,     3.84,    16.64,    31.20,     2.11,     0.52,     0.00,     0.00,     0.00,     0.00,     0.00,     0.00,     0.00,     0.00,     0.03,  -999.99
cty,06007,CT: Middlesex County,1987,09,PRCP,     8.65,     0.00,     0.01,     0.00,     0.00,     0.00,     5.26,     4.82,    15.33,     0.29,     0.00,     1.20,     7.17,    38.49,     0.00,     0.17,     5.34,    11.67,    26.74,     4.19,     1.59,     0.03,     0.00,     0.00,     0.00,     0.00,     0.00,     0.00,     0.00,     2.02,  -999.99
cty,06009,CT: New Haven County,1987,09,PRCP,     8.33,     0.00,     0.42,     0.00,     0.00,     0.01,     6.18,     5.92,    20.50,     0.00,     0.00,     2.39,    10.81,    42.12,     0.01,     0.05,     5.69,    13.92,    25.04,     2.18,     1.19,     0.03,     0.00,     0.00,     0.00,     0.00,     0.00,     0.00,     0.00,     0.41,  -999.99
cty,06011,CT: New London County,1987,09,PRCP,     7.78,     0.00,     0.01,     0.00,     0.00,     0.00,     3.94,     3.99,    11.28,     0.00,     0.00,     0.02,     3.75,    32.75,     0.00,     0.00,     3.94,     9.01,    25.27,     8.34,     1.83,     0.46,     0.41,     0.00,     0.00,     0.00,     0.00,     0.00,     0.00,     2.50,  -999.99
cty,06013,CT: Tolland County,1987,09,PRCP,     6.38,     0.00,     0.02,     0.00,     0.00,     0.00,     4.00,     3.06,    17.93,     0.35,     0.00,     0.56,     5.79,    33.69,     0.00,     0.00,     2.59,     9.70,    30.62,     4.85,     1.02,     0.00,     0.81,     0.00,     0.00,     0.00,     0.00,     0.00,     0.00,     2.18,  -999.99
cty,06015,CT: Windham County,1987,09,PRCP,     6.86,     0.00,     0.01,     0.00,     0.00,     0.00,     3.62,     3.10,    15.61,     0.47,     0.02,     0.00,     3.23,    34.93,     0.00,     0.00,     2.24,     8.49,    31.11,     9.89,     1.89,     0.19,     0.83,     0.00,     0.00,     0.00,     0.00,     0.00,     0.00,     3.00,  -999.99
cty,07001,DE: Kent County,1987,09,PRCP,     3.10,     0.00,     0.00,     0.00,     0.00,     1.95,     4.18,     4.25,    24.06,     0.00,     0.00,     0.00,    13.70,    11.82,     0.00,     0.84,     0.00,    12.50,     5.56,     2.56,     1.49,     1.20,     1.20,     0.00,     0.00,     0.00,     0.00,     0.00,     0.00,     1.63,  -999.99
cty,07003,DE: New Castle County,1987,09,PRCP,     5.00,     0.00,     0.00,     0.00,     0.00,     2.90,     7.96,     7.77,    43.74,     0.00,     0.00,     0.00,    18.79,    15.92,     0.00,     0.44,     0.00,    22.69,     9.94,     2.36,     0.90,     1.74,     1.46,     0.00,     0.00,     0.00,     0.00,     0.00,     0.00,     2.37,  -999.99
cty,07005,DE: Sussex County,1987,09,PRCP,     2.83,     0.00,     0.00,     0.00,     0.00,     1.84,     3.01,     3.97,    16.54,     0.00,     0.00,     0.00,    12.17,    12.38,     0.00,     0.00,     0.00,     7.74,     4.34,     3.34,     2.54,     1.00,     1.25,     0.00,     0.00,     0.00,     0.00,     0.00,     0.00,     0.94,  -999.99
cty,08001,FL: Alachua County,1987,09,PRCP,     0.03,    18.26,     5.09,     2.91,    12.33,     5.56,     0.28,     0.00,     0.00,     0.00,     0.00,    19.58,    28.40,     5.01,     0.00,     0.00,     0.00,     0.00,     0.48,     2.96,     0.00,     0.00,     0.00,     0.00,     0.00,     0.00,     0.00,     0.00,     0.00,     6.51,  -999.99
cty,08003,FL: Baker County,1987,09,PRCP,     5.22,    21.12,    15.17,     2.55,    10.21,     9.78,     4.02,     0.00,     0.00,     0.00,     0.00,    14.18,    17.55,     6.52,     0.00,     0.00,     0.00,     0.00,     0.00,     2.89,     0.00,     0.00,     0.00,     0.00,     0.00,     0.00,     0.00,     0.00,     0.00,     4.95,  -999.99
cty,08005,FL: Bay County,1987,09,PRCP,     4.19,     2.20,     4.82,     0.83,    14.37,    11.21,     0.00,     2.32,     4.31,     0.00,     1.14,    24.10,    16.52,     0.00,     0.00,     0.00,     0.18,     0.57,     3.45,     5.98,     0.00,     0.00,     0.00,     0.00,     0.00,     0.00,     0.00,     0.00,     5.58,     7.09,  -999.99
cty,08007,FL: Bradford County,1987,09,PRCP,     0.73,    24.87,     8.35,     2.75,    13.28,     7.72,     2.62,     0.00,     0.00,     0.00,     0.00,    17.56,    24.62,     5.70,     0.00,     0.00,     0.00,     0.00,     0.00,     3.02,     0.00,     0.00,     0.00,     0.00,     0.00,     0.00,     0.00,     0.00,     0.00,     5.24,  -999.99
cty,08009,FL: Brevard County,1987,09,PRCP,     0.00,    19.40,    11.43,    48.66,    42.21,     7.87,     5.31,    13.17,     0.83,     0.04,     4.23,    14.32,    15.93,     6.32,     0.23,     0.00,     0.00,     0.02,     0.36,     1.11,     0.05,     1.18,     4.86,     1.04,     0.00,     0.00,     0.00,     0.00,     0.00,     5.48,  -999.99
cty,08011,FL: Broward County,1987,09,PRCP,     0.00,     8.84,     5.01,     2.68,     8.98,    10.19,     8.03,     3.94,     0.00,     0.00,     3.38,     6.48,     1.59,     5.68,     5.30,     0.00,     0.00,     0.05,     0.00,     0.06,     0.66,    23.54,     4.03,    47.83,     7.53,     8.12,    14.22,    13.22,     9.43,     5.54,  -999.99
cty,08013,FL: Calhoun County,1987,09,PRCP,     4.88,     0.71,     5.66,     0.00,    15.83,     9.22,     0.00,     2.39,     4.20,     0.00,     0.00,    18.51,    12.53,     0.00,     0.00,     0.00,     0.00,     0.00,     1.89,     6.74,     0.00,     0.00,     0.00,     0.00,     0.00,     0.00,     0.00,     0.00,     1.23,     6.35,  -999.99
cty,08015,FL: Charlotte County,1987,09,PRCP,     1.31,     9.57,    13.84,    50.28,     8.30,     5.52,     2.61,     1.26,     0.00,     0.00,     6.04,    10.20,     1.96,     3.37,     0.00,     0.00,     0.00,     0.00,     0.00,     0.00,     0.00,     0.00,     2.19,     6.90,     1.14,     0.00,     0.00,     4.35,     4.74,     6.81,  -999.99
cty,08017,FL: Citrus County,1987,09,PRCP,     6.81,     3.56,     6.46,    11.00,    19.47,     7.42,     0.00,     0.00,     0.00,     0.00,     7.36,    25.23,    36.44,     4.18,     0.00,     1.73,     0.00,     0.00,     0.00,     0.00,     0.00,     0.12,     0.74,     0.00,     0.00,     0.00,     0.09,     0.00,     0.34,    15.89,  -999.99
cty,08019,FL: Clay County,1987,09,PRCP,     3.09,    21.02,     9.17,     4.40,    17.32,     7.98,     2.62,     0.00,     0.00,     0.00,     0.00,    13.94,    17.52,     4.57,     0.00,     0.00,     0.00,     0.00,     0.00,     2.71,     0.00,     0.00,     0.00,     0.00,     0.00,     0.00,     0.00,     0.00,     0.00,     3.80,  -999.99
cty,08021,FL: Collier County,1987,09,PRCP,     0.00,    14.54,    12.75,    19.35,     7.01,    11.18,     5.19,     0.93,     0.00,     0.00,     7.59,     7.85,     0.00,     5.53,     0.51,     0.12,     0.01,     0.00,     0.00,     0.00,     0.26,     5.98,     5.57,    23.24,     8.77,     9.10,     9.77,    11.29,     8.51,     7.05,  -999.99
cty,08023,FL: Columbia County,1987,09,PRCP,     1.24,    16.41,    13.41,     3.02,     9.23,     6.80,     2.93,     0.00,     0.00,     0.00,     0.00,    14.66,    18.13,     5.95,     0.00,     0.00,     0.00,     0.00,     0.00,     3.13,     0.00,     0.00,     0.00,     0.00,     0.00,     0.00,     0.00,     0.00,     0.00,     5.83,  -999.99
cty,08027,FL: DeSoto County,1987,09,PRCP,     1.73,    10.50,    14.99,    64.90,    11.62,     6.06,     3.08,     1.77,     0.00,     0.00,     6.86,    11.32,     5.88,     4.42,     0.00,     0.00,     0.00,     0.00,     0.00,     0.00,     0.00,     0.00,     2.06,     5.79,     0.10,     0.00,     0.00,     0.66,     4.26,     6.39,  -999.99
cty,08029,FL: Dixie County,1987,09,PRCP,     2.88,     1.09,     9.21,     0.93,    18.06,     3.13,     0.33,     0.00,     0.12,     0.00,     0.40,    20.80,    20.09,     4.30,     0.00,     0.00,     0.49,     0.00,     0.00,     4.64,     0.00,     0.00,     0.00,     0.00,     0.00,     0.00,     0.00,     0.00,     0.00,     8.85,  -999.99
cty,08031,FL: Duval County,1987,09,PRCP,     6.61,    19.90,    11.88,     5.90,    25.34,    11.04,     3.75,     0.01,     0.00,     0.00,     0.00,     9.93,    11.61,     4.42,     0.00,     0.00,     0.00,     0.00,     0.00,     2.26,     0.04,     0.00,     0.00,     0.00,     0.00,     0.00,     0.00,     0.00,     0.00,     3.10,  -999.99
cty,08033,FL: Escambia County,1987,09,PRCP,     2.63,     2.33,     0.00,     0.00,     0.15,     8.26,     1.50,     0.43,     4.32,     0.00,     0.00,    30.09,    15.98,     0.00,     0.00,     0.00,     0.00,    10.35,     3.98,     2.88,     0.00,     0.00,     0.00,     0.00,     0.00,     0.00,     0.00,     0.00,     2.94,     7.96,  -999.99
cty,08035,FL: Flagler County,1987,09,PRCP,     0.00,    12.61,     9.32,    13.31,    24.81,     5.97,     0.02,     0.53,     0.00,     0.03,     0.00,    12.91,    16.36,     3.10,     0.00,     0.00,     0.00,     0.00,     0.00,     2.43,     0.00,     0.00,     0.02,     0.00,     0.00,     0.00,     0.00,     0.00,     0.00,     3.39,  -999.99
cty,08037,FL: Franklin County,1987,09,PRCP,     5.52,     1.70,    10.65,     0.00,    22.05,     7.43,     0.00,     2.76,     4.11,     0.02,     0.00,    23.21,    13.07,     0.00,     0.00,     0.00,     0.00,     0.00,     2.80,     8.57,     0.00,     0.00,     0.00,     0.00,     0.00,     0.00,     0.00,     0.00,     1.33,     9.62,  -999.99
cty,08039,FL: Gadsden County,1987,09,PRCP,     6.27,     0.36,     6.84,     0.00,    20.48,     7.72,     0.00,     3.62,     4.53,     0.00,     0.00,    17.28,    12.67,     0.00,     0.00,     0.00,     0.00,     0.00,     0.57,     8.78,     0.00,     0.00,     0.00,     0.00,     0.00,     0.00,     0.00,     0.00,     0.00,     8.02,  -999.99
cty,08041,FL: Gilchrist County,1987,09,PRCP,     1.38,    10.57,     9.04,     1.58,    16.38,     4.35,     0.75,     0.00,     0.00,     0.00,     0.00,    21.95,    26.13,     5.50,     0.00,     0.00,     0.00,     0.00,     0.00,     4.23,     0.00,     0.00,     0.00,     0.00,     0.00,     0.00,     0.00,     0.00,     0.00,     8.66,  -999.99
cty,08043,FL: Glades County,1987,09,PRCP,     0.04,    13.48,    12.81,    70.73,    11.52,    10.15,     7.38,     6.70,     0.00,     0.14,     7.40,     8.11,     0.77,     7.51,     0.48,     0.00,     0.08,     0.09,     0.00,     0.00,     0.02,     3.20,     4.12,    17.01,     4.65,     0.00,     0.74,     0.00,     5.29,     3.74,  -999.99
cty,08045,FL: Gulf County,1987,09,PRCP,     4.73,     1.74,     8.97,     0.00,    17.18,     8.06,     0.00,     2.31,     4.21,     0.44,     0.00,    22.10,    11.80,     0.00,     0.00,     0.00,     0.00,     0.00,     3.45,     7.27,     0.00,     0.00,     0.00,     0.00,     0.00,     0.00,     0.00,     0.00,     4.42,     7.80,  -999.99
cty,08047,FL: Hamilton County,1987,09,PRCP,     1.94,     8.22,    17.68,    12.20,     8.38,     7.85,     3.02,     0.00,     0.00,     0.60,     0.00,    14.92,    11.91,     7.05,     0.00,     0.00,     0.00,     0.00,     0.00,     4.01,     0.00,     0.00,     0.00,     0.00,     0.00,     0.00,     0.00,     0.00,     0.00,     6.98,  -999.99
cty,08049,FL: Hardee County,1987,09,PRCP,     2.51,     8.82,    11.33,    48.69,    11.28,     5.10,     2.27,     1.24,     0.00,     0.00,     5.66,    10.35,     9.00,     3.70,     0.00,     0.00,     0.00,     0.00,     0.00,     0.00,     0.00,     0.00,     1.83,     4.08,     0.00,     0.00,     0.00,     0.00,     2.74,     5.33,  -999.99
cty,08051,FL: Hendry County,1987,09,PRCP,     0.09,    14.20,    11.12,    37.90,     7.98,    10.04,     6.95,     4.62,     0.00,     0.23,     6.57,     6.50,     0.05,     5.50,     0.38,     0.00,     0.00,     0.09,     0.00,     0.00,     0.00,     5.46,     4.18,    24.21,     6.63,     1.21,     5.65,     4.54,     6.25,     4.08,  -999.99
cty,08053,FL: Hernando County,1987,09,PRCP,     8.23,     2.58,     6.36,    13.38,    19.96,     7.04,     0.00,     0.00,     0.00,     0.35,     7.60,    21.84,    35.38,     3.71,     0.00,     1.02,     0.00,     0.00,     0.00,     0.00,     0.18,     0.00,     2.01,     1.02,     0.00,     0.00,     0.00,     0.34,     0.00,    14.60,  -999.99
cty,08055,FL: Highlands County,1987,09,PRCP,     0.00,    11.81,    10.83,    80.15,    15.90,     7.96,     5.34,     5.52,     0.00,     0.13,     6.90,     9.52,     5.62,     7.04,     0.00,     0.00,     0.00,     0.00,     0.00,     0.00,     0.00,     0.54,     3.20,     5.41,     0.92,     0.00,     0.00,     0.11,     3.49,     3.83,  -999.99
cty,08057,FL: Hillsborough County,1987,09,PRCP,     9.19,     3.17,    13.16,    14.45,    13.91,     5.22,     0.06,     0.00,     0.00,     0.00,     6.53,    15.30,    23.66,     2.88,     0.00,     0.00,     0.00,     0.00,     0.00,     0.00,     0.14,     0.09,     2.09,     8.02,     0.00,     0.00,     0.00,     0.00,     0.81,    10.26,  -999.99
cty,08059,FL: Holmes County,1987,09,PRCP,     3.33,     0.81,     0.14,     0.00,     5.50,    13.28,     0.00,     1.49,     3.92,     0.00,     0.00,    19.07,    16.03,     0.00,     0.00,     0.00,     0.00,     1.88,     1.62,     3.81,     0.00,     0.00,     0.00,     0.00,     0.00,     0.00,     0.00,     0.00,     0.03,     5.29,  -999.99
cty,08061,FL: Indian River County,1987,09,PRCP,     0.00,     1.95,     6.14,    26.98,    16.67,     6.90,     6.73,     8.47,     0.00,     0.77,     3.23,     6.11,     6.86,     6.37,     2.27,     0.00,     0.00,     0.64,     0.00,     0.00,     1.75,     4.24,     7.18,     4.28,     0.19,     0.00,     0.00,     0.00,     0.63,     2.43,  -999.99
cty,08063,FL: Jackson County,1987,09,PRCP,     4.99,     0.20,     3.29,     0.00,    10.85,     9.65,     0.00,     0.24,     3.89,     0.00,     0.00,    16.54,    14.38,     0.00,     0.00,     0.00,     0.00,     0.20,     0.33,     5.24,     0.00,     0.00,     0.00,     0.00,     0.00,     0.00,     0.00,     0.00,     0.33,     5.53,  -999.99
cty,08065,FL: Jefferson County,1987,09,PRCP,     4.79,     2.18,     8.39,     0.89,    12.28,     5.59,     1.45,     1.37,     0.00,     0.60,     1.96,    16.81,    11.67,     3.31,     0.15,     0.00,     0.52,     0.31,     0.00,     7.43,     0.07,     0.00,     0.00,     0.02,     0.02,     0.00,     0.00,     0.00,     0.00,     8.79,  -999.99
cty,08067,FL: Lafayette County,1987,09,PRCP,     1.69,    15.20,     9.54,     2.51,    13.81,     3.56,     1.74,     0.00,     0.00,     0.00,     0.00,    17.01,    15.19,     4.99,     0.00,     0.00,     0.27,     0.00,     0.00,     4.27,     0.00,     0.00,     0.00,     0.00,     0.00,     0.00,     0.00,     0.00,     0.00,     7.56,  -999.99
cty,08069,FL: Lake County,1987,09,PRCP,     2.53,     8.20,     4.96,    44.84,    20.09,     6.90,     0.00,     0.23,     0.00,     0.00,     4.05,    19.32,    32.71,     4.28,     0.00,     0.00,     0.00,     0.00,     0.00,     0.00,     0.64,     0.00,     2.42,     0.42,     0.00,     0.00,     0.00,     0.00,     0.00,     7.37,  -999.99
cty,08071,FL: Lee County,1987,09,PRCP,     0.00,    11.80,    14.34,    47.13,     7.70,     6.67,     3.24,     0.91,     0.00,     0.00,     6.93,     9.75,     0.00,     4.21,     0.00,     0.00,     0.00,     0.00,     0.00,     0.00,     0.00,     0.00,     3.25,    10.53,     3.67,     0.18,     2.40,     7.80,     6.07,     7.34,  -999.99
cty,08073,FL: Leon County,1987,09,PRCP,     6.19,     0.96,     8.65,     0.00,    20.12,     7.25,     0.29,     2.76,     1.46,     0.00,     0.00,    18.96,    13.16,     0.05,     0.00,     0.00,     0.00,     0.00,     0.10,     9.40,     0.00,     0.00,     0.00,     0.00,     0.00,     0.00,     0.00,     0.00,     0.00,     9.44,  -999.99
cty,08075,FL: Levy County,1987,09,PRCP,     5.14,     6.42,     8.92,     3.49,    21.85,     5.93,     0.00,     0.00,     0.00,     0.00,     2.66,    29.80,    37.37,     5.65,     0.00,     0.00,     0.00,     0.00,     0.00,     4.12,     0.00,     0.00,     0.00,     0.00,     0.00,     0.00,     0.00,     0.00,     0.00,    13.68,  -999.99
cty,08077,FL: Liberty County,1987,09,PRCP,     5.44,     0.87,     8.08,     0.00,    20.52,     7.92,     0.00,     2.93,     4.54,     0.10,     0.00,    19.32,    11.75,     0.00,     0.00,     0.00,     0.00,     0.00,     1.82,     8.25,     0.00,     0.00,     0.00,     0.00,     0.00,     0.00,     0.00,     0.00,     0.38,     7.76,  -999.99
cty,08079,FL: Madison County,1987,09,PRCP,     3.35,     6.24,     9.44,     4.03,     8.30,     4.97,     2.24,     0.02,     0.00,     0.02,     0.67,    14.34,    10.13,     5.35,     0.01,     0.00,     0.14,     0.01,     0.00,     5.22,     0.00,     0.00,     0.00,     0.00,     0.00,     0.00,     0.00,     0.00,     0.00,     7.49,  -999.99
cty,08081,FL: Manatee County,1987,09,PRCP,     8.80,     4.98,    24.53,    23.59,     8.06,     5.30,     0.23,     0.00,     0.00,     0.00,     6.74,    16.18,    13.58,     2.73,     0.00,     0.00,     0.00,     0.17,     0.00,     0.00,     0.00,     0.00,     0.92,    12.32,     0.00,     0.00,     0.00,     1.04,     4.08,    11.34,  -999.99
cty,08083,FL: Marion County,1987,09,PRCP,     2.35,    10.97,     5.19,    17.17,    17.19,     7.00,     0.00,     0.00,     0.00,     0.00,     2.32,    23.08,    34.95,     4.69,     0.00,     0.00,     0.00,     0.00,     0.00,     0.71,     0.00,     0.00,     0.44,     0.00,     0.00,     0.00,     0.00,     0.00,     0.00,     9.05,  -999.99
cty,08085,FL: Martin County,1987,09,PRCP,     0.00,     0.39,     4.18,    12.25,    11.11,     9.68,    12.00,    10.56,     0.00,     0.00,     3.96,     5.91,     5.03,     8.97,     7.60,     0.00,     0.18,     0.00,     0.00,     0.00,     0.00,    13.86,     7.00,    38.43,     3.37,     0.06,     3.10,     1.17,     4.37,     1.71,  -999.99
cty,08086,FL: Miami-Dade County,1987,09,PRCP,     0.02,    10.14,     5.27,     3.06,    11.58,    10.90,     6.61,     0.23,     0.03,     0.14,     4.33,     9.01,     0.26,     6.28,     3.63,     0.09,     0.09,     0.15,     0.03,     0.12,     2.76,    24.89,     4.89,    40.73,    14.33,    14.79,    22.80,    19.37,    14.07,     7.83,  -999.99
cty,08087,FL: Monroe County,1987,09,PRCP,     0.00,    10.89,     8.51,     8.46,    11.43,    11.76,     6.09,     0.19,     0.00,     0.00,     6.91,    10.90,     0.00,     6.97,     0.80,     0.14,     0.04,     0.00,     0.00,     0.00,     2.59,    12.85,     6.72,    31.77,    18.41,    15.53,    21.82,    23.79,    14.77,     9.71,  -999.99
cty,08089,FL: Nassau County,1987,09,PRCP,     9.86,    19.33,    16.52,     5.06,    21.57,    14.63,     5.28,     0.21,     0.00,     0.00,     0.00,     9.43,    10.12,     5.58,     0.00,     0.00,     0.00,     0.00,     0.00,     2.16,     0.06,     0.00,     0.00,     0.00,     0.00,     0.00,     0.00,     0.00,     0.00,     3.43,  -999.99
cty,08091,FL: Okaloosa County,1987,09,PRCP,     3.23,     5.57,     0.65,     0.00,     2.15,    21.19,     0.78,     4.29,     6.46,     0.00,     1.54,    43.93,    26.28,     0.00,     0.00,     0.00,     0.00,     5.92,     3.44,     4.89,     0.00,     0.00,     0.00,     0.00,     0.00,     0.00,     0.00,     0.00,     0.47,     9.89,  -999.99
cty,08093,FL: Okeechobee County,1987,09,PRCP,     0.00,     4.60,     7.23,    36.53,    12.07,     8.06,     6.66,     8.01,     0.00,     0.00,     4.64,     6.75,     5.81,     7.56,     2.07,     0.00,     0.54,     0.00,     0.00,     0.00,     0.30,     5.53,     5.37,     9.67,     1.72,     0.00,     0.00,     0.00,     2.66,     2.36,  -999.99
cty,08095,FL: Orange County,1987,09,PRCP,     0.13,    15.08,     7.89,    56.91,    30.37,     7.10,     1.18,     7.16,     0.00,     0.00,     4.48,    17.76,    25.72,     4.95,     0.00,     0.00,     0.00,     0.00,     0.04,     0.70,     0.11,     0.00,     3.08,     0.35,     0.00,     0.00,     0.00,     0.00,     0.00,     6.46,  -999.99
cty,08097,FL: Osceola County,1987,09,PRCP,     0.00,    14.61,     7.00,    52.48,    23.91,     6.87,     3.58,     7.58,     0.00,     0.00,     4.49,    12.30,    15.76,     5.54,     0.00,     0.00,     0.00,     0.00,     0.00,     0.54,     0.12,     0.55,     4.35,     1.23,     0.00,     0.00,     0.00,     0.00,     0.00,     4.49,  -999.99
cty,08099,FL: Palm Beach County,1987,09,PRCP,     0.09,     3.17,     3.01,     5.34,     7.90,     8.73,    10.53,     7.11,     0.00,     0.03,     2.80,     5.38,     3.25,     6.74,     7.68,     0.00,     0.33,     0.27,     0.00,     0.12,     0.00,    17.18,     4.34,    54.10,     5.05,     1.31,     7.94,     9.20,     6.00,     3.09,  -999.99
cty,08101,FL: Pasco County,1987,09,PRCP,     9.04,     2.17,     7.18,    11.99,    19.26,     6.21,     0.04,     0.00,     0.00,     0.00,     7.19,    18.51,    32.11,     3.28,     0.00,     0.00,     0.00,     0.00,     0.00,     0.00,     0.39,     0.05,     2.37,     3.18,     0.00,     0.00,     0.00,     0.00,     0.00,    12.43,  -999.99
cty,08103,FL: Pinellas County,1987,09,PRCP,    10.50,     1.60,    18.56,     7.47,    12.31,     5.29,     0.00,     0.00,     0.00,     0.00,     7.15,    19.48,    22.71,     2.63,     0.00,     0.00,     0.00,     0.00,     0.00,     0.00,     0.00,     0.00,     0.00,     8.62,     0.00,     0.00,     0.00,     0.00,     2.80,    14.28,  -999.99
cty,08105,FL: Polk County,1987,09,PRCP,     2.74,    13.67,     5.88,    45.97,    16.54,     6.45,     1.51,     1.75,     0.00,     0.00,     5.41,    13.15,    19.86,     4.44,     0.00,     0.00,     0.00,     0.00,     0.00,     0.30,     0.54,     0.29,     3.77,     2.31,     0.00,     0.00,     0.00,     0.00,     0.08,     5.82,  -999.99
cty,08107,FL: Putnam County,1987,09,PRCP,     0.00,    13.88,     6.11,     5.94,    14.53,     5.20,     0.07,     0.00,     0.01,     0.09,     0.00,    13.36,    17.73,     3.21,     0.00,     0.00,     0.00,     0.00,     0.00,     2.30,     0.01,     0.00,     0.08,     0.00,     0.00,     0.00,     0.00,     0.00,     0.00,     3.45,  -999.99
cty,08109,FL: St. Johns County,1987,09,PRCP,     2.58,    13.59,     7.57,     6.43,    20.34,     5.90,     1.32,     0.00,     0.24,     0.00,     0.00,     9.34,    10.52,     2.62,     0.00,     0.00,     0.00,     0.00,     0.00,     2.23,     0.19,     0.00,     0.00,     0.00,     0.00,     0.00,     0.00,     0.00,     0.00,     2.40,  -999.99
cty,08111,FL: St. Lucie County,1987,09,PRCP,     0.00,     0.00,     5.35,    18.52,    12.99,     8.47,     9.48,     9.71,     0.00,     0.06,     3.57,     5.56,     5.55,     7.98,     4.63,     0.00,     0.00,     0.06,     0.00,     0.00,     0.74,     8.46,     7.92,    15.92,     1.73,     0.00,     0.00,     0.00,     2.87,     2.19,  -999.99
cty,08113,FL: Santa Rosa County,1987,09,PRCP,     3.07,     1.41,     0.01,     0.00,     0.47,    14.48,     1.88,     3.62,     4.93,     0.10,     0.34,    35.55,    22.27,     0.00,     0.00,     0.00,     0.11,     8.77,     3.56,     3.63,     0.00,     0.00,     0.00,     0.00,     0.00,     0.00,     0.00,     0.00,     1.72,     8.01,  -999.99
cty,08115,FL: Sarasota County,1987,09,PRCP,     7.65,     5.17,    20.73,    27.00,     7.70,     5.67,     0.48,     0.00,     0.00,     0.00,     6.56,    17.30,     9.15,     1.46,     0.00,     0.00,     0.00,     0.20,     0.00,     0.00,     0.00,     0.02,     1.85,     8.08,     0.00,     0.00,     0.00,     7.16,     5.48,    12.98,  -999.99
cty,08117,FL: Seminole County,1987,09,PRCP,     0.48,    10.88,    10.70,    54.13,    34.06,     6.81,     0.00,    10.68,     0.00,     0.00,     3.70,    18.01,    24.70,     4.61,     0.00,     0.00,     0.00,     0.00,     0.00,     0.22,     0.00,     0.00,     2.01,     0.02,     0.00,     0.00,     0.00,     0.00,     0.00,     6.22,  -999.99
cty,08119,FL: Sumter County,1987,09,PRCP,     6.14,     5.82,     4.09,    29.59,    19.08,     7.80,     0.00,     0.00,     0.00,     0.00,     6.76,    22.49,    38.53,     4.34,     0.00,     0.03,     0.00,     0.00,     0.00,     0.00,     0.21,     0.00,     2.56,     0.44,     0.00,     0.00,     0.00,     0.00,     0.00,    12.14,  -999.99
cty,08121,FL: Suwannee County,1987,09,PRCP,     0.47,    19.53,    14.66,     6.61,    13.04,     5.91,     2.75,     0.00,     0.00,     0.00,     0.00,    18.51,    17.27,     6.88,     0.00,     0.00,     0.22,     0.00,     0.00,     4.52,     0.00,     0.00,     0.00,     0.00,     0.00,     0.00,     0.00,     0.00,     0.00,     8.29,  -999.99
cty,08123,FL: Taylor County,1987,09,PRCP,     2.64,     5.59,     7.41,     1.27,    11.73,     3.18,     0.27,     0.00,     0.00,     0.00,     0.00,    14.03,    10.45,     3.38,     0.00,     0.00,     0.00,     0.00,     0.00,     4.62,     0.00,     0.00,     0.00,     0.00,     0.00,     0.00,     0.00,     0.00,     0.00,     6.82,  -999.99
cty,08125,FL: Union County,1987,09,PRCP,     0.00,    21.52,     9.22,     1.65,    10.64,     6.51,     2.83,     0.00,     0.00,     0.00,     0.00,    15.76,    22.52,     5.49,     0.00,     0.00,     0.00,     0.00,     0.00,     2.88,     0.00,     0.00,     0.00,     0.00,     0.00,     0.00,     0.00,     0.00,     0.00,     5.33,  -999.99
cty,08127,FL: Volusia County,1987,09,PRCP,     0.08,    14.05,    12.59,    38.43,    38.03,     7.74,     0.20,     8.00,     0.00,     0.02,     0.88,    18.40,    24.58,     4.56,     0.00,     0.00,     0.00,     0.00,     0.00,     2.30,     0.00,     0.00,     1.13,     0.00,     0.00,     0.00,     0.00,     0.00,     0.00,     5.81,  -999.99
cty,08129,FL: Wakulla County,1987,09,PRCP,     5.88,     1.54,     9.91,     0.00,    24.06,     7.10,     0.00,     3.29,     2.23,     0.00,     0.00,    21.01,    13.45,     0.00,     0.00,     0.00,     0.00,     0.00,     0.00,     9.44,     0.00,     0.00,     0.00,     0.00,     0.00,     0.00,     0.00,     0.00,     0.00,     9.90,  -999.99
cty,08131,FL: Walton County,1987,09,PRCP,     3.40,     4.15,     1.49,     0.00,     5.56,    19.37,     0.18,     3.25,     5.76,     0.00,     0.71,    34.94,    23.03,     0.00,     0.00,     0.00,     0.00,     3.65,     3.04,     5.08,     0.00,     0.00,     0.00,     0.00,     0.00,     0.00,     0.00,     0.00,     0.75,     8.55,  -999.99
cty,08133,FL: Washington County,1987,09,PRCP,     3.88,     1.13,     1.62,     0.00,     9.82,    12.15,     0.00,     1.68,     3.85,     0.00,     0.00,    20.27,    16.32,     0.00,     0.00,     0.00,     0.00,     1.42,     2.32,     4.83,     0.00,     0.00,     0.00,     0.00,     0.00,     0.00,     0.00,     0.00,     2.10,     5.78,  -999.99
cty,09001,GA: Appling County,1987,09,PRCP,    16.97,     2.77,    14.64,     7.25,     8.07,    17.26,     6.75,     0.00,     0.00,     0.00,     0.00,     9.80,    10.97,     2.66,     0.00,     0.00,     0.00,     0.00,     0.00,     3.90,     0.00,     0.00,     0.00,     0.00,     0.00,     0.00,     0.00,     0.00,     0.00,     5.35,  -999.99
cty,09003,GA: Atkinson County,1987,09,PRCP,    11.79,     2.19,    13.38,    13.36,     6.38,    14.55,     7.00,     0.00,     0.00,     0.00,     0.08,    13.77,    12.26,    10.04,     0.00,     0.00,     0.00,     0.00,     0.03,     5.05,     0.00,     0.00,     0.00,     0.00,     0.00,     0.00,     0.00,     0.00,     0.04,     7.24,  -999.99
cty,09005,GA: Bacon County,1987,09,PRCP,    13.76,     3.70,    11.33,     6.22,     5.26,    15.72,     5.98,     0.00,     0.00,     0.00,     0.00,     9.75,     9.67,     5.51,     0.00,     0.00,     0.00,     0.00,     0.00,     3.43,     0.00,     0.00,     0.00,     0.00,     0.00,     0.00,     0.00,     0.00,     0.00,     4.76,  -999.99
cty,09007,GA: Baker County,1987,09,PRCP,     5.52,     0.00,     4.14,     0.00,     1.54,     2.76,     2.03,     0.00,     0.82,     0.00,     0.00,    10.59,    10.47,     0.40,     0.00,     0.00,     0.00,     0.00,     0.00,     2.97,     0.00,     0.00,     0.00,     0.00,     0.00,     0.00,     0.00,     0.00,     0.00,     4.37,  -999.99
cty,09009,GA: Baldwin County,1987,09,PRCP,     4.36,     0.00,     0.00,     0.00,     1.74,     2.32,     8.41,     0.00,     0.00,     0.00,     0.00,     1.11,     8.52,     0.00,     0.00,     0.00,     0.00,     0.00,     0.00,     7.38,     0.00,     0.00,     0.00,     0.00,     0.00,     0.00,     0.00,     0.00,     0.00,     4.60,  -999.99
cty,09011,GA: Banks County,1987,09,PRCP,     0.00,     0.00,     0.00,     0.00,     1.14,    11.34,    30.44,     6.64,     0.00,     0.00,     5.88,     4.49,    16.69,     0.00,     0.00,     0.00,     0.00,     0.00,     0.00,    13.13,     0.00,     0.00,     0.00,     0.00,     0.00,     0.00,     0.00,     0.00,     0.00,    10.03,  -999.99
cty,09013,GA: Barrow County,1987,09,PRCP,     0.00,     0.00,     0.00,     0.00,     0.00,     4.00,    15.74,     4.34,     0.00,     0.00,     3.19,     2.73,     8.93,     0.07,     0.00,     0.00,     0.00,     0.00,     0.00,     8.93,     0.00,     0.00,     0.00,     0.00,     0.00,     0.00,     0.00,     0.00,     0.00,     7.34,  -999.99
cty,09015,GA: Bartow County,1987,09,PRCP,     0.02,     0.00,     0.00,     0.00,     0.00,     0.09,     4.76,     9.45,     4.08,     0.02,     3.79,     9.24,    10.97,     5.90,     0.00,     0.00,     0.00,     0.02,     3.32,     6.34,     0.00,     0.00,     0.00,     0.00,     0.00,     0.00,     0.00,     0.00,     0.03,    23.80,  -999.99
cty,09017,GA: Ben Hill County,1987,09,PRCP,    11.50,     0.00,     5.72,    16.21,     3.47,     5.33,     7.43,     0.00,     0.00,     1.53,     0.00,     8.77,    12.00,     8.94,     0.00,     0.00,     0.00,     0.00,     0.00,     4.19,     0.00,     0.00,     0.00,     0.00,     0.00,     0.00,     0.00,     0.00,     0.00,     6.74,  -999.99
cty,09019,GA: Berrien County,1987,09,PRCP,    10.19,     0.00,     9.99,    14.80,     4.54,     9.10,     6.76,     0.00,     0.00,     0.24,     0.00,    13.68,    12.52,    10.66,     0.00,     0.00,     0.00,     0.00,     0.00,     5.68,     0.00,     0.00,     0.00,     0.00,     0.00,     0.00,     0.00,     0.00,     0.00,     8.39,  -999.99
cty,09021,GA: Bibb County,1987,09,PRCP,     5.07,     0.00,     0.00,     0.00,     1.44,     1.49,     6.92,     0.00,     0.19,     0.00,     0.00,     3.87,     9.46,     4.58,     0.00,     0.00,     0.00,     0.00,     0.00,     3.14,     0.00,     0.00,     0.00,     0.00,     0.00,     0.00,     0.00,     0.00,     0.00,     4.91,  -999.99
cty,09023,GA: Bleckley County,1987,09,PRCP,    13.37,     0.00,     1.45,     2.63,     3.04,     3.73,     9.10,     0.00,     0.00,     0.00,     0.14,     6.99,    16.61,     5.50,     0.00,     0.00,     0.00,     0.00,     0.00,     5.11,     0.00,     0.00,     0.00,     0.00,     0.00,     0.00,     0.00,     0.00,     0.00,     6.93,  -999.99
cty,09025,GA: Brantley County,1987,09,PRCP,    15.44,     9.63,    15.39,     5.24,     8.92,    20.20,     6.75,     0.00,     0.00,     0.00,     0.20,     9.18,     8.04,     5.55,     0.06,     0.00,     0.00,     0.00,     0.00,     2.43,     0.00,     0.00,     0.00,     0.00,     0.00,     0.00,     0.00,     0.07,     0.00,     4.33,  -999.99
cty,09027,GA: Brooks County,1987,09,PRCP,     4.57,     0.36,     6.14,     2.83,     3.10,     5.02,     2.92,     0.00,     0.00,     0.00,     2.38,    11.31,     8.22,     5.64,     0.00,     0.00,     0.00,     0.00,     0.00,     5.07,     0.00,     0.00,     0.00,     0.00,     0.00,     0.00,     0.00,     0.00,     0.00,     6.57,  -999.99
cty,09029,GA: Bryan County,1987,09,PRCP,    26.72,     4.24,    15.80,    30.83,    49.28,    38.16,    11.00,     0.00,     0.00,     0.00,     0.00,     8.61,    10.96,     1.28,     0.00,     0.00,     0.00,     0.00,     0.00,     5.49,     0.00,     0.00,     0.00,     0.00,     0.00,     0.00,     0.00,     0.00,     0.00,     8.61,  -999.99
cty,09031,GA: Bulloch County,1987,09,PRCP,    23.89,     1.41,    22.87,     8.40,    24.56,    24.46,    10.49,     0.00,     0.00,     0.00,     0.00,     7.42,    14.57,     0.00,     0.00,     0.00,     0.00,     0.00,     0.00,     8.77,     0.00,     0.00,     0.00,     0.00,     0.00,     0.00,     0.00,     0.00,     0.00,     8.30,  -999.99
cty,09033,GA: Burke County,1987,09,PRCP,    15.81,     0.00,     5.99,     5.01,    10.41,    11.74,    12.80,     4.29,     0.00,     0.00,     0.00,     3.29,    14.60,     0.00,     0.00,     0.00,     0.00,     0.00,     1.50,    12.20,     0.00,     0.00,     0.00,     0.00,     0.00,     0.00,     0.00,     0.00,     0.31,     9.73,  -999.99
cty,09035,GA: Butts County,1987,09,PRCP,     2.91,     0.00,     0.00,     0.00,     1.40,     2.54,    13.02,     0.00,     2.92,     0.00,     0.00,     4.53,    10.39,     4.62,     0.00,     0.00,     0.00,     0.00,     0.00,     6.25,     0.00,     0.00,     0.00,     0.00,     0.00,     0.00,     0.00,     0.00,     0.00,    11.43,  -999.99
cty,09037,GA: Calhoun County,1987,09,PRCP,     5.45,     0.00,     3.11,     0.00,     1.44,     2.48,     1.65,     0.00,     2.17,     0.00,     0.44,     9.71,    10.39,     0.00,     0.00,     0.00,     0.00,     0.00,     0.00,     1.79,     0.00,     0.00,     0.00,     0.00,     0.00,     0.00,     0.00,     0.00,     0.00,     3.59,  -999.99
cty,09039,GA: Camden County,1987,09,PRCP,    16.24,    17.85,    18.76,    10.07,    31.03,    23.25,     7.46,     0.00,     0.00,     0.00,     0.00,     9.69,     9.83,     6.05,     0.00,     0.00,     0.00,     0.00,     0.00,     2.52,     0.00,     0.00,     0.00,     0.00,     0.00,     0.00,     0.00,     0.00,     0.00,     4.41,  -999.99
cty,09043,GA: Candler County,1987,09,PRCP,    25.12,     0.61,    37.43,     3.94,    18.38,    20.48,    11.02,     0.00,     0.00,     0.00,     0.12,    10.05,    19.05,     0.00,     0.00,     0.00,     0.00,     0.00,     0.00,    11.16,     0.00,     0.00,     0.00,     0.00,     0.00,     0.00,     0.00,     0.00,     0.00,     9.27,  -999.99
cty,09045,GA: Carroll County,1987,09,PRCP,     1.38,     0.00,     0.00,     0.00,     0.00,     1.02,     5.75,     0.00,     7.23,     0.00,     3.89,     8.91,     7.87,     6.27,     0.00,     0.00,     0.00,     0.02,     2.41,     4.33,     0.00,     0.00,     0.00,     0.00,     0.00,     0.00,     0.00,     0.00,     0.00,    21.19,  -999.99
cty,09047,GA: Catoosa County,1987,09,PRCP,     0.00,     0.00,     0.00,     0.00,     0.00,     0.00,     5.93,     7.70,     4.72,     0.00,     4.98,    15.17,    14.56,     6.59,     0.00,     0.00,     0.00,     0.00,     4.68,     5.72,     0.00,     0.00,     0.00,     0.00,     0.00,     0.00,     0.00,     0.00,     0.00,    21.53,  -999.99
cty,09049,GA: Charlton County,1987,09,PRCP,    10.37,    14.26,    17.98,     2.37,     6.07,    14.11,     5.61,     0.00,     0.00,     0.00,     0.00,     9.92,     9.30,     6.36,     0.00,     0.00,     0.09,     0.00,     0.00,     2.29,     0.00,     0.00,     0.00,     0.00,     0.00,     0.00,     0.00,     0.00,     0.06,     3.87,  -999.99
cty,09051,GA: Chatham County,1987,09,PRCP,    25.19,     4.87,    10.99,    44.50,    66.89,    41.43,    10.72,     1.47,     0.00,     0.00,     0.00,     6.79,     7.86,     3.39,     0.00,     0.00,     0.00,     0.00,     1.11,     4.30,     0.00,     0.00,     0.00,     0.00,     0.00,     0.00,     0.00,     0.68,     1.23,     7.96,  -999.99
cty,09053,GA: Chattahoochee County,1987,09,PRCP,     9.62,     0.00,     0.00,     0.00,     3.10,     1.35,     2.87,     0.00,     7.07,     0.00,     0.00,    12.51,    16.99,     3.04,     0.00,     0.00,     0.00,     0.00,     0.00,     1.45,     0.00,     0.00,     0.00,     0.00,     0.00,     0.00,     0.00,     0.00,     0.00,     8.92,  -999.99
cty,09055,GA: Chattooga County,1987,09,PRCP,     0.00,     0.00,     0.00,     0.00,     0.00,     0.00,     4.39,     9.78,     4.11,     0.17,     7.91,    12.79,    16.99,     5.75,     0.00,     0.00,     0.00,     0.00,     3.98,     4.01,     0.00,     0.00,     0.00,     0.00,     0.00,     0.00,     0.00,     0.00,     0.23,    15.59,  -999.99
cty,09057,GA: Cherokee County,1987,09,PRCP,     0.01,     0.00,     0.00,     0.00,     0.00,     1.98,     7.78,     9.96,     2.67,     0.00,     4.06,     5.91,    10.58,     3.13,     0.00,     0.00,     0.02,     0.00,     1.79,     7.86,     0.00,     0.00,     0.00,     0.00,     0.00,     0.00,     0.00,     0.00,     0.00,    19.28,  -999.99
cty,09059,GA: Clarke County,1987,09,PRCP,     0.00,     0.00,     0.00,     0.00,     0.88,     5.60,    22.19,     4.47,     0.00,     0.00,     1.58,     2.85,    11.24,     0.00,     0.00,     0.00,     0.00,     0.00,     0.00,    11.50,     0.00,     0.00,     0.00,     0.00,     0.00,     0.00,     0.00,     0.00,     0.00,     5.73,  -999.99
cty,09061,GA: Clay County,1987,09,PRCP,     7.04,     0.00,     1.17,     0.00,     2.42,     4.50,     1.74,     0.00,     4.23,     0.00,     0.00,    13.28,    15.48,     0.00,     0.00,     0.00,     0.00,     0.00,     0.00,     1.91,     0.00,     0.00,     0.00,     0.00,     0.00,     0.00,     0.00,     0.00,     0.00,     4.86,  -999.99
cty,09063,GA: Clayton County,1987,09,PRCP,     2.06,     0.00,     0.00,     0.00,     0.30,     2.20,    11.72,     0.74,     5.88,     0.00,     0.00,     5.98,     8.43,     5.52,     0.00,     0.00,     0.00,     0.00,     0.94,     6.71,     0.00,     0.00,     0.00,     0.00,     0.00,     0.00,     0.00,     0.00,     0.00,    20.40,  -999.99
cty,09065,GA: Clinch County,1987,09,PRCP,    11.20,     9.45,    22.65,    11.97,     6.69,    17.70,     6.96,     0.00,     0.00,     0.00,     0.00,    17.82,    14.58,    11.19,     0.00,     0.00,     0.02,     0.00,     0.00,     5.23,     0.00,     0.00,     0.00,     0.00,     0.00,     0.00,     0.00,     0.00,     0.03,     8.19,  -999.99
cty,09067,GA: Cobb County,1987,09,PRCP,     0.06,     0.00,     0.00,     0.00,     0.00,     1.48,     6.50,     8.09,     4.07,     0.00,     1.75,     5.38,     6.01,     4.26,     0.00,     0.00,     0.00,     0.00,     1.55,     6.10,     0.00,     0.00,     0.00,     0.00,     0.00,     0.00,     0.00,     0.00,     0.00,    18.64,  -999.99
cty,09069,GA: Coffee County,1987,09,PRCP,     8.51,     0.53,     6.77,     8.99,     4.60,     8.16,     4.65,     0.00,     0.00,     0.00,     0.50,     7.46,     7.99,     5.60,     0.00,     0.00,     0.00,     0.00,     0.21,     3.05,     0.00,     0.00,     0.00,     0.00,     0.00,     0.00,     0.00,     0.00,     0.34,     4.23,  -999.99
cty,09071,GA: Colquitt County,1987,09,PRCP,     7.40,     0.00,     5.40,     3.81,     2.29,     4.45,     4.16,     0.00,     0.00,     0.00,     0.00,    12.01,    10.44,     6.71,     0.00,     0.00,     0.00,     0.00,     0.00,     4.81,     0.00,     0.00,     0.00,     0.00,     0.00,     0.00,     0.00,     0.00,     0.00,     6.82,  -999.99
cty,09073,GA: Columbia County,1987,09,PRCP,     7.73,     0.00,     0.00,     0.00,     7.25,     6.42,    14.30,     6.63,     1.27,     0.00,     0.00,     0.00,    11.09,     0.00,     0.00,     0.00,     0.00,     0.00,     0.00,    10.08,     0.00,     0.00,     0.00,     0.00,     0.00,     0.00,     0.00,     0.00,     0.00,     8.64,  -999.99
cty,09075,GA: Cook County,1987,09,PRCP,     7.70,     0.00,     7.50,     8.43,     2.99,     6.40,     5.01,     0.00,     0.00,     0.00,     0.00,    12.34,    10.48,     8.55,     0.00,     0.00,     0.00,     0.00,     0.00,     5.21,     0.00,     0.00,     0.00,     0.00,     0.00,     0.00,     0.00,     0.00,     0.00,     7.49,  -999.99
cty,09077,GA: Coweta County,1987,09,PRCP,     2.87,     0.00,     0.00,     0.00,     0.64,     1.55,     7.64,     0.00,     9.52,     0.00,     0.60,     8.45,     7.95,     7.11,     0.00,     0.00,     0.00,     0.13,     1.33,     4.38,     0.00,     0.00,     0.00,     0.00,     0.00,     0.00,     0.00,     0.00,     0.00,    22.69,  -999.99
cty,09079,GA: Crawford County,1987,09,PRCP,     8.10,     0.00,     0.00,     0.00,     2.48,     1.70,     8.66,     0.00,     3.67,     0.00,     0.00,     7.24,    14.56,     8.00,     0.00,     0.00,     0.00,     0.00,     0.00,     3.12,     0.00,     0.00,     0.00,     0.00,     0.00,     0.00,     0.00,     0.00,     0.00,     8.07,  -999.99
cty,09081,GA: Crisp County,1987,09,PRCP,    14.72,     0.00,     4.91,     3.95,     1.30,     1.09,     6.90,     0.00,     0.00,     0.00,     0.00,    11.21,    15.06,    10.27,     0.00,     0.00,     0.00,     0.00,     0.00,     3.22,     0.00,     0.00,     0.00,     0.00,     0.00,     0.00,     0.00,     0.00,     0.00,     7.13,  -999.99
cty,09083,GA: Dade County,1987,09,PRCP,     0.00,     0.00,     0.00,     0.00,     0.00,     0.00,     5.13,     8.96,     4.23,     0.00,     8.28,    16.91,    13.64,     7.28,     0.00,     0.00,     0.00,     0.26,     6.24,     4.51,     0.00,     0.00,     0.00,     0.00,     0.00,     0.00,     0.00,     0.00,     0.00,    23.42,  -999.99
cty,09085,GA: Dawson County,1987,09,PRCP,     0.08,     0.00,     0.00,     0.00,     0.00,     4.60,    14.49,     7.47,     1.48,     0.00,     6.76,     5.37,    13.98,     0.11,     0.00,     0.00,     0.00,     0.00,     0.82,     9.22,     0.00,     0.00,     0.00,     0.00,     0.00,     0.00,     0.00,     0.00,     0.00,    16.36,  -999.99
cty,09087,GA: Decatur County,1987,09,PRCP,     6.54,     0.05,     6.39,     0.00,    10.46,     6.25,     1.27,     1.29,     3.27,     0.00,     0.00,    16.28,    13.64,     0.00,     0.00,     0.00,     0.00,     0.00,     0.00,     6.91,     0.00,     0.00,     0.00,     0.00,     0.00,     0.00,     0.00,     0.00,     0.00,     7.12,  -999.99
cty,09089,GA: DeKalb County,1987,09,PRCP,     0.55,     0.00,     0.00,     0.00,     0.00,     2.48,    11.83,     6.65,     3.54,     0.00,     1.52,     4.50,     7.75,     3.63,     0.00,     0.00,     0.00,     0.00,     0.10,     7.79,     0.00,     0.00,     0.00,     0.00,     0.00,     0.00,     0.00,     0.00,     0.00,    16.39,  -999.99
cty,09091,GA: Dodge County,1987,09,PRCP,    14.99,     0.00,     5.10,     7.33,     3.85,     5.52,     8.38,     0.00,     0.00,     0.80,     0.00,     7.94,    16.49,     4.27,     0.00,     0.00,     0.00,     0.00,     0.00,     4.51,     0.00,     0.00,     0.00,     0.00,     0.00,     0.00,     0.00,     0.00,     0.00,     6.85,  -999.99
cty,09093,GA: Dooly County,1987,09,PRCP,    15.83,     0.00,     8.60,     1.85,     2.11,     1.38,     8.10,     0.00,     0.00,     0.00,     0.00,    11.07,    18.47,    11.21,     0.00,     0.00,     0.00,     0.00,     0.00,     3.28,     0.00,     0.00,     0.00,     0.00,     0.00,     0.00,     0.00,     0.00,     0.00,     7.46,  -999.99
cty,09095,GA: Dougherty County,1987,09,PRCP,     7.27,     0.00,     3.27,     0.44,     1.02,     1.12,     2.49,     0.22,     0.41,     0.27,     0.00,     9.73,     9.91,     3.30,     0.00,     0.00,     0.00,     0.00,     0.00,     2.28,     0.00,     0.00,     0.00,     0.00,     0.00,     0.00,     0.00,     0.00,     0.00,     4.35,  -999.99
cty,09097,GA: Douglas County,1987,09,PRCP,     1.25,     0.00,     0.00,     0.00,     0.00,     2.12,     9.06,     3.73,     8.44,     0.00,     3.24,     9.37,     8.45,     7.88,     0.00,     0.00,     0.00,     0.00,     2.38,     6.90,     0.09,     0.00,     0.00,     0.00,     0.00,     0.00,     0.00,     0.00,     0.42,    27.76,  -999.99
cty,09099,GA: Early County,1987,09,PRCP,     5.68,     0.00,     4.42,     0.00,     3.63,     5.83,     1.29,     0.00,     3.41,     0.00,     0.00,    13.75,    14.37,     0.00,     0.00,     0.00,     0.00,     0.00,     0.00,     2.97,     0.00,     0.00,     0.00,     0.00,     0.00,     0.00,     0.00,     0.00,     0.00,     4.72,  -999.99
cty,09101,GA: Echols County,1987,09,PRCP,     5.34,     6.02,    18.23,    12.43,     6.33,    10.30,     3.97,     0.00,     0.00,     0.00,     0.00,    14.21,    10.94,     7.88,     0.00,     0.00,     0.00,     0.00,     0.00,     4.06,     0.00,     0.00,     0.00,     0.00,     0.00,     0.00,     0.00,     0.00,     0.00,     6.71,  -999.99
cty,09103,GA: Effingham County,1987,09,PRCP,    25.46,     2.34,    13.43,    25.28,    47.14,    35.11,    11.58,     2.03,     0.00,     0.00,     0.00,     6.48,    10.14,     0.42,     0.00,     0.00,     0.00,     0.00,     0.10,     6.12,     0.00,     0.00,     0.00,     0.00,     0.00,     0.00,     0.00,     0.08,     0.10,     8.45,  -999.99
cty,09105,GA: Elbert County,1987,09,PRCP,     0.02,     0.00,     0.00,     0.00,     3.13,     7.54,    17.34,     4.85,     0.00,     0.00,     0.00,     0.95,     8.63,     0.00,     0.00,     0.00,     0.00,     0.00,     0.00,     7.49,     0.00,     0.00,     0.00,     0.00,     0.00,     0.00,     0.00,     0.00,     0.00,     3.39,  -999.99
cty,09107,GA: Emanuel County,1987,09,PRCP,    21.52,     0.00,    27.13,     3.53,    13.62,    13.83,    11.02,     0.24,     0.00,     0.00,     0.29,     9.23,    19.18,     0.00,     0.00,     0.00,     0.00,     0.00,     0.25,    13.38,     0.00,     0.00,     0.00,     0.00,     0.00,     0.00,     0.00,     0.00,     0.00,     9.32,  -999.99
cty,09109,GA: Evans County,1987,09,PRCP,    26.42,     1.94,    27.65,    10.28,    23.61,    27.15,    10.71,     0.00,     0.00,     0.00,     0.00,    10.10,    15.80,     1.60,     0.00,     0.00,     0.00,     0.00,     0.00,     7.83,     0.00,     0.00,     0.00,     0.00,     0.00,     0.00,     0.00,     0.00,     0.00,     8.73,  -999.99
cty,09111,GA: Fannin County,1987,09,PRCP,     0.27,     0.00,     0.00,     0.01,     0.00,     3.11,    11.39,     7.03,     2.66,     0.00,     3.40,     8.21,    11.08,     2.28,     0.00,     0.00,     0.00,     0.04,     2.66,     8.74,     0.00,     0.00,     0.00,     0.00,     0.00,     0.00,     0.00,     0.00,     0.00,    21.32,  -999.99
cty,09113,GA: Fayette County,1987,09,PRCP,     2.78,     0.00,     0.00,     0.00,     0.81,     1.89,    10.45,     0.00,     7.71,     0.00,     0.00,     7.14,     8.74,     6.61,     0.00,     0.00,     0.00,     0.00,     0.99,     5.66,     0.00,     0.00,     0.00,     0.00,     0.00,     0.00,     0.00,     0.00,     0.00,    22.41,  -999.99
cty,09115,GA: Floyd County,1987,09,PRCP,     0.02,     0.00,     0.00,     0.00,     0.00,     0.00,     2.80,     4.00,     3.12,     0.00,     4.33,     9.40,    11.23,     5.54,     0.00,     0.00,     0.00,     0.06,     3.66,     3.35,     0.00,     0.00,     0.00,     0.00,     0.00,     0.00,     0.00,     0.00,     0.00,    16.61,  -999.99
cty,09117,GA: Forsyth County,1987,09,PRCP,     0.00,     0.00,     0.00,     0.00,     0.00,     3.26,    12.88,     7.95,     1.85,     0.00,     3.86,     4.28,    10.04,     2.09,     0.00,     0.00,     0.00,     0.00,     1.11,     8.98,     0.00,     0.00,     0.00,     0.00,     0.00,     0.00,     0.00,     0.00,     0.00,    14.79,  -999.99
cty,09119,GA: Franklin County,1987,09,PRCP,     0.00,     0.00,     0.00,     0.48,     2.27,    10.36,    23.43,     5.13,     0.00,     0.07,     1.85,     3.24,    12.31,     0.00,     0.00,     0.00,     0.00,     0.00,     0.09,     9.22,     0.00,     0.00,     0.00,     0.00,     0.00,     0.00,     0.00,     0.00,     0.06,     5.74,  -999.99
cty,09121,GA: Fulton County,1987,09,PRCP,     0.96,     0.00,     0.00,     0.00,     0.00,     2.06,     9.71,     5.08,     5.57,     0.00,     1.27,     6.20,     7.58,     5.16,     0.00,     0.00,     0.02,     0.00,     1.50,     7.17,     0.00,     0.00,     0.00,     0.00,     0.00,     0.00,     0.00,     0.00,     0.00,    21.37,  -999.99
cty,09123,GA: Gilmer County,1987,09,PRCP,     0.51,     0.00,     0.00,     0.00,     0.00,     2.07,     6.81,     7.59,     1.82,     0.00,     4.76,     6.98,    11.78,     1.01,     0.00,     0.00,     0.00,     0.00,     2.03,     7.27,     0.00,     0.00,     0.00,     0.00,     0.00,     0.00,     0.00,     0.00,     0.00,    19.69,  -999.99
cty,09125,GA: Glascock County,1987,09,PRCP,     6.92,     0.00,     0.00,     0.00,     4.60,     4.39,    10.38,     1.85,     0.00,     0.00,     0.00,     0.00,     9.34,     0.34,     0.00,     0.00,     0.00,     0.00,     0.00,    13.38,     0.00,     0.00,     0.00,     0.00,     0.00,     0.00,     0.00,     0.00,     0.00,     6.23,  -999.99
cty,09127,GA: Glynn County,1987,09,PRCP,    24.58,    14.67,    20.78,    21.60,    45.31,    35.11,    10.39,     0.00,     0.00,     0.00,     0.00,    11.42,    11.58,     6.56,     0.00,     0.00,     0.00,     0.00,     0.00,     3.47,     0.00,     0.00,     0.00,     0.00,     0.00,     0.00,     0.00,     0.00,     0.00,     6.64,  -999.99
cty,09129,GA: Gordon County,1987,09,PRCP,     0.00,     0.00,     0.00,     0.00,     0.00,     0.00,     3.82,     8.79,     3.00,     0.00,     3.93,     8.73,    12.61,     4.39,     0.00,     0.00,     0.04,     0.13,     3.03,     5.43,     0.00,     0.00,     0.00,     0.00,     0.00,     0.00,     0.00,     0.00,     0.07,    18.06,  -999.99
cty,09131,GA: Grady County,1987,09,PRCP,     6.41,     0.00,     6.51,     0.00,     8.25,     5.44,     2.70,     0.00,     0.00,     0.00,     0.00,    15.37,    12.27,     0.00,     0.00,     0.00,     0.00,     0.00,     0.00,     6.98,     0.00,     0.00,     0.00,     0.00,     0.00,     0.00,     0.00,     0.00,     0.00,     7.62,  -999.99
cty,09133,GA: Greene County,1987,09,PRCP,     2.04,     0.00,     0.00,     0.00,     1.40,     3.95,    17.70,     3.35,     0.00,     0.00,     0.00,     0.09,    10.47,     0.00,     0.00,     0.00,     0.00,     0.00,     0.00,    12.31,     0.00,     0.00,     0.00,     0.00,     0.00,     0.00,     0.00,     0.00,     0.00,     5.27,  -999.99
cty,09135,GA: Gwinnett County,1987,09,PRCP,     0.00,     0.00,     0.00,     0.00,     0.00,     3.14,    13.23,     6.43,     1.87,     0.00,     3.08,     3.59,     8.35,     2.28,     0.00,     0.00,     0.00,     0.00,     0.04,     8.55,     0.00,     0.00,     0.00,     0.00,     0.00,     0.00,     0.00,     0.00,     0.00,    12.51,  -999.99
cty,09137,GA: Habersham County,1987,09,PRCP,     0.03,     0.00,     0.00,     0.00,     0.39,    13.97,    25.78,     3.90,     1.44,     0.36,     8.26,     5.49,    12.09,     0.00,     0.00,     0.00,     1.97,     0.00,     0.02,     6.95,     0.00,     0.00,     0.00,     0.00,     0.00,     0.00,     0.00,     0.00,     0.00,    10.56,  -999.99
cty,09139,GA: Hall County,1987,09,PRCP,     0.00,     0.00,     0.00,     0.00,     0.00,     6.84,    21.71,     6.65,     0.83,     0.00,     5.60,     4.38,    13.38,     0.25,     0.00,     0.00,     0.00,     0.00,     0.07,    10.98,     0.00,     0.00,     0.00,     0.00,     0.00,     0.00,     0.00,     0.00,     0.00,    12.35,  -999.99
cty,09141,GA: Hancock County,1987,09,PRCP,     4.24,     0.00,     0.00,     0.00,     2.35,     3.20,    11.10,     1.19,     0.00,     0.00,     0.08,     0.00,     8.99,     0.10,     0.00,     0.00,     0.00,     0.00,     0.00,    11.27,     0.00,     0.00,     0.00,     0.00,     0.00,     0.00,     0.00,     0.00,     0.04,     5.13,  -999.99
cty,09143,GA: Haralson County,1987,09,PRCP,     0.15,     0.00,     0.00,     0.00,     0.00,     0.00,     4.00,     0.00,     4.89,     0.00,     4.27,     9.90,     9.02,     6.50,     0.00,     0.00,     0.00,     0.00,     3.74,     4.05,     0.00,     0.00,     0.00,     0.00,     0.00,     0.00,     0.00,     0.00,     0.00,    21.95,  -999.99
cty,09145,GA: Harris County,1987,09,PRCP,     6.14,     0.00,     0.00,     0.00,     3.92,     1.68,     5.10,     0.00,    11.15,     0.00,     0.00,    12.19,    16.42,     5.71,     0.00,     0.00,     0.00,     0.00,     0.75,     1.99,     0.00,     0.00,     0.00,     0.00,     0.00,     0.00,     0.00,     0.00,     0.24,    15.01,  -999.99
cty,09147,GA: Hart County,1987,09,PRCP,     0.00,     0.00,     0.00,     0.54,     2.81,     9.85,    18.96,     5.01,     0.00,     0.00,     0.00,     2.71,    10.03,     0.00,     0.00,     0.00,     0.00,     0.00,     0.00,     6.93,     0.00,     0.00,     0.00,     0.00,     0.00,     0.00,     0.00,     0.00,     0.00,     4.13,  -999.99
cty,09149,GA: Heard County,1987,09,PRCP,     2.27,     0.00,     0.00,     0.00,     0.20,     1.33,     5.13,     0.00,     8.42,     0.00,     1.60,     8.99,     8.62,     5.81,     0.00,     0.00,     0.00,     0.00,     2.07,     3.01,     0.00,     0.00,     0.00,     0.00,     0.00,     0.00,     0.00,     0.00,     0.00,    18.44,  -999.99
cty,09151,GA: Henry County,1987,09,PRCP,     2.53,     0.00,     0.00,     0.00,     0.92,     2.74,    14.43,     0.22,     4.98,     0.00,     0.00,     5.60,    10.36,     5.36,     0.00,     0.00,     0.00,     0.00,     0.34,     7.29,     0.00,     0.00,     0.00,     0.00,     0.00,     0.00,     0.00,     0.00,     0.00,    17.47,  -999.99
cty,09153,GA: Houston County,1987,09,PRCP,    13.08,     0.00,     1.58,     0.51,     2.57,     2.52,     9.75,     0.00,     0.05,     0.00,     0.00,     8.52,    18.11,     9.77,     0.00,     0.00,     0.00,     0.00,     0.00,     3.95,     0.00,     0.00,     0.00,     0.00,     0.00,     0.00,     0.00,     0.00,     0.00,     7.35,  -999.99
cty,09155,GA: Irwin County,1987,09,PRCP,    11.07,     0.00,     6.36,    16.46,     3.42,     5.88,     7.38,     0.00,     0.00,     0.14,     0.00,    10.19,    12.02,     9.94,     0.00,     0.00,     0.00,     0.00,     0.00,     4.61,     0.00,     0.00,     0.00,     0.00,     0.00,     0.00,     0.00,     0.00,     0.00,     7.33,  -999.99
cty,09157,GA: Jackson County,1987,09,PRCP,     0.00,     0.00,     0.00,     0.00,     0.56,     8.26,    28.99,     7.13,     0.00,     0.00,     5.02,     4.45,    15.75,     0.00,     0.00,     0.00,     0.00,     0.00,     0.00,    14.77,     0.00,     0.00,     0.00,     0.00,     0.00,     0.00,     0.00,     0.00,     0.00,    10.69,  -999.99
cty,09159,GA: Jasper County,1987,09,PRCP,     2.85,     0.01,     0.00,     0.00,     1.06,     2.93,    13.57,     0.00,     0.00,     0.00,     0.00,     3.68,    11.10,     2.56,     0.00,     0.00,     0.00,     0.00,     0.00,     7.87,     0.00,     0.00,     0.00,     0.00,     0.00,     0.00,     0.00,     0.00,     0.00,     8.51,  -999.99
cty,09161,GA: Jeff Davis County,1987,09,PRCP,    10.52,     0.67,     7.83,     6.96,     5.24,     8.33,     4.44,     0.00,     0.00,     0.00,     0.00,     7.05,     8.78,     2.75,     0.00,     0.00,     0.00,     0.00,     0.00,     3.06,     0.00,     0.00,     0.00,     0.00,     0.00,     0.00,     0.00,     0.00,     0.00,     3.85,  -999.99
cty,09163,GA: Jefferson County,1987,09,PRCP,    13.02,     0.00,     4.51,     1.71,     8.17,     7.67,    12.16,     1.35,     0.00,     0.00,     0.00,     0.11,    14.24,     0.00,     0.00,     0.00,     0.00,     0.00,     0.04,    15.84,     0.00,     0.00,     0.00,     0.00,     0.00,     0.00,     0.00,     0.00,     0.00,     8.93,  -999.99
cty,09165,GA: Jenkins County,1987,09,PRCP,    19.94,     0.07,    16.50,     4.53,    14.05,    14.67,    11.08,     0.51,     0.00,     0.00,     0.00,     7.17,    15.97,     0.00,     0.00,     0.00,     0.00,     0.00,     0.26,    12.05,     0.00,     0.00,     0.00,     0.00,     0.00,     0.00,     0.00,     0.00,     0.00,     9.09,  -999.99
cty,09167,GA: Johnson County,1987,09,PRCP,    18.60,     0.00,    12.12,     4.04,     9.77,     8.79,    12.04,     0.00,     0.00,     0.00,     0.00,     5.55,    19.46,     0.00,     0.00,     0.00,     0.00,     0.00,     0.00,    16.11,     0.00,     0.00,     0.00,     0.00,     0.00,     0.00,     0.00,     0.00,     0.00,     9.73,  -999.99
cty,09169,GA: Jones County,1987,09,PRCP,     3.75,     0.01,     0.00,     0.00,     1.24,     1.81,     8.06,     0.00,     0.00,     0.00,     0.00,     3.05,     8.57,     2.76,     0.00,     0.00,     0.00,     0.00,     0.00,     4.87,     0.00,     0.00,     0.00,     0.00,     0.00,     0.00,     0.00,     0.00,     0.00,     5.14,  -999.99
cty,09171,GA: Lamar County,1987,09,PRCP,     3.82,     0.00,     0.00,     0.00,     1.98,     1.96,    10.04,     0.00,     4.43,     0.00,     0.00,     5.38,    10.08,     5.43,     0.00,     0.00,     0.00,     0.00,     0.00,     3.92,     0.00,     0.00,     0.00,     0.00,     0.00,     0.00,     0.00,     0.00,     0.00,    11.39,  -999.99
cty,09173,GA: Lanier County,1987,09,PRCP,     9.37,     1.76,    16.12,    15.54,     6.10,    12.73,     6.30,     0.00,     0.00,     0.00,     0.00,    16.52,    13.00,    11.13,     0.00,     0.00,     0.00,     0.00,     0.00,     5.95,     0.00,     0.00,     0.00,     0.00,     0.00,     0.00,     0.00,     0.00,     0.00,     8.87,  -999.99
cty,09175,GA: Laurens County,1987,09,PRCP,    19.44,     0.00,     9.21,     6.08,     7.84,     8.08,    11.49,     0.00,     0.00,     0.00,     1.58,     9.35,    21.37,     0.00,     0.00,     0.00,     0.00,     0.00,     0.00,    10.65,     0.00,     0.00,     0.00,     0.00,     0.00,     0.00,     0.00,     0.00,     0.00,     8.99,  -999.99
cty,09177,GA: Lee County,1987,09,PRCP,     8.85,     0.00,     3.36,     0.31,     0.89,     0.00,     3.10,     0.00,     0.48,     0.00,     0.00,     9.28,    10.29,     5.10,     0.00,     0.00,     0.00,     0.00,     0.00,     1.74,     0.00,     0.00,     0.00,     0.00,     0.00,     0.00,     0.00,     0.00,     0.00,     4.28,  -999.99
cty,09179,GA: Liberty County,1987,09,PRCP,    28.59,     5.47,    18.05,    31.85,    48.85,    39.90,    11.54,     0.00,     0.00,     0.00,     0.00,    10.10,    11.63,     2.39,     0.00,     0.00,     0.00,     0.00,     0.00,     5.00,     0.00,     0.00,     0.00,     0.00,     0.00,     0.00,     0.00,     0.00,     0.00,     8.78,  -999.99
cty,09181,GA: Lincoln County,1987,09,PRCP,     3.62,     0.00,     0.00,     0.00,     6.15,     5.69,    13.40,     6.23,     0.00,     0.00,     0.00,     0.24,     8.61,     0.00,     0.00,     0.00,     0.00,     0.00,     0.09,     8.06,     0.00,     0.00,     0.00,     0.00,     0.00,     0.00,     0.00,     0.00,     0.00,     5.58,  -999.99
cty,09183,GA: Long County,1987,09,PRCP,    24.18,     3.55,    17.90,    17.52,    23.90,    29.27,     9.60,     0.00,     0.00,     0.00,     0.00,    10.08,    11.04,     1.39,     0.00,     0.00,     0.00,     0.00,     0.00,     4.03,     0.00,     0.00,     0.00,     0.00,     0.00,     0.00,     0.00,     0.00,     0.00,     7.32,  -999.99
cty,09185,GA: Lowndes County,1987,09,PRCP,     4.21,     1.30,     8.93,     7.27,     3.69,     6.03,     3.00,     0.00,     0.00,     0.00,     0.09,    10.62,     7.70,     6.06,     0.00,     0.00,     0.00,     0.00,     0.00,     4.02,     0.00,     0.00,     0.00,     0.00,     0.00,     0.00,     0.00,     0.00,     0.00,     5.86,  -999.99
cty,09187,GA: Lumpkin County,1987,09,PRCP,     0.20,     0.00,     0.00,     0.00,     0.00,     7.58,    20.20,     6.47,     1.56,     0.02,     7.89,     6.22,    14.82,     0.18,     0.00,     0.00,     0.00,     0.00,     0.80,     9.72,     0.00,     0.00,     0.00,     0.00,     0.00,     0.00,     0.00,     0.00,     0.00,    16.46,  -999.99
cty,09189,GA: McDuffie County,1987,09,PRCP,     6.72,     0.00,     0.00,     0.00,     6.12,     5.66,    14.35,     4.94,     0.00,     0.00,     0.00,     0.00,    10.48,     0.00,     0.00,     0.00,     0.00,     0.00,     0.00,    13.12,     0.00,     0.00,     0.00,     0.00,     0.00,     0.00,     0.00,     0.00,     0.00,     7.43,  -999.99
cty,09191,GA: McIntosh County,1987,09,PRCP,    30.14,    10.65,    20.21,    35.77,    60.35,    44.01,    12.33,     0.00,     0.00,     0.00,     0.00,    11.47,    12.02,     6.17,     0.00,     0.00,     0.00,     0.00,     0.00,     4.33,     0.00,     0.00,     0.00,     0.00,     0.00,     0.00,     0.00,     0.00,     0.00,     8.53,  -999.99
cty,09193,GA: Macon County,1987,09,PRCP,    14.97,     0.00,    12.97,     0.00,     3.22,     0.72,     8.15,     0.00,     3.28,     0.00,     0.00,    11.86,    20.87,    11.78,     0.00,     0.00,     0.00,     0.00,     0.00,     3.02,     0.00,     0.00,     0.00,     0.00,     0.00,     0.00,     0.00,     0.00,     0.00,     8.17,  -999.99
cty,09195,GA: Madison County,1987,09,PRCP,     0.00,     0.00,     0.00,     0.00,     2.06,     8.76,    27.28,     5.78,     0.00,     0.00,     0.78,     3.30,    13.30,     0.00,     0.00,     0.00,     0.00,     0.00,     0.00,    12.42,     0.00,     0.00,     0.00,     0.00,     0.00,     0.00,     0.00,     0.00,     0.00,     6.04,  -999.99
cty,09197,GA: Marion County,1987,09,PRCP,    11.10,     0.00,     1.80,     0.00,     3.19,     0.53,     4.00,     0.00,     5.67,     0.00,     0.00,    12.95,    16.86,     6.01,     0.00,     0.00,     0.00,     0.00,     0.00,     1.64,     0.00,     0.00,     0.00,     0.00,     0.00,     0.00,     0.00,     0.00,     0.00,     8.40,  -999.99
cty,09199,GA: Meriwether County,1987,09,PRCP,     5.90,     0.00,     0.00,     0.00,     3.14,     1.85,     8.99,     0.00,    12.02,     0.00,     0.00,    11.87,    13.82,     8.83,     0.00,     0.00,     0.00,     0.00,     0.58,     3.97,     0.00,     0.00,     0.00,     0.00,     0.00,     0.00,     0.00,     0.00,     0.00,    23.03,  -999.99
cty,09201,GA: Miller County,1987,09,PRCP,     5.73,     0.00,     5.49,     0.00,     4.15,     5.65,     1.24,     0.00,     3.16,     0.00,     0.00,    14.41,    14.11,     0.00,     0.00,     0.00,     0.00,     0.00,     0.00,     4.22,     0.00,     0.00,     0.00,     0.00,     0.00,     0.00,     0.00,     0.00,     0.00,     5.36,  -999.99
cty,09205,GA: Mitchell County,1987,09,PRCP,     6.64,     0.00,     4.35,     0.30,     2.16,     2.90,     2.57,     0.00,     0.00,     0.00,     0.00,    11.53,    10.57,     2.44,     0.00,     0.00,     0.00,     0.00,     0.00,     3.97,     0.00,     0.00,     0.00,     0.00,     0.00,     0.00,     0.00,     0.00,     0.00,     5.54,  -999.99
cty,09207,GA: Monroe County,1987,09,PRCP,     3.51,     0.01,     0.00,     0.00,     1.40,     1.59,     7.99,     0.00,     1.92,     0.00,     0.00,     3.85,     8.59,     4.25,     0.00,     0.00,     0.00,     0.00,     0.00,     3.39,     0.00,     0.00,     0.00,     0.00,     0.00,     0.00,     0.00,     0.00,     0.00,     6.78,  -999.99
cty,09209,GA: Montgomery County,1987,09,PRCP,    15.49,     0.00,    13.32,     6.79,     8.91,     9.65,     6.02,     0.00,     0.00,     0.00,     0.00,     9.11,    14.37,     0.00,     0.00,     0.00,     0.00,     0.00,     0.00,     5.56,     0.00,     0.00,     0.00,     0.00,     0.00,     0.00,     0.00,     0.00,     0.00,     5.21,  -999.99
cty,09211,GA: Morgan County,1987,09,PRCP,     1.04,     0.00,     0.00,     0.00,     0.39,     3.39,    14.38,     2.28,     0.00,     0.00,     0.05,     2.08,     9.24,     0.00,     0.00,     0.00,     0.00,     0.00,     0.00,     8.86,     0.00,     0.00,     0.00,     0.00,     0.00,     0.00,     0.00,     0.00,     0.00,     5.63,  -999.99
cty,09213,GA: Murray County,1987,09,PRCP,     0.13,     0.00,     0.00,     0.00,     0.00,     0.17,     4.21,     8.11,     2.66,     0.02,     4.66,     9.48,    12.66,     1.87,     0.00,     0.00,     0.30,     0.00,     3.26,     6.94,     0.00,     0.00,     0.00,     0.00,     0.00,     0.00,     0.00,     0.00,     0.02,    23.59,  -999.99
cty,09215,GA: Muscogee County,1987,09,PRCP,     7.36,     0.00,     0.00,     0.00,     3.55,     1.44,     3.41,     0.00,     8.51,     0.00,     0.00,    11.44,    16.42,     3.61,     0.00,     0.00,     0.00,     0.00,     0.00,     1.43,     0.00,     0.00,     0.00,     0.00,     0.00,     0.00,     0.00,     0.00,     0.00,    10.35,  -999.99
cty,09217,GA: Newton County,1987,09,PRCP,     1.50,     0.00,     0.00,     0.00,     0.19,     2.92,    13.65,     1.67,     0.49,     0.00,     0.88,     3.41,     9.46,     2.61,     0.00,     0.00,     0.00,     0.00,     0.00,     7.85,     0.00,     0.00,     0.00,     0.00,     0.00,     0.00,     0.00,     0.00,     0.16,     9.90,  -999.99
cty,09219,GA: Oconee County,1987,09,PRCP,     0.00,     0.00,     0.00,     0.00,     0.48,     4.46,    18.84,     3.73,     0.00,     0.00,     1.23,     2.48,    10.19,     0.00,     0.00,     0.00,     0.00,     0.00,     0.00,    10.58,     0.00,     0.00,     0.00,     0.00,     0.00,     0.00,     0.00,     0.00,     0.00,     5.58,  -999.99
cty,09221,GA: Oglethorpe County,1987,09,PRCP,     0.35,     0.00,     0.00,     0.00,     2.23,     7.32,    29.62,     5.99,     0.00,     0.00,     0.47,     0.51,    14.00,     0.00,     0.00,     0.00,     0.00,     0.00,     0.00,    15.55,     0.00,     0.00,     0.00,     0.00,     0.00,     0.00,     0.00,     0.00,     0.00,     5.71,  -999.99
cty,09223,GA: Paulding County,1987,09,PRCP,     0.00,     0.00,     0.00,     0.00,     0.00,     0.72,     5.36,     3.08,     5.29,     0.00,     2.64,     8.01,     6.70,     6.40,     0.00,     0.00,     0.00,     0.00,     2.61,     5.30,     0.00,     0.00,     0.00,     0.00,     0.00,     0.00,     0.00,     0.00,     0.00,    22.46,  -999.99
cty,09225,GA: Peach County,1987,09,PRCP,    12.00,     0.00,     0.00,     0.00,     2.80,     2.21,    10.44,     0.00,     1.87,     0.00,     0.00,     9.00,    18.80,    10.70,     0.00,     0.00,     0.00,     0.00,     0.00,     3.82,     0.00,     0.00,     0.00,     0.00,     0.00,     0.00,     0.00,     0.00,     0.00,     8.26,  -999.99
cty,09227,GA: Pickens County,1987,09,PRCP,     0.09,     0.00,     0.00,     0.00,     0.00,     1.83,     6.61,     9.22,     1.62,     0.00,     5.35,     6.15,    13.03,     1.19,     0.00,     0.00,     0.00,     0.00,     1.79,     7.48,     0.00,     0.00,     0.00,     0.00,     0.00,     0.00,     0.00,     0.00,     0.00,    18.63,  -999.99
cty,09229,GA: Pierce County,1987,09,PRCP,    14.47,     6.94,    12.17,     3.92,     4.25,    18.68,     6.07,     0.00,     0.00,     0.00,     0.00,     9.51,     8.23,     5.36,     0.00,     0.00,     0.17,     0.00,     0.00,     2.78,     0.00,     0.00,     0.00,     0.00,     0.00,     0.00,     0.00,     0.00,     0.15,     4.36,  -999.99
cty,09231,GA: Pike County,1987,09,PRCP,     5.17,     0.00,     0.00,     0.00,     3.01,     2.09,    11.50,     0.00,     8.48,     0.00,     0.00,     8.61,    12.74,     7.77,     0.00,     0.00,     0.00,     0.00,     0.04,     4.64,     0.00,     0.00,     0.00,     0.00,     0.00,     0.00,     0.00,     0.00,     0.00,    19.70,  -999.99
cty,09233,GA: Polk County,1987,09,PRCP,     0.00,     0.00,     0.00,     0.00,     0.00,     0.00,     2.78,     0.00,     3.11,     0.00,     3.14,     8.38,     7.92,     5.64,     0.00,     0.00,     0.00,     0.00,     3.53,     3.03,     0.00,     0.00,     0.00,     0.00,     0.00,     0.00,     0.00,     0.00,     0.00,    18.14,  -999.99
cty,09235,GA: Pulaski County,1987,09,PRCP,    14.30,     0.00,     4.41,     3.79,     2.47,     3.19,     8.48,     0.00,     0.00,     0.00,     0.00,     8.11,    16.54,     8.38,     0.00,     0.00,     0.00,     0.00,     0.00,     3.74,     0.00,     0.00,     0.00,     0.00,     0.00,     0.00,     0.00,     0.00,     0.38,     6.87,  -999.99
cty,09237,GA: Putnam County,1987,09,PRCP,     2.78,     0.00,     0.00,     0.00,     1.13,     2.82,    11.90,     0.29,     0.00,     0.00,     0.00,     1.71,     9.53,     0.00,     0.00,     0.00,     0.00,     0.00,     0.00,     8.63,     0.00,     0.00,     0.00,     0.00,     0.00,     0.00,     0.00,     0.00,     0.00,     5.49,  -999.99
cty,09239,GA: Quitman County,1987,09,PRCP,     8.14,     0.00,     0.00,     0.00,     2.04,     3.24,     1.65,     0.00,     5.00,     0.00,     0.56,    12.32,    15.61,     0.00,     0.00,     0.00,     0.00,     0.00,     0.14,     1.45,     0.00,     0.00,     0.00,     0.00,     0.00,     0.00,     0.00,     0.00,     0.00,     5.27,  -999.99
cty,09241,GA: Rabun County,1987,09,PRCP,     0.20,     0.00,     0.00,     0.00,     0.82,    26.21,    37.03,     5.32,     3.33,     2.17,    12.47,     9.60,    15.85,     0.10,     0.00,     0.00,     5.67,     0.08,     0.15,     8.06,     0.00,     0.00,     0.00,     0.00,     0.00,     0.00,     0.00,     0.00,     0.00,    18.08,  -999.99
cty,09243,GA: Randolph County,1987,09,PRCP,     7.94,     0.00,     1.68,     0.00,     1.96,     2.54,     1.85,     0.00,     3.56,     0.00,     1.18,    12.09,    13.92,     0.00,     0.00,     0.00,     0.00,     0.00,     0.00,     1.54,     0.00,     0.00,     0.00,     0.00,     0.00,     0.00,     0.00,     0.00,     0.00,     4.69,  -999.99
cty,09245,GA: Richmond County,1987,09,PRCP,     9.99,     0.00,     0.00,     0.84,     6.59,     8.08,    12.94,     6.21,     0.00,     0.00,     0.00,     0.00,    11.46,     0.00,     0.00,     0.00,     0.00,     0.00,     0.00,     9.17,     0.00,     0.00,     0.00,     0.00,     0.00,     0.00,     0.00,     0.00,     0.00,     8.88,  -999.99
cty,09247,GA: Rockdale County,1987,09,PRCP,     1.00,     0.00,     0.00,     0.00,     0.00,     2.65,    12.65,     3.35,     2.63,     0.00,     0.55,     3.66,     8.36,     3.02,     0.00,     0.00,     0.00,     0.00,     0.00,     7.44,     0.00,     0.00,     0.00,     0.00,     0.00,     0.00,     0.00,     0.00,     0.00,    12.08,  -999.99
cty,09249,GA: Schley County,1987,09,PRCP,    12.53,     0.00,     8.41,     0.00,     2.98,     0.00,     5.14,     0.00,     4.13,     0.00,     0.00,    12.70,    17.57,     8.07,     0.00,     0.00,     0.00,     0.00,     0.00,     1.88,     0.00,     0.00,     0.00,     0.00,     0.00,     0.00,     0.00,     0.00,     0.00,     7.14,  -999.99
cty,09251,GA: Screven County,1987,09,PRCP,    23.83,     0.56,    14.84,     7.02,    23.09,    22.80,    12.76,     3.47,     0.00,     0.00,     0.00,     6.36,    14.33,     0.00,     0.00,     0.00,     0.00,     0.00,     0.00,     9.36,     0.00,     0.00,     0.00,     0.00,     0.00,     0.00,     0.00,     0.00,     0.00,     9.03,  -999.99
cty,09253,GA: Seminole County,1987,09,PRCP,     6.48,     0.03,     5.97,     0.00,    10.22,     8.11,     0.00,     0.16,     4.28,     0.00,     0.00,    17.61,    15.75,     0.00,     0.00,     0.00,     0.00,     0.00,     0.00,     6.11,     0.00,     0.00,     0.00,     0.00,     0.00,     0.00,     0.00,     0.00,     0.00,     6.61,  -999.99
cty,09255,GA: Spalding County,1987,09,PRCP,     4.03,     0.00,     0.00,     0.00,     2.54,     2.40,    13.78,     0.00,     7.11,     0.00,     0.00,     7.15,    11.70,     7.02,     0.00,     0.00,     0.00,     0.00,     0.90,     5.94,     0.00,     0.00,     0.00,     0.00,     0.00,     0.00,     0.00,     0.00,     0.00,    20.33,  -999.99
cty,09257,GA: Stephens County,1987,09,PRCP,     0.00,     0.00,     0.00,     0.10,     1.07,    12.88,    22.91,     4.11,     0.07,     0.00,     5.28,     3.41,    11.94,     0.00,     0.00,     0.00,     0.08,     0.00,     0.00,     7.04,     0.00,     0.00,     0.00,     0.00,     0.00,     0.00,     0.00,     0.00,     0.00,     6.43,  -999.99
cty,09259,GA: Stewart County,1987,09,PRCP,    10.25,     0.00,     0.34,     0.00,     2.47,     1.87,     2.19,     0.00,     5.51,     0.00,     0.79,    13.27,    16.74,     0.90,     0.00,     0.00,     0.00,     0.00,     0.08,     1.42,     0.00,     0.00,     0.00,     0.00,     0.00,     0.00,     0.00,     0.00,     0.00,     6.74,  -999.99
cty,09261,GA: Sumter County,1987,09,PRCP,    11.57,     0.00,     6.46,     0.12,     1.77,     0.00,     4.11,     0.00,     2.11,     0.00,     0.00,    11.27,    14.26,     6.84,     0.00,     0.00,     0.00,     0.00,     0.00,     1.72,     0.00,     0.00,     0.00,     0.00,     0.00,     0.00,     0.00,     0.00,     0.00,     5.37,  -999.99
cty,09263,GA: Talbot County,1987,09,PRCP,     5.87,     0.00,     0.00,     0.00,     2.78,     1.18,     5.05,     0.00,     6.12,     0.00,     0.00,     8.21,    11.61,     5.46,     0.00,     0.00,     0.00,     0.00,     0.00,     1.77,     0.00,     0.00,     0.00,     0.00,     0.00,     0.00,     0.00,     0.00,     0.00,     9.49,  -999.99
cty,09265,GA: Taliaferro County,1987,09,PRCP,     3.41,     0.00,     0.00,     0.00,     2.96,     4.55,    17.08,     3.88,     0.00,     0.00,     0.00,     0.00,    10.02,     0.00,     0.00,     0.00,     0.00,     0.00,     0.00,    13.62,     0.00,     0.00,     0.00,     0.00,     0.00,     0.00,     0.00,     0.00,     0.00,     5.36,  -999.99
cty,09267,GA: Tattnall County,1987,09,PRCP,    23.95,     1.89,    26.13,     8.79,    16.93,    22.91,     9.47,     0.00,     0.00,     0.00,     0.00,    10.77,    15.23,     0.00,     0.00,     0.00,     0.00,     0.00,     0.00,     6.72,     0.00,     0.00,     0.00,     0.00,     0.00,     0.00,     0.00,     0.00,     0.00,     7.76,  -999.99
cty,09269,GA: Taylor County,1987,09,PRCP,     9.78,     0.00,     1.71,     0.01,     3.08,     1.27,     6.77,     0.00,     4.84,     0.00,     0.00,     9.81,    15.85,     8.37,     0.00,     0.00,     0.00,     0.00,     0.00,     2.34,     0.00,     0.00,     0.00,     0.00,     0.00,     0.00,     0.00,     0.00,     0.00,     8.65,  -999.99
cty,09271,GA: Telfair County,1987,09,PRCP,    12.01,     0.04,     6.31,    10.32,     4.74,     6.39,     6.11,     0.00,     0.00,     0.15,     0.00,     7.66,    11.88,     4.58,     0.00,     0.00,     0.00,     0.00,     0.00,     3.76,     0.00,     0.00,     0.00,     0.00,     0.00,     0.00,     0.00,     0.00,     0.00,     5.21,  -999.99
cty,09273,GA: Terrell County,1987,09,PRCP,     7.80,     0.00,     3.22,     0.02,     1.39,     0.62,     2.20,     0.00,     2.20,     0.00,     0.57,    10.17,    11.13,     2.88,     0.00,     0.00,     0.00,     0.00,     0.00,     1.39,     0.00,     0.00,     0.00,     0.00,     0.00,     0.00,     0.00,     0.00,     0.04,     3.97,  -999.99
cty,09275,GA: Thomas County,1987,09,PRCP,     5.66,     0.00,     6.12,     0.91,     5.16,     5.08,     3.03,     0.00,     0.00,     0.00,     0.52,    13.60,    10.40,     4.52,     0.00,     0.00,     0.00,     0.00,     0.00,     6.17,     0.00,     0.00,     0.00,     0.00,     0.00,     0.00,     0.00,     0.00,     0.00,     7.34,  -999.99
cty,09277,GA: Tift County,1987,09,PRCP,    12.57,     0.10,     7.24,    12.50,     2.88,     6.15,     7.91,     0.00,     0.00,     2.25,     0.00,    14.36,    14.79,    11.82,     0.00,     0.00,     0.00,     0.00,     0.00,     5.77,     0.00,     0.00,     0.00,     0.00,     0.00,     0.00,     0.00,     0.00,     0.00,     9.26,  -999.99
cty,09279,GA: Toombs County,1987,09,PRCP,    18.75,     0.83,    21.17,     6.19,    11.36,    14.43,     7.30,     0.00,     0.00,     0.00,     0.00,     9.89,    14.85,     0.00,     0.00,     0.00,     0.00,     0.00,     0.00,     6.26,     0.00,     0.00,     0.00,     0.00,     0.00,     0.00,     0.00,     0.00,     0.00,     6.19,  -999.99
cty,09281,GA: Towns County,1987,09,PRCP,     0.66,     0.00,     0.00,     0.01,     0.36,    11.40,    23.81,     7.11,     1.93,     0.32,     6.42,     8.37,    14.45,     0.11,     0.00,     0.00,     1.83,     0.11,     1.38,    10.74,     0.00,     0.00,     0.00,     0.00,     0.00,     0.00,     0.00,     0.00,     0.00,    22.12,  -999.99
cty,09283,GA: Treutlen County,1987,09,PRCP,    19.67,     0.00,    19.13,     5.57,    11.07,    11.01,     8.98,     0.00,     0.00,     0.00,     0.00,    10.30,    19.11,     0.00,     0.00,     0.00,     0.00,     0.00,     0.00,     9.83,     0.00,     0.00,     0.00,     0.00,     0.00,     0.00,     0.00,     0.00,     0.00,     7.65,  -999.99
cty,09285,GA: Troup County,1987,09,PRCP,     5.12,     0.00,     0.00,     0.00,     2.46,     1.67,     6.35,     0.00,    12.86,     0.00,     0.00,    13.21,    15.06,     7.64,     0.00,     0.00,     0.00,     0.10,     2.43,     3.24,     0.00,     0.00,     0.00,     0.00,     0.00,     0.00,     0.00,     0.00,     0.00,    23.09,  -999.99
cty,09287,GA: Turner County,1987,09,PRCP,    14.34,     0.00,     5.39,     9.67,     1.91,     3.75,     7.97,     0.00,     0.00,     0.00,     0.39,    12.60,    15.20,    11.42,     0.00,     0.00,     0.00,     0.00,     0.19,     4.51,     0.00,     0.00,     0.00,     0.00,     0.00,     0.00,     0.00,     0.00,     0.00,     8.41,  -999.99
cty,09289,GA: Twiggs County,1987,09,PRCP,     7.52,     0.00,     0.00,     0.39,     1.93,     2.23,     7.26,     0.00,     0.00,     0.00,     0.28,     4.40,    11.14,     4.38,     0.00,     0.00,     0.00,     0.00,     0.00,     4.29,     0.00,     0.00,     0.00,     0.00,     0.00,     0.00,     0.00,     0.00,     0.00,     5.03,  -999.99
cty,09291,GA: Union County,1987,09,PRCP,     0.56,     0.00,     0.00,     0.21,     0.11,     6.42,    19.14,     7.83,     2.11,     0.00,     4.65,     7.47,    13.77,     1.53,     0.00,     0.00,     0.08,     0.02,     1.98,    10.82,     0.00,     0.00,     0.00,     0.00,     0.00,     0.00,     0.00,     0.00,     0.00,    20.96,  -999.99
cty,09293,GA: Upson County,1987,09,PRCP,     5.25,     0.00,     0.00,     0.00,     2.51,     1.57,     7.87,     0.00,     5.59,     0.00,     0.00,     7.01,    11.45,     6.24,     0.00,     0.00,     0.00,     0.00,     0.00,     2.85,     0.00,     0.00,     0.00,     0.00,     0.00,     0.00,     0.00,     0.00,     0.00,    11.16,  -999.99
cty,09295,GA: Walker County,1987,09,PRCP,     0.00,     0.00,     0.00,     0.00,     0.00,     0.00,     5.88,     8.93,     4.44,     0.24,     6.71,    15.55,    15.52,     7.21,     0.00,     0.00,     0.00,     0.00,     4.93,     4.81,     0.00,     0.00,     0.00,     0.00,     0.00,     0.00,     0.00,     0.00,     0.00,    20.43,  -999.99
cty,09297,GA: Walton County,1987,09,PRCP,     0.07,     0.00,     0.00,     0.00,     0.00,     3.08,    13.03,     3.37,     0.10,     0.00,     2.44,     2.46,     7.86,     0.45,     0.00,     0.00,     0.00,     0.00,     0.00,     7.69,     0.00,     0.00,     0.00,     0.00,     0.00,     0.00,     0.00,     0.00,     0.00,     6.89,  -999.99
cty,09299,GA: Ware County,1987,09,PRCP,    11.57,     9.52,    15.17,     4.31,     3.88,    16.27,     5.85,     0.00,     0.00,     0.00,     0.00,    11.49,     9.82,     7.20,     0.00,     0.00,     0.06,     0.00,     0.00,     3.22,     0.00,     0.00,     0.00,     0.00,     0.00,     0.00,     0.00,     0.00,     0.04,     4.91,  -999.99
cty,09301,GA: Warren County,1987,09,PRCP,     5.30,     0.00,     0.00,     0.00,     4.15,     4.39,    12.60,     3.32,     0.00,     0.00,     0.00,     0.00,     9.01,     0.00,     0.00,     0.00,     0.00,     0.00,     0.00,    13.39,     0.00,     0.00,     0.00,     0.00,     0.00,     0.00,     0.00,     0.00,     0.00,     5.94,  -999.99
cty,09303,GA: Washington County,1987,09,PRCP,    11.07,     0.00,     2.89,     1.28,     5.85,     4.93,    11.06,     0.18,     0.08,     0.00,     0.00,     0.28,    13.33,     0.00,     0.00,     0.00,     0.00,     0.00,     0.00,    15.75,     0.00,     0.00,     0.00,     0.00,     0.00,     0.00,     0.00,     0.00,     0.00,     7.86,  -999.99
cty,09305,GA: Wayne County,1987,09,PRCP,    20.47,     4.67,    16.30,    10.79,    13.57,    24.36,     8.27,     0.00,     0.00,     0.00,     0.00,    10.15,    10.03,     4.01,     0.00,     0.00,     0.00,     0.00,     0.00,     3.23,     0.00,     0.00,     0.00,     0.00,     0.00,     0.00,     0.00,     0.00,     0.00,     6.00,  -999.99
cty,09307,GA: Webster County,1987,09,PRCP,    13.35,     0.00,     3.94,     0.00,     2.98,     0.18,     3.11,     0.00,     4.69,     0.14,     0.64,    16.22,    18.54,     4.94,     0.00,     0.00,     0.00,     0.00,     0.00,     1.53,     0.00,     0.00,     0.00,     0.00,     0.00,     0.00,     0.00,     0.00,     0.00,     6.86,  -999.99
cty,09309,GA: Wheeler County,1987,09,PRCP,    13.76,     0.02,     8.64,     7.75,     6.82,     7.66,     5.78,     0.00,     0.00,     0.00,     0.00,     8.26,    13.48,     0.00,     0.00,     0.00,     0.00,     0.00,     0.00,     4.60,     0.00,     0.00,     0.00,     0.00,     0.00,     0.00,     0.00,     0.00,     0.00,     4.91,  -999.99
cty,09311,GA: White County,1987,09,PRCP,     0.24,     0.00,     0.00,     0.04,     0.20,    11.48,    25.75,     5.43,     1.49,     0.00,     8.31,     6.40,    14.67,     0.00,     0.00,     0.00,     0.77,     0.00,     0.27,     9.58,     0.00,     0.00,     0.00,     0.00,     0.00,     0.00,     0.00,     0.00,     0.00,    15.33,  -999.99
cty,09313,GA: Whitfield County,1987,09,PRCP,     0.04,     0.00,     0.00,     0.00,     0.00,     0.00,     4.07,     7.35,     3.48,     0.00,     4.04,    11.00,    12.77,     4.40,     0.00,     0.00,     0.12,     0.00,     3.73,     5.54,     0.00,     0.00,     0.00,     0.00,     0.00,     0.00,     0.00,     0.00,     0.00,    19.18,  -999.99
cty,09315,GA: Wilcox County,1987,09,PRCP,    15.88,     0.00,     5.98,    10.44,     2.80,     4.33,     9.23,     0.00,     0.00,     0.83,     0.00,    10.42,    16.89,    10.72,     0.00,     0.00,     0.00,     0.00,     0.00,     4.35,     0.00,     0.00,     0.00,     0.00,     0.00,     0.00,     0.00,     0.00,     0.00,     8.10,  -999.99
cty,09317,GA: Wilkes County,1987,09,PRCP,     2.73,     0.00,     0.00,     0.00,     4.32,     6.07,    19.21,     5.58,     0.00,     0.00,     0.00,     0.00,    10.25,     0.13,     0.00,     0.00,     0.00,     0.00,     0.00,    12.09,     0.00,     0.00,     0.00,     0.00,     0.00,     0.00,     0.00,     0.00,     0.00,     5.21,  -999.99
cty,09319,GA: Wilkinson County,1987,09,PRCP,     9.78,     0.00,     1.00,     1.00,     3.52,     3.68,     9.98,     0.00,     0.00,     0.00,     0.40,     3.63,    13.48,     0.34,     0.00,     0.00,     0.00,     0.00,     0.00,     8.96,     0.00,     0.00,     0.00,     0.00,     0.00,     0.00,     0.00,     0.00,     0.00,     6.55,  -999.99
cty,09321,GA: Worth County,1987,09,PRCP,    11.14,     0.00,     4.14,     3.85,     1.32,     2.07,     5.07,     0.00,     0.00,     0.00,     0.00,    12.24,    12.52,     8.13,     0.00,     0.00,     0.00,     0.00,     0.00,     3.81,     0.00,     0.00,     0.00,     0.00,     0.00,     0.00,     0.00,     0.00,     0.00,     6.95,  -999.99
cty,10001,ID: Ada County,1987,09,PRCP,     0.00,     0.00,     0.00,     0.00,     0.00,     0.00,     0.00,     0.00,     0.00,     0.00,     0.00,     0.00,     0.00,     0.00,     0.00,     0.00,     0.00,     0.00,     0.00,     0.00,     0.00,     0.00,     0.00,     0.00,     0.00,     0.00,     0.00,     0.00,     0.00,     0.00,  -999.99
cty,10003,ID: Adams County,1987,09,PRCP,     0.01,     0.00,     0.00,     0.00,     0.00,     0.00,     0.00,     0.00,     0.00,     0.00,     0.00,     0.00,     0.00,     0.00,     0.00,     0.00,     0.00,     0.00,     0.00,     0.00,     0.00,     0.00,     0.00,     0.00,     0.00,     0.00,     0.00,     0.01,     0.00,     0.00,  -999.99
cty,10005,ID: Bannock County,1987,09,PRCP,     0.00,     0.00,     0.00,     0.42,     0.00,     0.00,     0.00,     0.00,     0.00,     0.00,     0.00,     0.00,     0.00,     0.00,     0.00,     0.00,     0.00,     0.00,     0.00,     0.00,     0.00,     0.00,     0.00,     0.00,     0.00,     0.00,     0.00,     0.00,     0.00,     0.00,  -999.99
cty,10007,ID: Bear Lake County,1987,09,PRCP,     0.00,     0.00,     0.00,    15.51,     0.13,     0.01,     0.00,     0.00,     0.02,     0.00,     0.00,     0.00,     0.00,     0.00,     1.11,     0.06,     0.02,     0.00,     0.00,     0.00,     0.00,     0.00,     0.00,     0.00,     0.00,     0.01,     0.00,     0.00,     0.00,     0.00,  -999.99
cty,10009,ID: Benewah County,1987,09,PRCP,     0.00,     0.00,     0.00,     0.00,     0.00,     0.00,     0.00,     0.00,     0.00,     0.00,     0.00,     0.00,     0.00,     0.00,     0.00,     0.00,     0.00,     0.00,     0.00,     0.00,     0.00,     0.00,     0.00,     0.00,     0.00,     0.01,     0.45,     0.28,     0.00,     0.00,  -999.99
cty,10011,ID: Bingham County,1987,09,PRCP,     0.00,     0.00,     0.00,     0.00,     0.00,     0.00,     0.00,     0.00,     0.00,     0.00,     0.00,     0.00,     0.00,     0.00,     0.00,     0.00,     0.00,     0.00,     0.00,     0.00,     0.00,     0.00,     0.00,     0.00,     0.00,     0.00,     0.00,     0.00,     0.00,     0.00,  -999.99
cty,10013,ID: Blaine County,1987,09,PRCP,     0.00,     0.00,     0.00,     0.00,     0.00,     0.00,     0.00,     0.00,     0.00,     0.00,     0.00,     0.00,     0.00,     0.00,     0.00,     0.00,     0.00,     0.00,     0.00,     0.00,     0.00,     0.00,     0.00,     0.00,     0.00,     0.00,     0.00,     0.00,     0.00,     0.00,  -999.99
cty,10015,ID: Boise County,1987,09,PRCP,     0.00,     0.00,     0.00,     0.00,     0.00,     0.00,     0.00,     0.00,     0.00,     0.00,     0.00,     0.00,     0.00,     0.00,     0.00,     0.00,     0.00,     0.00,     0.00,     0.00,     0.00,     0.00,     0.00,     0.00,     0.00,     0.00,     0.00,     0.00,     0.00,     0.00,  -999.99
cty,10017,ID: Bonner County,1987,09,PRCP,     0.00,     0.01,     0.13,     0.00,     0.00,     0.00,     0.00,     0.00,     0.00,     0.00,     0.00,     0.00,     0.00,     0.00,     0.02,     0.00,     0.00,     0.00,     0.00,     0.00,     0.00,     0.02,     0.00,     0.00,     0.00,     2.22,     2.26,     8.84,     0.00,     0.00,  -999.99
cty,10019,ID: Bonneville County,1987,09,PRCP,     0.00,     0.00,     0.00,     0.23,     0.03,     0.00,     0.00,     0.00,     0.00,     0.00,     0.00,     0.00,     0.00,     0.00,     0.00,     0.00,     0.00,     0.00,     0.00,     0.00,     0.00,     0.00,     0.00,     0.00,     0.00,     0.00,     0.00,     0.00,     0.00,     0.00,  -999.99
cty,10021,ID: Boundary County,1987,09,PRCP,     0.00,     0.64,     0.16,     0.00,     0.00,     0.00,     0.00,     0.00,     0.00,     0.00,     0.00,     0.00,     0.00,     0.03,     0.00,     0.00,     0.00,     0.00,     0.00,     0.00,     0.00,     0.00,     0.00,     0.00,     0.01,     1.78,     0.81,    10.50,     0.00,     0.00,  -999.99
cty,10023,ID: Butte County,1987,09,PRCP,     0.00,     0.00,     0.00,     0.00,     0.00,     0.00,     0.00,     0.00,     0.00,     0.00,     0.00,     0.00,     0.00,     0.00,     0.00,     0.00,     0.00,     0.00,     0.00,     0.00,     0.00,     0.00,     0.00,     0.00,     0.00,     0.10,     0.00,     0.00,     0.00,     0.00,  -999.99
cty,10025,ID: Camas County,1987,09,PRCP,     0.00,     0.00,     0.00,     0.00,     0.00,     0.00,     0.00,     0.00,     0.00,     0.00,     0.00,     0.00,     0.00,     0.00,     0.00,     0.00,     0.00,     0.00,     0.00,     0.00,     0.00,     0.00,     0.00,     0.00,     0.00,     0.00,     0.00,     0.00,     0.00,     0.00,  -999.99
cty,10027,ID: Canyon County,1987,09,PRCP,     0.00,     0.00,     0.00,     0.00,     0.00,     0.00,     0.00,     0.00,     0.00,     0.00,     0.00,     0.00,     0.00,     0.00,     0.00,     0.00,     0.00,     0.00,     0.00,     0.00,     0.00,     0.00,     0.00,     0.00,     0.00,     0.00,     0.00,     0.00,     0.00,     0.00,  -999.99
cty,10029,ID: Caribou County,1987,09,PRCP,     0.00,     0.00,     0.00,     3.83,     0.00,     0.00,     0.00,     0.00,     0.00,     0.00,     0.00,     0.00,     0.00,     0.00,     0.11,     0.00,     0.00,     0.00,     0.00,     0.00,     0.00,     0.00,     0.00,     0.00,     0.00,     0.00,     0.00,     0.00,     0.00,     0.00,  -999.99
cty,10031,ID: Cassia County,1987,09,PRCP,     0.00,     0.00,     0.00,     0.02,     0.00,     0.00,     0.00,     0.00,     0.00,     0.00,     0.00,     0.00,     0.00,     0.00,     0.00,     0.00,     0.00,     0.00,     0.00,     0.00,     0.00,     0.00,     0.00,     0.00,     0.00,     0.00,     0.00,     0.00,     0.00,     0.00,  -999.99
cty,10033,ID: Clark County,1987,09,PRCP,     0.00,     0.00,     0.00,     0.00,     0.00,     0.00,     0.00,     0.00,     0.00,     0.00,     0.00,     0.00,     0.00,     0.00,     0.00,     0.00,     0.00,     0.00,     0.00,     0.00,     0.00,     0.00,     0.00,     0.00,     0.00,     0.00,     0.00,     0.00,     0.00,     0.00,  -999.99
cty,10035,ID: Clearwater County,1987,09,PRCP,     0.00,     0.00,     0.00,     0.02,     0.00,     0.00,     0.00,     0.00,     0.00,     0.00,     0.00,     0.00,     0.00,     0.00,     0.00,     0.00,     0.00,     0.00,     0.00,     0.00,     0.00,     0.00,     0.00,     0.00,     0.00,     0.09,     1.61,     5.39,     0.00,     0.00,  -999.99
cty,10037,ID: Custer County,1987,09,PRCP,     0.00,     0.00,     0.00,     0.00,     0.00,     0.00,     0.00,     0.00,     0.00,     0.00,     0.00,     0.00,     0.00,     0.00,     0.00,     0.01,     0.00,     0.00,     0.00,     0.00,     0.00,     0.00,     0.00,     0.00,     0.00,     0.03,     0.00,     0.00,     0.00,     0.00,  -999.99
cty,10039,ID: Elmore County,1987,09,PRCP,     0.00,     0.00,     0.00,     0.00,     0.00,     0.00,     0.00,     0.00,     0.00,     0.00,     0.00,     0.00,     0.00,     0.00,     0.00,     0.00,     0.00,     0.00,     0.00,     0.00,     0.00,     0.00,     0.00,     0.00,     0.00,     0.00,     0.00,     0.00,     0.00,     0.00,  -999.99
cty,10041,ID: Franklin County,1987,09,PRCP,     0.00,     0.00,     0.00,     9.48,     0.14,     0.03,     0.00,     0.00,     0.04,     0.00,     0.00,     0.00,     0.00,     0.00,     0.00,     0.00,     0.06,     0.00,     0.00,     0.00,     0.00,     0.00,     0.00,     0.00,     0.00,     0.05,     0.00,     0.00,     0.00,     0.02,  -999.99
cty,10043,ID: Fremont County,1987,09,PRCP,     0.00,     0.00,     0.00,     0.03,     0.07,     0.00,     0.00,     0.00,     0.00,     0.00,     0.00,     0.00,     0.00,     0.00,     0.00,     0.00,     0.00,     0.00,     0.00,     0.00,     0.00,     0.00,     0.00,     0.00,     0.00,     0.00,     0.00,     0.00,     0.00,     0.00,  -999.99
cty,10045,ID: Gem County,1987,09,PRCP,     0.00,     0.00,     0.00,     0.00,     0.00,     0.00,     0.00,     0.00,     0.00,     0.00,     0.00,     0.00,     0.00,     0.00,     0.00,     0.00,     0.00,     0.00,     0.00,     0.00,     0.00,     0.00,     0.00,     0.00,     0.00,     0.00,     0.00,     0.00,     0.00,     0.00,  -999.99
cty,10047,ID: Gooding County,1987,09,PRCP,     0.00,     0.00,     0.00,     0.00,     0.00,     0.00,     0.00,     0.00,     0.00,     0.00,     0.00,     0.00,     0.00,     0.00,     0.00,     0.00,     0.00,     0.00,     0.00,     0.00,     0.00,     0.00,     0.00,     0.00,     0.00,     0.00,     0.00,     0.00,     0.00,     0.00,  -999.99
cty,10049,ID: Idaho County,1987,09,PRCP,     0.00,     0.03,     0.00,     0.01,     0.00,     0.00,     0.00,     0.00,     0.00,     0.00,     0.00,     0.00,     0.00,     0.00,     0.00,     0.42,     0.00,     0.00,     0.00,     0.00,     0.00,     0.00,     0.00,     0.00,     0.00,     0.10,     2.45,     3.98,     0.00,     0.00,  -999.99
cty,10051,ID: Jefferson County,1987,09,PRCP,     0.00,     0.00,     0.00,     0.00,     0.00,     0.00,     0.00,     0.00,     0.00,     0.00,     0.00,     0.00,     0.00,     0.00,     0.00,     0.00,     0.00,     0.00,     0.00,     0.00,     0.00,     0.00,     0.00,     0.00,     0.00,     0.00,     0.00,     0.00,     0.00,     0.00,  -999.99
cty,10053,ID: Jerome County,1987,09,PRCP,     0.00,     0.00,     0.00,     0.00,     0.00,     0.00,     0.00,     0.00,     0.00,     0.00,     0.00,     0.00,     0.00,     0.00,     0.00,     0.00,     0.00,     0.00,     0.00,     0.00,     0.00,     0.00,     0.00,     0.00,     0.00,     0.00,     0.00,     0.00,     0.00,     0.00,  -999.99
cty,10055,ID: Kootenai County,1987,09,PRCP,     0.00,     0.00,     0.00,     0.00,     0.00,     0.00,     0.00,     0.00,     0.00,     0.00,     0.00,     0.00,     0.00,     0.00,     0.07,     0.00,     0.00,     0.00,     0.00,     0.00,     0.00,     0.00,     0.00,     0.00,     0.00,     0.65,     0.91,     2.20,     0.00,     0.02,  -999.99
cty,10057,ID: Latah County,1987,09,PRCP,     0.00,     0.00,     0.00,     0.00,     0.00,     0.00,     0.00,     0.00,     0.00,     0.00,     0.00,     0.00,     0.00,     0.00,     0.00,     0.00,     0.00,     0.00,     0.00,     0.00,     0.00,     0.00,     0.00,     0.09,     0.00,     0.00,     0.02,     0.03,     0.00,     0.00,  -999.99
cty,10059,ID: Lemhi County,1987,09,PRCP,     0.00,     0.00,     0.00,     0.12,     0.00,     0.00,     0.00,     0.00,     0.00,     0.00,     0.00,     0.00,     0.00,     0.00,     0.00,     0.01,     0.00,     0.00,     0.00,     0.00,     0.00,     0.00,     0.00,     0.00,     0.00,     0.01,     0.12,     0.34,     0.00,     0.00,  -999.99
cty,10061,ID: Lewis County,1987,09,PRCP,     0.00,     0.00,     0.00,     0.00,     0.00,     0.00,     0.00,     0.00,     0.00,     0.00,     0.00,     0.00,     0.00,     0.00,     0.00,     0.00,     0.00,     0.00,     0.00,     0.00,     0.00,     0.00,     0.00,     0.00,     0.00,     0.20,     4.21,     0.21,     0.00,     0.00,  -999.99
cty,10063,ID: Lincoln County,1987,09,PRCP,     0.00,     0.00,     0.00,     0.00,     0.00,     0.00,     0.00,     0.00,     0.00,     0.00,     0.00,     0.00,     0.00,     0.00,     0.00,     0.00,     0.00,     0.00,     0.00,     0.00,     0.00,     0.00,     0.00,     0.00,     0.00,     0.00,     0.00,     0.00,     0.00,     0.00,  -999.99
cty,10065,ID: Madison County,1987,09,PRCP,     0.00,     0.00,     0.00,     0.00,     0.00,     0.00,     0.00,     0.00,     0.00,     0.00,     0.00,     0.00,     0.00,     0.00,     0.00,     0.00,     0.00,     0.00,     0.00,     0.00,     0.00,     0.00,     0.00,     0.00,     0.00,     0.00,     0.00,     0.00,     0.00,     0.00,  -999.99
cty,10067,ID: Minidoka County,1987,09,PRCP,     0.00,     0.00,     0.00,     0.00,     0.00,     0.00,     0.00,     0.00,     0.00,     0.00,     0.00,     0.00,     0.00,     0.00,     0.00,     0.00,     0.00,     0.00,     0.00,     0.00,     0.00,     0.00,     0.00,     0.00,     0.00,     0.00,     0.00,     0.00,     0.00,     0.00,  -999.99
cty,10069,ID: Nez Perce County,1987,09,PRCP,     0.00,     0.00,     0.00,     0.00,     0.00,     0.00,     0.00,     0.00,     0.00,     0.00,     0.00,     0.00,     0.00,     0.00,     0.00,     0.00,     0.00,     0.00,     0.00,     0.00,     0.00,     0.00,     0.00,     0.00,     0.00,     0.33,     1.24,     0.35,     0.00,     0.00,  -999.99
cty,10071,ID: Oneida County,1987,09,PRCP,     0.00,     0.00,     0.00,     0.27,     0.07,     0.00,     0.00,     0.00,     0.00,     0.00,     0.00,     0.00,     0.00,     0.00,     0.00,     0.00,     0.00,     0.00,     0.00,     0.00,     0.00,     0.00,     0.00,     0.00,     0.00,     0.00,     0.00,     0.00,     0.00,     0.00,  -999.99
cty,10073,ID: Owyhee County,1987,09,PRCP,     0.00,     0.00,     0.00,     0.00,     0.00,     0.00,     0.00,     0.00,     0.00,     0.00,     0.00,     0.00,     0.00,     0.00,     0.00,     0.00,     0.00,     0.00,     0.00,     0.00,     0.00,     0.00,     0.00,     0.00,     0.00,     0.00,     0.00,     0.00,     0.00,     0.00,  -999.99
cty,10075,ID: Payette County,1987,09,PRCP,     0.00,     0.00,     0.00,     0.00,     0.00,     0.00,     0.00,     0.00,     0.00,     0.00,     0.00,     0.00,     0.00,     0.00,     0.00,     0.00,     0.00,     0.00,     0.00,     0.00,     0.00,     0.00,     0.00,     0.00,     0.00,     0.00,     0.00,     0.00,     0.00,     0.00,  -999.99
cty,10077,ID: Power County,1987,09,PRCP,     0.00,     0.00,     0.00,     0.00,     0.00,     0.00,     0.00,     0.00,     0.00,     0.00,     0.00,     0.00,     0.00,     0.00,     0.00,     0.00,     0.00,     0.00,     0.00,     0.00,     0.00,     0.00,     0.00,     0.00,     0.00,     0.00,     0.00,     0.00,     0.00,     0.00,  -999.99
cty,10079,ID: Shoshone County,1987,09,PRCP,     0.00,     0.00,     0.03,     0.02,     0.00,     0.00,     0.00,     0.00,     0.00,     0.00,     0.02,     0.00,     0.02,     0.00,     0.01,     0.00,     0.03,     0.00,     0.00,     0.00,     0.00,     0.00,     0.00,     0.02,     0.00,     0.39,     0.79,     8.24,     0.00,     0.00,  -999.99
cty,10081,ID: Teton County,1987,09,PRCP,     0.00,     0.00,     0.04,     0.02,     0.02,     0.00,     0.00,     0.00,     0.00,     0.00,     0.00,     0.00,     0.00,     0.00,     0.00,     0.00,     0.00,     0.00,     0.00,     0.00,     0.00,     0.00,     0.00,     0.00,     0.00,     0.00,     0.00,     0.00,     0.00,     0.00,  -999.99
cty,10083,ID: Twin Falls County,1987,09,PRCP,     0.00,     0.00,     0.00,     0.00,     0.00,     0.00,     0.00,     0.00,     0.00,     0.00,     0.00,     0.00,     0.00,     0.00,     0.00,     0.00,     0.00,     0.00,     0.00,     0.00,     0.00,     0.00,     0.00,     0.00,     0.00,     0.00,     0.00,     0.00,     0.00,     0.00,  -999.99
cty,10085,ID: Valley County,1987,09,PRCP,     0.00,     0.00,     0.00,     0.01,     0.00,     0.00,     0.00,     0.00,     0.00,     0.00,     0.00,     0.00,     0.00,     0.00,     0.00,     0.00,     0.00,     0.00,     0.00,     0.00,     0.00,     0.00,     0.00,     0.01,     0.00,     0.00,     0.98,     0.41,     0.00,     0.00,  -999.99
cty,10087,ID: Washington County,1987,09,PRCP,     0.00,     0.00,     0.00,     0.00,     0.00,     0.00,     0.00,     0.00,     0.00,     0.00,     0.00,     0.00,     0.00,     0.00,     0.08,     0.00,     0.00,     0.00,     0.00,     0.00,     0.00,     0.00,     0.00,     0.00,     0.00,     0.00,     0.02,     0.00,     0.00,     0.00,  -999.99
cty,11001,IL: Adams County,1987,09,PRCP,     0.00,     0.00,     0.00,     0.00,     0.00,     0.00,     4.17,     4.91,     0.19,     0.00,     1.17,     0.52,     0.00,     0.00,    17.15,    11.47,    10.55,     0.00,     0.16,     0.00,     0.00,     0.00,     0.00,     0.00,     0.00,     0.00,     0.32,     0.00,     7.94,     0.05,  -999.99
cty,11003,IL: Alexander County,1987,09,PRCP,     0.00,     0.00,     0.00,     0.00,     0.00,     0.00,     0.00,     0.00,     0.00,     0.00,     2.37,     0.00,     0.03,     0.00,     0.00,    12.23,    19.06,     0.00,     0.00,     0.00,     0.00,     0.00,     0.00,     0.00,     0.00,     0.00,     0.00,     0.00,    25.71,     0.16,  -999.99
cty,11005,IL: Bond County,1987,09,PRCP,     0.00,     0.00,     0.00,     0.00,     0.00,     0.00,     0.00,     2.86,     0.21,     0.00,     1.50,     0.00,     0.00,     0.00,     0.00,     2.21,    25.48,     0.00,     0.00,     0.00,     0.00,     0.00,     0.00,     0.00,     0.00,     0.00,     0.00,     0.00,    38.39,     0.00,  -999.99
cty,11007,IL: Boone County,1987,09,PRCP,     0.00,     0.07,     0.00,     0.00,     0.00,     0.00,     3.92,     3.26,     0.01,     0.00,     0.00,     2.02,     1.59,     2.33,     3.77,     7.24,    16.98,     5.56,     2.29,     2.29,     1.24,     1.38,     0.00,     0.00,     0.00,     0.00,     0.00,     0.00,     5.44,     0.00,  -999.99
cty,11009,IL: Brown County,1987,09,PRCP,     0.00,     0.00,     0.00,     0.00,     0.00,     0.00,     2.70,     2.89,     0.00,     0.00,     0.87,     0.00,     0.00,     0.00,     8.65,     5.64,     8.95,     0.00,     0.00,     0.00,     0.00,     0.00,     0.00,     0.00,     0.00,     0.00,     0.10,     0.00,     7.78,     0.01,  -999.99
cty,11011,IL: Bureau County,1987,09,PRCP,     0.00,     0.00,     0.00,     0.00,     0.00,     0.05,    10.25,     3.94,     0.00,     0.00,     0.06,     0.94,     0.00,     0.16,     1.86,     5.65,    27.95,     5.56,     0.26,     0.00,     1.08,     0.05,     0.00,     0.00,     0.00,     0.00,     0.00,     0.09,    10.51,     0.00,  -999.99
cty,11013,IL: Calhoun County,1987,09,PRCP,     0.00,     0.00,     0.00,     0.00,     0.00,     0.00,     2.17,     3.58,     0.00,     0.00,     2.46,     0.00,     0.00,     0.00,     6.10,     4.43,    11.03,     0.00,     0.00,     0.00,     0.00,     0.00,     0.00,     0.00,     0.00,     0.00,     1.44,     0.00,    24.62,     0.00,  -999.99
cty,11015,IL: Carroll County,1987,09,PRCP,     0.00,     0.01,     0.00,     0.00,     0.00,     0.00,     2.56,     3.05,     0.00,     0.00,     0.00,     0.75,     0.05,     1.77,     3.74,     4.82,     9.31,     2.94,     0.38,     0.88,     1.10,     0.52,     0.00,     0.00,     0.00,     0.00,     0.00,     0.00,     3.85,     0.00,  -999.99
cty,11017,IL: Cass County,1987,09,PRCP,     0.00,     0.00,     0.00,     0.00,     0.00,     0.00,     2.80,     2.22,     0.00,     0.00,     0.61,     0.00,     0.00,     0.00,     4.07,     3.70,    11.25,     0.03,     0.36,     0.00,     0.00,     0.00,     0.00,     0.00,     0.00,     0.00,     0.00,     0.00,    11.46,     0.00,  -999.99
cty,11019,IL: Champaign County,1987,09,PRCP,     0.00,     0.00,     0.00,     0.00,     0.00,     0.00,     0.00,     1.85,     2.33,     0.00,     0.00,     0.00,     0.00,     0.00,     0.00,     5.89,    17.42,     0.52,     0.00,     0.01,     0.06,     0.00,     0.00,     0.00,     0.00,     0.00,     0.00,     0.06,    21.98,     0.01,  -999.99
cty,11021,IL: Christian County,1987,09,PRCP,     0.00,     0.00,     0.00,     0.00,     0.00,     0.00,     0.00,     1.76,     0.91,     0.00,     0.08,     0.00,     0.00,     0.00,     0.00,     2.67,    11.91,     0.00,     0.00,     0.00,     0.00,     0.00,     0.00,     0.00,     0.00,     0.00,     0.00,     0.00,    19.79,     0.00,  -999.99
cty,11023,IL: Clark County,1987,09,PRCP,     0.00,     0.00,     0.00,     0.00,     0.00,     0.00,     0.00,     0.00,     2.06,     0.00,     0.00,     0.00,     0.00,     0.00,     0.00,     5.37,    19.25,     0.00,     0.00,     0.00,     0.00,     0.00,     0.00,     0.00,     0.00,     0.00,     0.00,     0.00,    29.01,     0.24,  -999.99
cty,11025,IL: Clay County,1987,09,PRCP,     0.00,     0.00,     0.00,     0.00,     0.00,     0.00,     0.00,     0.18,     1.94,     0.00,     0.00,     0.00,     0.00,     0.00,     0.00,     2.94,    23.96,     0.00,     0.00,     0.00,     0.00,     0.00,     0.00,     0.00,     0.00,     0.00,     0.00,     0.00,    28.51,     0.00,  -999.99
cty,11027,IL: Clinton County,1987,09,PRCP,     0.00,     0.00,     0.00,     0.00,     0.00,     0.00,     0.00,     1.78,     0.12,     0.00,     1.54,     0.00,     0.02,     0.00,     0.00,     1.03,    25.90,     0.00,     0.00,     0.00,     0.00,     0.00,     0.00,     0.00,     0.00,     0.00,     0.00,     0.00,    36.37,     0.00,  -999.99
cty,11029,IL: Coles County,1987,09,PRCP,     0.00,     0.00,     0.00,     0.00,     0.00,     0.00,     0.00,     0.00,     3.03,     0.00,     0.00,     0.00,     0.00,     0.00,     0.00,     5.18,    21.24,     0.00,     0.00,     0.00,     0.00,     0.00,     0.00,     0.00,     0.00,     0.00,     0.00,     0.00,    35.05,     0.00,  -999.99
cty,11031,IL: Cook County,1987,09,PRCP,     0.00,     0.03,     0.00,     0.00,     0.00,     0.00,     1.44,     2.37,     0.09,     0.00,     0.01,     0.23,     0.14,     0.33,     1.29,     3.61,    15.79,     4.49,     1.67,     0.83,     1.42,     2.57,     0.07,     0.00,     0.00,     0.00,     0.00,     0.15,     6.64,     0.00,  -999.99
cty,11033,IL: Crawford County,1987,09,PRCP,     0.00,     0.00,     0.00,     0.00,     0.00,     0.00,     0.00,     0.00,     1.69,     0.08,     0.00,     0.00,     0.00,     0.00,     0.00,     5.34,    17.42,     0.00,     0.00,     0.00,     0.00,     0.00,     0.00,     0.00,     0.00,     0.00,     0.00,     0.00,    22.78,     1.19,  -999.99
cty,11035,IL: Cumberland County,1987,09,PRCP,     0.00,     0.00,     0.00,     0.00,     0.00,     0.00,     0.00,     0.05,     2.61,     0.00,     0.00,     0.00,     0.00,     0.00,     0.00,     4.28,    20.55,     0.00,     0.00,     0.00,     0.00,     0.00,     0.00,     0.00,     0.00,     0.00,     0.00,     0.00,    31.85,     0.00,  -999.99
cty,11037,IL: DeKalb County,1987,09,PRCP,     0.00,     0.00,     0.00,     0.00,     0.00,     0.00,     5.23,     3.90,     0.02,     0.00,     0.00,     1.21,     1.22,     1.21,     1.98,     5.54,    24.09,     6.60,     1.79,     1.11,     0.85,     1.49,     0.00,     0.00,     0.00,     0.00,     0.00,     0.00,     7.72,     0.00,  -999.99
cty,11039,IL: De Witt County,1987,09,PRCP,     0.00,     0.00,     0.00,     0.00,     0.00,     0.00,     0.44,     2.29,     1.38,     0.00,     0.00,     0.00,     0.00,     0.03,     0.12,     5.99,    13.38,     0.20,     0.00,     0.00,     0.00,     0.00,     0.00,     0.00,     0.00,     0.00,     0.00,     0.12,    15.15,     0.02,  -999.99
cty,11041,IL: Douglas County,1987,09,PRCP,     0.00,     0.00,     0.00,     0.00,     0.00,     0.00,     0.00,     0.04,     2.88,     0.00,     0.00,     0.00,     0.00,     0.00,     0.00,     5.99,    19.97,     0.00,     0.00,     0.00,     0.00,     0.00,     0.00,     0.00,     0.00,     0.00,     0.00,     0.00,    31.85,     0.00,  -999.99
cty,11043,IL: DuPage County,1987,09,PRCP,     0.00,     0.00,     0.00,     0.00,     0.00,     0.00,     2.69,     3.13,     0.00,     0.00,     0.00,     0.00,     0.00,     0.39,     1.38,     4.60,    21.67,     5.80,     1.94,     1.03,     1.35,     2.53,     0.00,     0.00,     0.00,     0.00,     0.02,     0.20,     7.25,     0.00,  -999.99
cty,11045,IL: Edgar County,1987,09,PRCP,     0.00,     0.00,     0.00,     0.00,     0.00,     0.00,     0.00,     0.44,     2.60,     0.00,     0.04,     0.00,     0.00,     0.00,     0.00,     6.16,    21.75,     0.00,     0.00,     0.00,     0.00,     0.00,     0.00,     0.00,     0.00,     0.00,     0.00,     0.00,    34.52,     0.04,  -999.99
cty,11047,IL: Edwards County,1987,09,PRCP,     0.00,     0.00,     0.00,     0.00,     0.00,     0.00,     0.00,     0.00,     1.83,     0.00,     0.00,     0.00,     0.00,     0.00,     0.00,     5.34,    21.70,     0.00,     0.00,     0.00,     0.00,     0.00,     0.00,     0.00,     0.00,     0.00,     0.00,     0.00,    21.95,     1.63,  -999.99
cty,11049,IL: Effingham County,1987,09,PRCP,     0.00,     0.00,     0.00,     0.00,     0.00,     0.00,     0.00,     0.57,     2.41,     0.00,     0.00,     0.00,     0.00,     0.00,     0.00,     3.05,    22.08,     0.00,     0.00,     0.00,     0.00,     0.00,     0.00,     0.00,     0.00,     0.00,     0.00,     0.02,    30.94,     0.00,  -999.99
cty,11051,IL: Fayette County,1987,09,PRCP,     0.00,     0.00,     0.00,     0.00,     0.00,     0.00,     0.00,     2.43,     2.04,     0.00,     0.10,     0.00,     0.00,     0.00,     0.00,     1.74,    24.14,     0.00,     0.00,     0.00,     0.00,     0.00,     0.00,     0.00,     0.00,     0.00,     0.00,     0.34,    32.00,     0.00,  -999.99
cty,11053,IL: Ford County,1987,09,PRCP,     0.00,     0.00,     0.00,     0.00,     0.00,     0.03,     0.56,     2.15,     1.76,     0.00,     0.00,     0.00,     0.00,     0.00,     0.00,     5.06,    18.09,     2.04,     0.02,     0.02,     0.12,     0.25,     0.00,     0.00,     0.00,     0.00,     0.00,     0.10,    12.86,     0.00,  -999.99
cty,11055,IL: Franklin County,1987,09,PRCP,     0.00,     0.00,     0.00,     0.00,     0.00,     0.00,     0.00,     0.00,     0.00,     0.00,     0.37,     0.00,     0.00,     0.00,     0.00,     1.07,    20.88,     0.00,     0.00,     0.00,     0.00,     0.00,     0.00,     0.00,     0.00,     0.00,     0.00,     0.00,    21.02,     0.00,  -999.99
cty,11057,IL: Fulton County,1987,09,PRCP,     0.00,     0.00,     0.00,     0.00,     0.00,     0.00,    10.21,     5.11,     0.05,     0.00,     0.00,     0.23,     0.00,     0.00,     8.56,     8.65,    31.76,     0.79,     0.13,     0.02,     0.25,     0.00,     0.00,     0.00,     0.00,     0.00,     0.00,     0.00,    18.06,     0.00,  -999.99
cty,11059,IL: Gallatin County,1987,09,PRCP,     0.00,     0.00,     0.00,     0.00,     0.00,     0.00,     0.00,     0.00,     0.00,     0.00,     0.00,     0.00,     0.00,     0.00,     0.00,     4.35,    20.73,     0.00,     0.00,     0.00,     0.00,     0.00,     0.00,     0.00,     0.00,     0.00,     0.00,     0.00,    15.54,     3.62,  -999.99
cty,11061,IL: Greene County,1987,09,PRCP,     0.00,     0.00,     0.00,     0.00,     0.00,     0.00,     1.59,     3.12,     0.00,     0.00,     1.80,     0.00,     0.00,     0.00,     3.87,     3.51,    11.82,     0.00,     0.42,     0.00,     0.00,     0.00,     0.00,     0.00,     0.00,     0.00,     0.42,     0.00,    22.74,     0.02,  -999.99
cty,11063,IL: Grundy County,1987,09,PRCP,     0.00,     0.00,     0.00,     0.00,     0.00,     0.00,     2.34,     2.57,     0.24,     0.00,     0.00,     0.04,     0.02,     0.00,     0.02,     3.56,    21.60,     4.38,     0.95,     0.01,     0.39,     1.14,     0.00,     0.00,     0.00,     0.00,     0.00,     0.00,     7.18,     0.00,  -999.99
cty,11065,IL: Hamilton County,1987,09,PRCP,     0.00,     0.00,     0.00,     0.00,     0.00,     0.00,     0.00,     0.00,     0.00,     0.00,     0.00,     0.00,     0.00,     0.00,     0.00,     2.55,    19.67,     0.00,     0.03,     0.00,     0.00,     0.00,     0.00,     0.00,     0.00,     0.00,     0.00,     0.00,    17.92,     0.02,  -999.99
cty,11067,IL: Hancock County,1987,09,PRCP,     0.00,     0.00,     0.00,     0.00,     0.00,     0.00,     6.33,     6.19,     0.00,     0.00,     1.02,     2.50,     0.00,     0.00,    21.48,    16.46,    21.58,     0.00,     0.00,     0.00,     0.00,     0.04,     0.00,     0.00,     0.00,     0.00,     0.00,     0.00,    10.24,     0.00,  -999.99
cty,11069,IL: Hardin County,1987,09,PRCP,     0.00,     0.00,     0.00,     0.00,     0.00,     0.00,     0.00,     0.00,     0.00,     0.00,     0.00,     0.00,     0.00,     0.00,     0.00,     5.44,    24.53,     0.00,     0.00,     0.00,     0.00,     0.00,     0.00,     0.00,     0.00,     0.00,     0.00,     0.00,    17.03,     5.75,  -999.99
cty,11071,IL: Henderson County,1987,09,PRCP,     0.00,     0.00,     0.00,     0.00,     0.00,     0.00,     5.52,     4.51,     0.00,     0.00,     0.05,     2.21,     0.00,     0.00,    11.89,    10.96,    22.82,     0.34,     0.00,     0.00,     0.12,     0.00,     0.00,     0.00,     0.00,     0.00,     0.00,     0.00,     8.89,     0.00,  -999.99
cty,11073,IL: Henry County,1987,09,PRCP,     0.00,     0.03,     0.00,     0.00,     0.00,     0.00,     6.80,     3.28,     0.00,     0.00,     0.00,     1.77,     0.00,     0.25,     2.84,     4.52,    17.65,     2.53,     0.01,     0.00,     0.91,     0.00,     0.00,     0.00,     0.00,     0.00,     0.00,     0.00,     6.97,     0.00,  -999.99
cty,11075,IL: Iroquois County,1987,09,PRCP,     0.00,     0.00,     0.00,     0.00,     0.00,     0.00,     0.15,     2.48,     1.78,     0.00,     0.00,     0.00,     0.00,     0.00,     0.00,     4.17,    19.48,     2.25,     0.00,     0.00,     0.00,     1.37,     0.00,     0.00,     0.00,     0.00,     0.00,     0.00,    15.31,     0.00,  -999.99
cty,11077,IL: Jackson County,1987,09,PRCP,     0.00,     0.00,     0.00,     0.00,     0.00,     0.00,     0.00,     0.00,     0.02,     0.00,     1.55,     0.00,     0.00,     0.00,     0.00,     4.32,    16.67,     0.00,     0.02,     0.00,     0.00,     0.00,     0.00,     0.00,     0.00,     0.00,     0.00,     0.00,    24.24,     0.00,  -999.99
cty,11079,IL: Jasper County,1987,09,PRCP,     0.00,     0.00,     0.00,     0.00,     0.00,     0.00,     0.00,     0.00,     2.16,     0.19,     0.02,     0.00,     0.00,     0.00,     0.00,     4.18,    20.62,     0.00,     0.00,     0.00,     0.00,     0.00,     0.00,     0.00,     0.00,     0.00,     0.00,     0.00,    28.15,     0.00,  -999.99
cty,11081,IL: Jefferson County,1987,09,PRCP,     0.00,     0.00,     0.00,     0.00,     0.00,     0.00,     0.00,     0.00,     0.39,     0.00,     0.69,     0.00,     0.00,     0.00,     0.00,     0.20,    29.54,     0.00,     0.00,     0.00,     0.00,     0.00,     0.00,     0.00,     0.00,     0.00,     0.00,     0.00,    30.89,     0.00,  -999.99
cty,11083,IL: Jersey County,1987,09,PRCP,     0.00,     0.00,     0.00,     0.00,     0.00,     0.00,     0.66,     3.46,     0.00,     0.00,     2.42,     0.00,     0.00,     0.00,     3.07,     3.60,    13.37,     0.00,     0.00,     0.00,     0.00,     0.00,     0.00,     0.00,     0.00,     0.00,     0.74,     0.00,    30.72,     0.00,  -999.99
cty,11085,IL: Jo Daviess County,1987,09,PRCP,     0.00,     0.00,     0.00,     0.00,     0.00,     0.03,     1.43,     4.07,     0.00,     0.00,     0.00,     0.00,     0.01,     2.54,     5.42,     5.94,    11.55,     2.83,     0.67,     1.72,     2.00,     0.72,     0.00,     0.00,     0.00,     0.00,     0.00,     0.00,     2.87,     0.00,  -999.99
cty,11087,IL: Johnson County,1987,09,PRCP,     0.00,     0.00,     0.00,     0.00,     0.00,     0.00,     0.00,     0.00,     0.00,     0.00,     0.23,     0.00,     0.00,     0.00,     0.00,     4.87,    19.00,     0.00,     0.00,     0.00,     0.00,     0.00,     0.00,     0.00,     0.00,     0.00,     0.00,     0.00,    18.59,     1.10,  -999.99
cty,11089,IL: Kane County,1987,09,PRCP,     0.00,     0.01,     0.00,     0.00,     0.00,     0.00,     4.44,     4.31,     0.02,     0.00,     0.00,     0.81,     0.88,     1.20,     1.98,     6.16,    28.14,     7.47,     2.35,     1.46,     1.36,     2.48,     0.00,     0.00,     0.00,     0.00,     0.00,     0.00,     8.46,     0.00,  -999.99
cty,11091,IL: Kankakee County,1987,09,PRCP,     0.00,     0.00,     0.00,     0.00,     0.00,     0.00,     1.52,     3.47,     1.67,     0.00,     0.00,     0.00,     0.00,     0.00,     0.45,     5.03,    27.71,     4.61,     1.33,     0.00,     0.00,     2.92,     0.15,     0.00,     0.00,     0.00,     0.00,     0.00,    15.14,     0.00,  -999.99
cty,11093,IL: Kendall County,1987,09,PRCP,     0.00,     0.00,     0.00,     0.00,     0.00,     0.00,     3.55,     3.66,     0.00,     0.00,     0.00,     0.00,     0.00,     0.00,     0.88,     4.58,    27.48,     6.45,     1.51,     0.66,     0.68,     1.89,     0.00,     0.00,     0.00,     0.00,     0.00,     0.00,     8.41,     0.00,  -999.99
cty,11095,IL: Knox County,1987,09,PRCP,     0.00,     0.00,     0.00,     0.00,     0.00,     0.00,     9.92,     4.39,     0.00,     0.00,     0.00,     2.17,     0.00,     0.00,     5.35,     6.83,    27.65,     2.52,     0.00,     0.00,     1.07,     0.00,     0.00,     0.00,     0.00,     0.00,     0.00,     0.00,    12.10,     0.00,  -999.99
cty,11097,IL: Lake County,1987,09,PRCP,     0.00,     0.51,     0.00,     0.00,     0.00,     0.02,     2.66,     3.24,     0.01,     0.00,     0.00,     1.77,     0.30,     1.78,     3.80,     6.55,    16.26,     6.21,     3.14,     2.47,     4.51,     2.62,     0.00,     0.00,     0.00,     0.00,     0.00,     0.06,     6.16,     0.00,  -999.99
cty,11099,IL: LaSalle County,1987,09,PRCP,     0.00,     0.00,     0.00,     0.00,     0.00,     0.00,     5.58,     3.93,     0.01,     0.00,     0.00,     0.05,     0.01,     0.00,     0.31,     4.91,    31.12,     6.75,     1.07,     0.04,     0.60,     0.72,     0.00,     0.00,     0.00,     0.00,     0.00,     0.00,     9.44,     0.00,  -999.99
cty,11101,IL: Lawrence County,1987,09,PRCP,     0.00,     0.00,     0.00,     0.00,     0.00,     0.00,     0.00,     0.00,     1.85,     0.47,     0.02,     0.03,     0.00,     0.00,     0.00,     6.63,    19.05,     0.00,     0.00,     0.00,     0.00,     0.00,     0.00,     0.00,     0.00,     0.00,     0.00,     0.00,    21.79,     2.45,  -999.99
cty,11103,IL: Lee County,1987,09,PRCP,     0.00,     0.00,     0.00,     0.00,     0.00,     0.05,     6.12,     3.28,     0.02,     0.00,     0.06,     1.33,     0.21,     1.23,     2.17,     5.00,    18.92,     5.27,     1.10,     0.47,     0.70,     0.60,     0.00,     0.00,     0.00,     0.00,     0.00,     0.09,     7.32,     0.00,  -999.99
cty,11105,IL: Livingston County,1987,09,PRCP,     0.00,     0.00,     0.00,     0.00,     0.00,     0.00,     2.15,     2.29,     1.02,     0.00,     0.00,     0.04,     0.00,     0.02,     0.00,     4.31,    19.07,     3.09,     0.22,     0.00,     0.29,     0.18,     0.00,     0.00,     0.00,     0.00,     0.00,     0.03,     8.55,     0.00,  -999.99
cty,11107,IL: Logan County,1987,09,PRCP,     0.00,     0.00,     0.00,     0.00,     0.00,     0.00,     2.09,     2.11,     0.08,     0.00,     0.04,     0.00,     0.06,     0.00,     0.33,     4.56,    12.33,     0.00,     0.05,     0.00,     0.00,     0.00,     0.00,     0.00,     0.00,     0.26,     0.00,     0.00,    14.17,     0.00,  -999.99
cty,11109,IL: McDonough County,1987,09,PRCP,     0.00,     0.00,     0.00,     0.00,     0.00,     0.00,     8.44,     6.14,     0.00,     0.00,     0.00,     1.65,     0.00,     0.00,    17.47,    12.39,    30.07,     0.00,     0.17,     0.00,     0.07,     0.00,     0.00,     0.00,     0.00,     0.00,     0.00,     0.00,    14.70,     0.00,  -999.99
cty,11111,IL: McHenry County,1987,09,PRCP,     0.00,     0.49,     0.00,     0.00,     0.00,     0.00,     3.49,     3.27,     0.07,     0.00,     0.00,     2.05,     1.35,     2.03,     3.59,     6.83,    17.50,     5.64,     2.67,     2.47,     2.24,     2.02,     0.00,     0.00,     0.00,     0.00,     0.00,     0.00,     5.49,     0.01,  -999.99
cty,11113,IL: McLean County,1987,09,PRCP,     0.00,     0.00,     0.00,     0.00,     0.00,     0.00,     1.63,     2.16,     1.03,     0.00,     0.00,     0.00,     0.00,     0.00,     0.00,     5.01,    14.19,     1.84,     0.00,     0.00,     0.01,     0.00,     0.00,     0.00,     0.00,     0.00,     0.02,     0.21,    10.42,     0.00,  -999.99
cty,11115,IL: Macon County,1987,09,PRCP,     0.00,     0.00,     0.00,     0.00,     0.00,     0.00,     0.00,     1.61,     1.45,     0.00,     0.00,     0.00,     0.00,     0.00,     0.00,     3.85,    10.02,     0.00,     0.00,     0.00,     0.00,     0.00,     0.00,     0.00,     0.00,     0.00,     0.00,     0.00,    15.24,     0.00,  -999.99
cty,11117,IL: Macoupin County,1987,09,PRCP,     0.00,     0.00,     0.00,     0.00,     0.00,     0.00,     0.10,     2.86,     0.00,     0.00,     1.65,     0.00,     0.00,     0.00,     1.12,     3.21,    15.45,     0.00,     0.05,     0.00,     0.00,     0.00,     0.00,     0.00,     0.00,     0.00,     0.00,     0.00,    30.52,     0.00,  -999.99
cty,11119,IL: Madison County,1987,09,PRCP,     0.00,     0.00,     0.00,     0.00,     0.00,     0.00,     0.00,     2.57,     0.00,     0.03,     1.80,     0.00,     0.00,     0.00,     0.35,     2.79,    15.37,     0.00,     0.00,     0.00,     0.00,     0.00,     0.00,     0.00,     0.00,     0.00,     0.00,     0.07,    32.64,     0.00,  -999.99
cty,11121,IL: Marion County,1987,09,PRCP,     0.00,     0.00,     0.00,     0.00,     0.00,     0.00,     0.00,     0.53,     1.72,     0.00,     0.24,     0.00,     0.02,     0.00,     0.00,     0.69,    27.23,     0.00,     0.00,     0.00,     0.00,     0.00,     0.00,     0.00,     0.00,     0.00,     0.00,     0.00,    31.02,     0.00,  -999.99
cty,11123,IL: Marshall County,1987,09,PRCP,     0.00,     0.01,     0.00,     0.00,     0.00,     0.00,     8.17,     2.65,     0.00,     0.00,     0.00,     0.03,     0.00,     0.00,     0.15,     4.33,    25.13,     3.75,     0.01,     0.00,     0.88,     0.00,     0.00,     0.00,     0.00,     0.00,     0.01,     0.00,     9.31,     0.00,  -999.99
cty,11125,IL: Mason County,1987,09,PRCP,     0.00,     0.00,     0.00,     0.00,     0.00,     0.00,     4.08,     2.19,     0.17,     0.00,     0.00,     0.00,     0.00,     0.00,     2.58,     3.79,    14.11,     0.00,     0.69,     0.00,     0.00,     0.00,     0.00,     0.00,     0.00,     0.00,     0.00,     0.00,    11.45,     0.00,  -999.99
cty,11127,IL: Massac County,1987,09,PRCP,     0.00,     0.00,     0.00,     0.00,     0.00,     0.00,     0.00,     0.67,     0.00,     0.00,     0.00,     0.00,     0.00,     0.00,     0.00,     5.84,    20.85,     0.00,     0.00,     0.00,     0.00,     0.00,     0.00,     0.00,     0.00,     0.00,     0.00,     0.00,    17.72,     3.46,  -999.99
cty,11129,IL: Menard County,1987,09,PRCP,     0.00,     0.00,     0.00,     0.00,     0.00,     0.00,     2.60,     1.65,     0.00,     0.00,     0.12,     0.07,     0.00,     0.00,     1.49,     2.92,    10.22,     0.00,     0.47,     0.00,     0.02,     0.00,     0.00,     0.00,     0.00,     0.00,     0.00,     0.00,    11.31,     0.00,  -999.99
cty,11131,IL: Mercer County,1987,09,PRCP,     0.00,     0.00,     0.00,     0.00,     0.00,     0.00,     4.18,     3.64,     0.00,     0.00,     0.03,     1.58,     0.00,     0.00,     5.64,     6.86,    18.02,     1.50,     0.00,     0.00,     0.62,     0.00,     0.00,     0.00,     0.00,     0.00,     0.00,     0.00,     6.27,     0.00,  -999.99
cty,11133,IL: Monroe County,1987,09,PRCP,     0.00,     0.00,     0.00,     0.00,     0.00,     0.00,     0.00,     1.98,     0.00,     0.00,     2.89,     0.00,     0.05,     0.00,     0.61,     3.80,    10.89,     0.00,     0.00,     0.00,     0.00,     0.00,     0.00,     0.00,     0.00,     0.00,     0.00,     0.00,    30.06,     0.00,  -999.99
cty,11135,IL: Montgomery County,1987,09,PRCP,     0.00,     0.00,     0.00,     0.00,     0.00,     0.00,     0.00,     2.28,     0.33,     0.02,     0.92,     0.00,     0.00,     0.00,     0.00,     2.50,    16.53,     0.00,     0.00,     0.00,     0.00,     0.00,     0.00,     0.00,     0.00,     0.00,     0.00,     0.06,    27.97,     0.00,  -999.99
cty,11137,IL: Morgan County,1987,09,PRCP,     0.00,     0.00,     0.00,     0.00,     0.00,     0.00,     2.24,     2.55,     0.00,     0.00,     1.14,     0.00,     0.00,     0.00,     3.49,     3.61,    12.00,     0.00,     0.54,     0.00,     0.00,     0.00,     0.00,     0.00,     0.00,     0.00,     0.00,     0.00,    16.94,     0.00,  -999.99
cty,11139,IL: Moultrie County,1987,09,PRCP,     0.00,     0.00,     0.00,     0.00,     0.00,     0.00,     0.00,     0.73,     2.63,     0.00,     0.00,     0.00,     0.00,     0.00,     0.00,     4.73,    16.53,     0.00,     0.00,     0.00,     0.00,     0.00,     0.00,     0.00,     0.00,     0.00,     0.00,     0.00,    27.74,     0.00,  -999.99
cty,11141,IL: Ogle County,1987,09,PRCP,     0.00,     0.00,     0.00,     0.00,     0.00,     0.02,     4.77,     3.15,     0.00,     0.00,     0.02,     1.68,     0.45,     2.04,     3.37,     6.03,    14.70,     5.22,     1.41,     1.12,     0.78,     0.75,     0.00,     0.00,     0.00,     0.00,     0.00,     0.03,     6.04,     0.00,  -999.99
cty,11143,IL: Peoria County,1987,09,PRCP,     0.00,     0.00,     0.00,     0.00,     0.00,     0.00,     9.24,     3.21,     0.00,     0.00,     0.00,     0.18,     0.00,     0.00,     2.11,     5.19,    25.22,     2.66,     0.00,     0.00,     0.80,     0.00,     0.00,     0.00,     0.00,     0.00,     0.00,     0.00,    12.25,     0.00,  -999.99
cty,11145,IL: Perry County,1987,09,PRCP,     0.00,     0.00,     0.00,     0.00,     0.00,     0.00,     0.00,     0.00,     0.04,     0.00,     1.81,     0.00,     0.13,     0.00,     0.00,     2.84,    25.12,     0.00,     0.00,     0.00,     0.00,     0.00,     0.00,     0.00,     0.00,     0.00,     0.00,     0.00,    33.43,     0.00,  -999.99
cty,11147,IL: Piatt County,1987,09,PRCP,     0.00,     0.00,     0.00,     0.00,     0.00,     0.00,     0.00,     0.98,     1.76,     0.00,     0.00,     0.00,     0.00,     0.00,     0.00,     5.38,    12.14,     0.06,     0.00,     0.09,     0.00,     0.00,     0.00,     0.00,     0.00,     0.00,     0.00,     0.88,    16.74,     0.00,  -999.99
cty,11149,IL: Pike County,1987,09,PRCP,     0.00,     0.00,     0.00,     0.00,     0.00,     0.00,     2.33,     3.00,     0.09,     0.00,     1.25,     0.00,     0.00,     0.00,     8.95,     5.59,     6.91,     0.00,     0.25,     0.00,     0.00,     0.00,     0.00,     0.00,     0.00,     0.00,     0.96,     0.00,    10.10,     0.00,  -999.99
cty,11151,IL: Pope County,1987,09,PRCP,     0.00,     0.00,     0.00,     0.00,     0.00,     0.00,     0.00,     0.26,     0.00,     0.00,     0.00,     0.03,     0.00,     0.00,     0.00,     5.39,    23.59,     0.00,     0.00,     0.00,     0.00,     0.00,     0.00,     0.00,     0.00,     0.00,     0.00,     0.00,    18.74,     3.92,  -999.99
cty,11153,IL: Pulaski County,1987,09,PRCP,     0.00,     0.00,     0.00,     0.00,     0.00,     0.00,     0.00,     0.00,     0.00,     0.00,     1.37,     0.00,     0.00,     0.00,     0.00,     8.53,    19.30,     0.00,     0.00,     0.00,     0.00,     0.00,     0.00,     0.00,     0.00,     0.00,     0.00,     0.00,    22.02,     0.74,  -999.99
cty,11155,IL: Putnam County,1987,09,PRCP,     0.00,     0.00,     0.00,     0.00,     0.00,     0.00,     9.49,     3.46,     0.00,     0.00,     0.00,     0.00,     0.00,     0.00,     0.04,     5.16,    31.44,     5.52,     0.00,     0.00,     0.98,     0.00,     0.00,     0.00,     0.00,     0.00,     0.00,     0.00,    10.77,     0.00,  -999.99
cty,11157,IL: Randolph County,1987,09,PRCP,     0.00,     0.00,     0.00,     0.00,     0.00,     0.00,     0.00,     0.43,     0.00,     0.00,     2.48,     0.00,     0.04,     0.00,     0.01,     4.56,    15.04,     0.00,     0.00,     0.00,     0.00,     0.00,     0.00,     0.00,     0.00,     0.00,     0.00,     0.00,    30.41,     0.00,  -999.99
cty,11159,IL: Richland County,1987,09,PRCP,     0.00,     0.00,     0.00,     0.00,     0.00,     0.00,     0.00,     0.05,     1.89,     0.07,     0.00,     0.00,     0.00,     0.00,     0.00,     4.58,    20.87,     0.00,     0.00,     0.00,     0.00,     0.00,     0.00,     0.00,     0.00,     0.00,     0.00,     0.00,    24.60,     0.49,  -999.99
cty,11161,IL: Rock Island County,1987,09,PRCP,     0.00,     0.02,     0.00,     0.00,     0.00,     0.00,     3.18,     3.25,     0.00,     0.00,     0.00,     1.01,     0.00,     0.61,     4.00,     4.78,    13.32,     1.56,     0.00,     0.01,     0.66,     0.00,     0.00,     0.00,     0.00,     0.00,     0.00,     0.00,     4.46,     0.00,  -999.99
cty,11163,IL: St. Clair County,1987,09,PRCP,     0.00,     0.00,     0.00,     0.00,     0.00,     0.00,     0.00,     2.33,     0.00,     0.00,     2.50,     0.00,     0.01,     0.00,     0.18,     3.40,    16.79,     0.00,     0.00,     0.00,     0.00,     0.00,     0.00,     0.00,     0.00,     0.00,     0.00,     0.00,    36.59,     0.00,  -999.99
cty,11165,IL: Saline County,1987,09,PRCP,     0.00,     0.00,     0.00,     0.00,     0.00,     0.00,     0.00,     0.00,     0.00,     0.00,     0.00,     0.00,     0.00,     0.00,     0.00,     3.79,    22.30,     0.00,     0.00,     0.00,     0.00,     0.00,     0.00,     0.00,     0.00,     0.00,     0.00,     0.00,    18.97,     1.77,  -999.99
cty,11167,IL: Sangamon County,1987,09,PRCP,     0.00,     0.00,     0.00,     0.00,     0.00,     0.00,     1.05,     1.81,     0.01,     0.00,     0.39,     0.00,     0.00,     0.00,     0.64,     3.01,    10.97,     0.00,     0.07,     0.00,     0.00,     0.00,     0.00,     0.00,     0.00,     0.00,     0.00,     0.00,    16.76,     0.00,  -999.99
cty,11169,IL: Schuyler County,1987,09,PRCP,     0.00,     0.00,     0.00,     0.00,     0.00,     0.00,     3.89,     3.35,     0.00,     0.00,     0.33,     0.00,     0.00,     0.00,     9.50,     6.52,    14.00,     0.00,     0.00,     0.00,     0.00,     0.00,     0.00,     0.00,     0.00,     0.00,     0.00,     0.00,     9.48,     0.00,  -999.99
cty,11171,IL: Scott County,1987,09,PRCP,     0.00,     0.00,     0.00,     0.00,     0.00,     0.00,     1.90,     2.56,     0.00,     0.00,     1.16,     0.00,     0.00,     0.00,     4.71,     3.60,     9.46,     0.00,     0.73,     0.00,     0.00,     0.00,     0.00,     0.00,     0.00,     0.00,     0.17,     0.00,    13.69,     0.00,  -999.99
cty,11173,IL: Shelby County,1987,09,PRCP,     0.00,     0.00,     0.00,     0.00,     0.00,     0.00,     0.00,     1.79,     2.55,     0.00,     0.00,     0.00,     0.00,     0.00,     0.00,     3.37,    17.78,     0.00,     0.00,     0.00,     0.00,     0.00,     0.00,     0.00,     0.00,     0.00,     0.00,     0.00,    29.10,     0.00,  -999.99
cty,11175,IL: Stark County,1987,09,PRCP,     0.00,     0.02,     0.00,     0.00,     0.00,     0.00,    10.69,     3.33,     0.00,     0.00,     0.00,     1.11,     0.00,     0.00,     1.80,     4.88,    25.73,     3.45,     0.00,     0.00,     1.03,     0.00,     0.00,     0.00,     0.00,     0.00,     0.00,     0.00,    10.50,     0.00,  -999.99
cty,11177,IL: Stephenson County,1987,09,PRCP,     0.00,     0.00,     0.00,     0.00,     0.00,     0.00,     2.47,     3.07,     0.00,     0.00,     0.00,     0.51,     0.51,     2.60,     4.41,     7.26,    10.02,     4.22,     1.26,     1.74,     1.18,     0.80,     0.00,     0.00,     0.00,     0.00,     0.00,     0.00,     3.73,     0.00,  -999.99
cty,11179,IL: Tazewell County,1987,09,PRCP,     0.00,     0.00,     0.00,     0.00,     0.00,     0.00,     4.40,     2.07,     0.09,     0.00,     0.00,     0.00,     0.00,     0.00,     0.84,     3.78,    15.18,     1.23,     0.10,     0.00,     0.09,     0.00,     0.00,     0.00,     0.00,     0.00,     0.00,     0.00,     9.65,     0.00,  -999.99
cty,11181,IL: Union County,1987,09,PRCP,     0.00,     0.00,     0.00,     0.00,     0.00,     0.00,     0.00,     0.00,     0.00,     0.00,     1.63,     0.00,     0.00,     0.00,     0.00,     6.87,    17.03,     0.00,     0.00,     0.00,     0.00,     0.00,     0.00,     0.00,     0.00,     0.00,     0.00,     0.00,    22.49,     0.00,  -999.99
cty,11183,IL: Vermilion County,1987,09,PRCP,     0.00,     0.00,     0.00,     0.00,     0.00,     0.00,     0.01,     3.58,     3.40,     0.01,     0.00,     0.00,     0.00,     0.00,     0.01,     6.78,    25.63,     1.02,     0.00,     0.00,     0.00,     0.20,     0.02,     0.00,     0.00,     0.00,     0.00,     0.02,    35.50,     0.00,  -999.99
cty,11185,IL: Wabash County,1987,09,PRCP,     0.00,     0.00,     0.00,     0.00,     0.00,     0.00,     0.00,     0.00,     1.92,     0.00,     0.00,     0.00,     0.00,     0.00,     0.00,     6.83,    19.23,     0.00,     0.12,     0.00,     0.00,     0.00,     0.00,     0.00,     0.00,     0.00,     0.00,     0.00,    20.03,     2.92,  -999.99
cty,11187,IL: Warren County,1987,09,PRCP,     0.00,     0.00,     0.00,     0.00,     0.00,     0.00,     7.85,     5.00,     0.00,     0.00,     0.00,     2.53,     0.00,     0.00,    10.33,     9.58,    27.28,     1.19,     0.00,     0.01,     0.63,     0.00,     0.00,     0.00,     0.00,     0.00,     0.00,     0.00,    11.19,     0.00,  -999.99
cty,11189,IL: Washington County,1987,09,PRCP,     0.00,     0.00,     0.00,     0.00,     0.00,     0.00,     0.00,     0.20,     0.46,     0.00,     1.85,     0.00,     0.47,     0.00,     0.00,     1.26,    29.38,     0.00,     0.00,     0.00,     0.00,     0.00,     0.00,     0.00,     0.00,     0.00,     0.00,     0.00,    38.53,     0.00,  -999.99
cty,11191,IL: Wayne County,1987,09,PRCP,     0.00,     0.00,     0.00,     0.00,     0.00,     0.00,     0.00,     0.04,     1.48,     0.00,     0.00,     0.00,     0.00,     0.00,     0.00,     3.27,    24.39,     0.00,     0.00,     0.00,     0.00,     0.00,     0.00,     0.00,     0.00,     0.00,     0.00,     0.00,    24.85,     0.00,  -999.99
cty,11193,IL: White County,1987,09,PRCP,     0.00,     0.00,     0.00,     0.00,     0.00,     0.00,     0.00,     0.03,     0.57,     0.00,     0.00,     0.00,     0.00,     0.00,     0.01,     4.44,    20.77,     0.02,     0.00,     0.00,     0.00,     0.00,     0.00,     0.00,     0.00,     0.00,     0.00,     0.02,    17.33,     1.91,  -999.99
cty,11195,IL: Whiteside County,1987,09,PRCP,     0.00,     0.00,     0.00,     0.00,     0.00,     0.01,     4.69,     3.18,     0.00,     0.00,     0.01,     1.44,     0.00,     1.45,     3.02,     4.51,    12.94,     3.25,     0.05,     0.31,     0.98,     0.30,     0.00,     0.00,     0.00,     0.00,     0.00,     0.01,     5.60,     0.00,  -999.99
cty,11197,IL: Will County,1987,09,PRCP,     0.00,     0.00,     0.00,     0.00,     0.00,     0.00,     1.96,     3.05,     0.68,     0.00,     0.00,     0.10,     0.06,     0.00,     0.79,     4.19,    23.95,     5.06,     1.44,     0.35,     0.42,     2.79,     0.07,     0.00,     0.00,     0.00,     0.00,     0.00,    10.10,     0.00,  -999.99
cty,11199,IL: Williamson County,1987,09,PRCP,     0.00,     0.00,     0.00,     0.00,     0.00,     0.00,     0.00,     0.00,     0.01,     0.00,     0.37,     0.00,     0.00,     0.00,     0.00,     3.16,    19.06,     0.00,     0.01,     0.00,     0.00,     0.00,     0.00,     0.00,     0.00,     0.00,     0.00,     0.00,    19.70,     0.02,  -999.99
cty,11201,IL: Winnebago County,1987,09,PRCP,     0.00,     0.00,     0.00,     0.00,     0.00,     0.00,     3.87,     3.22,     0.00,     0.00,     0.00,     1.83,     1.51,     2.75,     4.30,     8.00,    14.92,     5.72,     2.02,     2.13,     1.03,     1.04,     0.00,     0.00,     0.00,     0.00,     0.00,     0.00,     5.15,     0.00,  -999.99
cty,11203,IL: Woodford County,1987,09,PRCP,     0.00,     0.01,     0.00,     0.00,     0.00,     0.00,     4.90,     2.24,     0.00,     0.00,     0.00,     0.08,     0.00,     0.00,     0.04,     4.06,    18.78,     2.61,     0.11,     0.00,     0.55,     0.00,     0.00,     0.00,     0.00,     0.00,     0.00,     0.00,     8.59,     0.00,  -999.99
cty,12001,IN: Adams County,1987,09,PRCP,     0.00,     0.00,     0.00,     0.00,     0.00,     0.00,     0.00,     0.00,     0.44,     0.00,     2.23,     0.24,     1.57,     0.00,     0.00,     3.42,     2.16,     2.08,     0.72,     0.00,     0.00,     1.59,     0.00,     0.00,     0.00,     0.00,     0.00,     0.00,     2.06,     3.03,  -999.99
cty,12003,IN: Allen County,1987,09,PRCP,     0.00,     0.00,     0.00,     0.00,     0.00,     0.00,     0.00,     0.00,     1.80,     0.00,     6.44,     0.00,     2.06,     0.00,     0.00,     6.94,     4.78,     3.53,     1.21,     0.00,     0.00,     2.48,     0.00,     0.00,     0.00,     0.00,     0.00,     0.00,     6.14,     3.64,  -999.99
cty,12005,IN: Bartholomew County,1987,09,PRCP,     0.00,     0.00,     0.00,     0.00,     0.00,     0.00,     0.00,     0.00,     2.31,     0.00,     1.45,     2.26,     2.56,     0.00,     0.00,     2.87,    11.75,     1.34,     0.69,     0.00,     0.00,     0.00,     0.00,     0.00,     0.00,     0.00,     0.00,     0.00,     5.64,     8.01,  -999.99
cty,12007,IN: Benton County,1987,09,PRCP,     0.00,     0.00,     0.00,     0.00,     0.00,     0.00,     0.06,     3.46,     3.05,     0.00,     0.00,     0.00,     0.00,     0.00,     0.00,     3.92,    23.31,     2.24,     0.00,     0.00,     0.00,     2.36,     0.02,     0.00,     0.00,     0.00,     0.00,     0.00,    27.76,     0.00,  -999.99
cty,12009,IN: Blackford County,1987,09,PRCP,     0.00,     0.00,     0.00,     0.00,     0.00,     0.00,     0.00,     0.00,     1.33,     0.00,     2.46,     0.06,     1.67,     0.00,     0.00,     2.41,     3.15,     1.91,     0.00,     0.00,     0.00,     1.30,     0.00,     0.00,     0.00,     0.00,     0.00,     0.00,     4.03,     3.16,  -999.99
cty,12011,IN: Boone County,1987,09,PRCP,     0.00,     0.00,     0.00,     0.00,     0.00,     0.00,     0.00,     0.00,     1.74,     0.00,     1.85,     0.07,     0.00,     0.00,     0.03,     3.43,    15.11,     1.38,     0.18,     0.00,     0.00,     1.01,     0.00,     0.00,     0.00,     0.00,     0.00,     0.00,    20.58,     1.36,  -999.99
cty,12013,IN: Brown County,1987,09,PRCP,     0.00,     0.00,     0.00,     0.00,     0.00,     0.00,     0.00,     0.00,     0.00,     0.00,     2.00,     1.93,     0.85,     0.00,     0.00,     4.48,    14.16,     0.95,     0.00,     0.00,     0.00,     0.00,     0.00,     0.00,     0.00,     0.00,     0.00,     0.00,     9.85,     5.82,  -999.99
cty,12015,IN: Carroll County,1987,09,PRCP,     0.00,     0.00,     0.00,     0.00,     0.00,     0.00,     0.00,     2.20,     2.54,     0.00,     2.66,     0.00,     0.00,     0.00,     0.00,     3.24,    20.16,     2.48,     0.00,     0.00,     0.00,     2.94,     0.00,     0.00,     0.00,     0.00,     0.00,     0.00,    28.38,     0.31,  -999.99
cty,12017,IN: Cass County,1987,09,PRCP,     0.00,     0.00,     0.00,     0.00,     0.00,     0.00,     0.00,     2.34,     2.07,     0.00,     3.85,     0.00,     0.00,     0.00,     0.00,     3.05,    16.11,     2.83,     0.10,     0.00,     0.00,     3.17,     0.00,     0.00,     0.00,     0.00,     0.00,     0.00,    22.92,     0.80,  -999.99
cty,12019,IN: Clark County,1987,09,PRCP,     0.00,     0.00,     0.00,     0.00,     0.00,     0.00,     0.00,     0.00,     2.79,     0.00,     1.52,     2.49,     2.52,     0.00,     0.00,     0.00,    12.23,     1.18,     1.29,     0.00,     0.00,     0.00,     0.00,     0.00,     0.00,     0.00,     0.00,     0.00,     0.00,    12.41,  -999.99
cty,12021,IN: Clay County,1987,09,PRCP,     0.00,     0.00,     0.00,     0.00,     0.00,     0.00,     0.00,     0.00,     1.44,     0.00,     1.26,     0.00,     0.00,     0.00,     0.00,     5.55,    17.46,     0.00,     0.00,     0.00,     0.00,     0.00,     0.00,     0.00,     0.00,     0.00,     0.00,     0.00,    22.81,     1.68,  -999.99
cty,12023,IN: Clinton County,1987,09,PRCP,     0.00,     0.00,     0.00,     0.00,     0.00,     0.00,     0.00,     0.00,     2.00,     0.00,     2.09,     0.00,     0.00,     0.00,     0.00,     3.29,    16.52,     1.75,     0.04,     0.00,     0.00,     1.72,     0.00,     0.00,     0.00,     0.00,     0.00,     0.00,    23.70,     1.10,  -999.99
cty,12025,IN: Crawford County,1987,09,PRCP,     0.00,     0.00,     0.00,     0.00,     0.00,     0.00,     0.00,     0.00,     2.76,     0.00,     1.69,     2.35,     0.00,     0.00,     0.00,     2.62,    17.44,     0.00,     1.22,     0.00,     0.00,     0.00,     0.00,     0.00,     0.00,     0.00,     0.00,     0.00,     4.65,    11.37,  -999.99
cty,12027,IN: Daviess County,1987,09,PRCP,     0.05,     0.00,     0.00,     0.00,     0.00,     0.00,     0.00,     0.00,     0.92,     0.00,     1.33,     1.34,     0.00,     0.00,     0.00,     6.85,    19.66,     0.00,     0.00,     0.00,     0.00,     0.00,     0.00,     0.00,     0.00,     0.00,     0.00,     0.00,    15.58,     5.64,  -999.99
cty,12029,IN: Dearborn County,1987,09,PRCP,     0.00,     0.00,     0.00,     0.00,     0.00,     0.00,     0.00,     0.00,     2.54,     0.00,     0.00,     4.70,     3.48,     0.00,     0.00,     0.00,     9.00,     2.04,     1.74,     0.00,     0.00,     0.33,     0.00,     0.00,     0.00,     0.00,     0.00,     0.00,     0.00,    12.26,  -999.99
cty,12031,IN: Decatur County,1987,09,PRCP,     0.13,     0.00,     0.00,     0.00,     0.00,     0.00,     0.00,     0.00,     4.73,     0.00,     0.00,     3.91,     3.82,     0.00,     0.00,     2.15,    11.04,     2.05,     1.66,     0.00,     0.00,     0.51,     0.06,     0.00,     0.00,     0.00,     0.00,     0.00,     2.96,    12.67,  -999.99
cty,12033,IN: DeKalb County,1987,09,PRCP,     0.00,     0.00,     0.00,     0.00,     0.00,     0.00,     0.00,     0.00,     3.10,     0.00,    11.89,     0.00,     3.42,     0.00,     0.76,    10.95,     7.96,     5.97,     2.01,     0.00,     0.50,     3.09,     0.00,     0.00,     0.00,     0.00,     0.00,     0.00,     9.93,     4.96,  -999.99
cty,12035,IN: Delaware County,1987,09,PRCP,     0.00,     0.00,     0.00,     0.00,     0.00,     0.00,     0.00,     0.00,     0.95,     0.00,     0.87,     0.62,     1.26,     0.00,     0.00,     1.34,     2.24,     1.16,     0.00,     0.00,     0.00,     0.67,     0.00,     0.00,     0.00,     0.00,     0.00,     0.00,     2.47,     2.42,  -999.99
cty,12037,IN: Dubois County,1987,09,PRCP,     0.00,     0.00,     0.00,     0.00,     0.00,     0.00,     0.00,     0.00,     1.02,     0.00,     0.83,     2.06,     0.00,     0.00,     0.04,     3.99,    17.21,     0.04,     0.70,     0.00,     0.00,     0.00,     0.00,     0.00,     0.00,     0.00,     0.00,     0.04,     7.84,     8.08,  -999.99
cty,12039,IN: Elkhart County,1987,09,PRCP,     0.00,     0.40,     0.00,     0.00,     0.00,     0.00,     0.00,     4.53,     3.76,     0.00,    13.44,     0.00,     0.23,     0.00,     2.87,     6.09,    13.05,     7.44,     2.49,     0.00,     4.05,     4.71,     0.00,     0.00,     0.00,     0.00,     0.00,     0.00,    21.73,     2.88,  -999.99
cty,12041,IN: Fayette County,1987,09,PRCP,     0.00,     0.00,     0.00,     0.00,     0.00,     0.00,     0.00,     0.00,     2.58,     0.00,     0.00,     2.78,     2.26,     0.00,     0.00,     1.29,     4.66,     1.97,     1.12,     0.00,     0.00,     0.67,     0.00,     0.00,     0.00,     0.00,     0.00,     0.00,     0.49,     7.39,  -999.99
cty,12043,IN: Floyd County,1987,09,PRCP,     0.00,     0.00,     0.00,     0.00,     0.00,     0.00,     0.00,     0.00,     2.52,     0.00,     1.44,     1.88,     1.37,     0.00,     0.00,     0.00,    10.23,     1.03,     1.05,     0.00,     0.00,     0.00,     0.00,     0.00,     0.00,     0.00,     0.00,     0.00,     0.00,    10.11,  -999.99
cty,12045,IN: Fountain County,1987,09,PRCP,     0.00,     0.00,     0.00,     0.00,     0.00,     0.00,     0.00,     2.24,     3.94,     0.00,     0.00,     0.00,     0.00,     0.00,     0.00,     5.84,    28.76,     1.80,     0.00,     0.00,     0.00,     1.01,     0.01,     0.00,     0.00,     0.00,     0.00,     0.00,    42.44,     0.00,  -999.99
cty,12047,IN: Franklin County,1987,09,PRCP,     0.00,     0.00,     0.00,     0.00,     0.00,     0.00,     0.00,     0.00,     3.45,     0.00,     0.00,     5.03,     3.20,     0.00,     0.00,     0.37,     8.06,     2.58,     1.84,     0.00,     0.00,     0.82,     0.05,     0.00,     0.00,     0.00,     0.00,     0.00,     0.00,    12.33,  -999.99
cty,12049,IN: Fulton County,1987,09,PRCP,     0.00,     0.00,     0.00,     0.00,     0.00,     0.00,     0.00,     3.74,     2.38,     0.00,     5.63,     0.00,     0.00,     0.00,     0.00,     3.43,    16.31,     3.93,     0.46,     0.00,     0.00,     4.06,     0.00,     0.00,     0.00,     0.00,     0.00,     0.00,    22.77,     0.95,  -999.99
cty,12051,IN: Gibson County,1987,09,PRCP,     0.00,     0.00,     0.00,     0.00,     0.00,     0.00,     0.00,     0.00,     1.65,     0.00,     0.00,     0.77,     0.00,     0.00,     0.00,     6.85,    20.09,     0.00,     0.09,     0.00,     0.00,     0.00,     0.00,     0.00,     0.00,     0.00,     0.00,     0.00,    15.79,     5.84,  -999.99
cty,12053,IN: Grant County,1987,09,PRCP,     0.00,     0.00,     0.00,     0.00,     0.00,     0.00,     0.00,     0.00,     1.59,     0.00,     4.48,     0.00,     0.77,     0.00,     0.00,     3.21,     6.53,     2.33,     0.00,     0.00,     0.00,     1.74,     0.00,     0.00,     0.00,     0.00,     0.00,     0.00,    10.03,     3.00,  -999.99
cty,12055,IN: Greene County,1987,09,PRCP,     0.25,     0.00,     0.00,     0.00,     0.00,     0.00,     0.00,     0.00,     0.64,     0.00,     1.63,     0.47,     0.06,     0.00,     0.00,     6.48,    17.53,     0.00,     0.00,     0.00,     0.00,     0.00,     0.00,     0.00,     0.00,     0.00,     0.00,     0.00,    17.49,     3.53,  -999.99
cty,12057,IN: Hamilton County,1987,09,PRCP,     0.00,     0.00,     0.00,     0.00,     0.00,     0.00,     0.00,     0.00,     0.26,     0.00,     1.56,     0.01,     0.38,     0.00,     0.00,     2.13,     6.71,     1.07,     0.00,     0.00,     0.00,     0.64,     0.01,     0.00,     0.00,     0.00,     0.00,     0.00,     8.78,     1.55,  -999.99
cty,12059,IN: Hancock County,1987,09,PRCP,     0.00,     0.00,     0.00,     0.00,     0.00,     0.00,     0.00,     0.00,     0.00,     0.00,     1.09,     1.02,     1.48,     0.00,     0.00,     1.76,     4.37,     0.96,     0.00,     0.00,     0.00,     0.36,     0.00,     0.00,     0.00,     0.00,     0.00,     0.00,     4.32,     2.60,  -999.99
cty,12061,IN: Harrison County,1987,09,PRCP,     0.00,     0.00,     0.00,     0.00,     0.00,     0.00,     0.00,     0.00,     3.70,     0.00,     1.81,     2.34,     0.23,     0.00,     0.00,     0.35,    14.68,     1.01,     1.33,     0.00,     0.00,     0.00,     0.00,     0.00,     0.00,     0.00,     0.00,     0.00,     0.68,    13.02,  -999.99
cty,12063,IN: Hendricks County,1987,09,PRCP,     0.00,     0.00,     0.00,     0.00,     0.00,     0.00,     0.00,     0.00,     1.25,     0.00,     1.90,     0.00,     0.00,     0.00,     0.00,     4.23,    15.35,     1.21,     0.00,     0.00,     0.00,     0.43,     0.00,     0.00,     0.00,     0.00,     0.00,     0.00,    19.04,     1.83,  -999.99
cty,12065,IN: Henry County,1987,09,PRCP,     0.00,     0.00,     0.00,     0.00,     0.00,     0.00,     0.00,     0.00,     1.31,     0.00,     0.06,     1.23,     1.62,     0.01,     0.00,     1.30,     2.83,     1.26,     0.15,     0.00,     0.00,     0.52,     0.00,     0.00,     0.00,     0.00,     0.00,     0.00,     2.14,     3.57,  -999.99
cty,12067,IN: Howard County,1987,09,PRCP,     0.00,     0.00,     0.00,     0.00,     0.00,     0.00,     0.00,     0.00,     1.24,     0.00,     2.89,     0.00,     0.00,     0.00,     0.00,     2.57,     9.37,     1.75,     0.00,     0.00,     0.00,     1.66,     0.00,     0.00,     0.00,     0.00,     0.00,     0.00,    14.31,     1.39,  -999.99
cty,12069,IN: Huntington County,1987,09,PRCP,     0.00,     0.00,     0.00,     0.00,     0.00,     0.00,     0.00,     0.00,     2.21,     0.00,     6.26,     0.00,     1.73,     0.00,     0.00,     4.42,     6.31,     3.02,     0.00,     0.00,     0.00,     2.28,     0.00,     0.00,     0.00,     0.00,     0.00,     0.00,     9.99,     3.19,  -999.99
cty,12071,IN: Jackson County,1987,09,PRCP,     0.00,     0.00,     0.00,     0.00,     0.00,     0.00,     0.00,     0.00,     1.75,     0.00,     1.71,     2.20,     1.26,     0.00,     0.00,     3.16,    13.65,     0.85,     1.08,     0.00,     0.00,     0.00,     0.00,     0.00,     0.00,     0.00,     0.00,     0.00,     5.54,     8.92,  -999.99
cty,12073,IN: Jasper County,1987,09,PRCP,     0.00,     0.00,     0.00,     0.00,     0.00,     0.00,     0.25,     4.00,     2.20,     0.00,     0.48,     0.00,     0.00,     0.00,     0.60,     3.52,    22.13,     3.43,     0.57,     0.00,     0.00,     4.48,     0.58,     0.00,     0.00,     0.00,     0.00,     0.00,    23.05,     0.00,  -999.99
cty,12075,IN: Jay County,1987,09,PRCP,     0.00,     0.00,     0.00,     0.00,     0.00,     0.00,     0.00,     0.00,     0.62,     0.00,     0.46,     1.06,     1.95,     0.00,     0.00,     2.02,     1.97,     1.97,     0.59,     0.00,     0.00,     1.28,     0.00,     0.00,     0.00,     0.00,     0.00,     0.00,     1.10,     3.64,  -999.99
cty,12077,IN: Jefferson County,1987,09,PRCP,     0.02,     0.00,     0.00,     0.00,     0.00,     0.00,     0.00,     0.00,     3.07,     0.00,     0.82,     2.93,     3.22,     0.00,     0.00,     0.00,    10.73,     1.22,     1.31,     0.00,     0.00,     0.00,     0.00,     0.00,     0.00,     0.00,     0.00,     0.00,     0.00,    11.85,  -999.99
cty,12079,IN: Jennings County,1987,09,PRCP,     0.00,     0.00,     0.00,     0.00,     0.00,     0.00,     0.00,     0.00,     3.63,     0.00,     0.61,     2.34,     2.41,     0.00,     0.00,     0.80,     9.47,     1.12,     1.12,     0.00,     0.00,     0.07,     0.00,     0.00,     0.00,     0.00,     0.00,     0.00,     1.42,     9.74,  -999.99
cty,12081,IN: Johnson County,1987,09,PRCP,     0.00,     0.00,     0.00,     0.00,     0.00,     0.00,     0.00,     0.00,     0.00,     0.00,     1.38,     1.32,     1.70,     0.00,     0.00,     2.82,     8.63,     0.92,     0.00,     0.00,     0.00,     0.01,     0.03,     0.00,     0.00,     0.00,     0.00,     0.00,     7.36,     3.35,  -999.99
cty,12083,IN: Knox County,1987,09,PRCP,     0.09,     0.00,     0.01,     0.00,     0.00,     0.00,     0.00,     0.00,     1.74,     0.04,     0.45,     0.06,     0.00,     0.00,     0.00,     7.68,    19.98,     0.00,     0.01,     0.00,     0.00,     0.00,     0.00,     0.00,     0.00,     0.00,     0.00,     0.00,    19.50,     4.19,  -999.99
cty,12085,IN: Kosciusko County,1987,09,PRCP,     0.00,     0.00,     0.00,     0.00,     0.00,     0.00,     0.00,     1.77,     2.99,     0.00,     9.10,     0.00,     0.00,     0.00,     0.02,     4.76,    11.25,     4.61,     1.52,     0.00,     0.00,     3.54,     0.00,     0.00,     0.00,     0.00,     0.00,     0.00,    18.14,     2.29,  -999.99
cty,12087,IN: LaGrange County,1987,09,PRCP,     0.00,     0.17,     0.00,     0.00,     0.00,     0.00,     0.00,     1.68,     4.48,     0.00,    16.43,     0.00,     2.87,     0.00,     3.78,     8.47,    10.05,     7.27,     2.53,     0.00,     2.72,     3.52,     0.00,     0.00,     0.00,     0.00,     0.00,     0.00,    18.85,     3.96,  -999.99
cty,12089,IN: Lake County,1987,09,PRCP,     0.00,     0.00,     0.00,     0.00,     0.00,     0.02,     0.00,     3.57,     1.22,     0.02,     0.00,     0.00,     0.00,     0.00,     1.35,     3.91,    21.48,     4.98,     1.66,     0.08,     0.70,     4.75,     0.22,     0.00,     0.00,     0.00,     0.00,     0.11,    14.84,     0.00,  -999.99
cty,12091,IN: LaPorte County,1987,09,PRCP,     0.00,     0.66,     0.00,     0.00,     0.00,     0.00,     0.12,     5.03,     1.67,     0.00,     3.98,     0.00,     0.00,     0.00,     2.13,     3.83,    18.51,     6.06,     1.99,     0.00,     2.85,     5.87,     0.18,     0.00,     0.00,     0.00,     0.00,     0.00,    19.45,     0.00,  -999.99
cty,12093,IN: Lawrence County,1987,09,PRCP,     0.01,     0.00,     0.00,     0.00,     0.00,     0.00,     0.00,     0.00,     0.00,     0.00,     2.16,     2.07,     0.00,     0.00,     0.00,     5.79,    17.73,     0.00,     0.38,     0.00,     0.00,     0.00,     0.00,     0.00,     0.00,     0.00,     0.00,     0.00,    11.03,     7.38,  -999.99
cty,12095,IN: Madison County,1987,09,PRCP,     0.00,     0.00,     0.00,     0.00,     0.00,     0.00,     0.00,     0.00,     0.39,     0.00,     1.31,     0.40,     0.88,     0.00,     0.00,     1.40,     3.25,     0.92,     0.00,     0.00,     0.00,     0.53,     0.00,     0.00,     0.00,     0.00,     0.00,     0.00,     4.16,     1.66,  -999.99
cty,12097,IN: Marion County,1987,09,PRCP,     0.00,     0.00,     0.00,     0.00,     0.00,     0.00,     0.00,     0.00,     0.02,     0.00,     1.47,     0.48,     0.62,     0.00,     0.00,     2.66,     8.32,     1.00,     0.00,     0.00,     0.00,     0.41,     0.01,     0.00,     0.00,     0.00,     0.00,     0.00,     9.36,     2.10,  -999.99
cty,12099,IN: Marshall County,1987,09,PRCP,     0.00,     0.00,     0.00,     0.00,     0.00,     0.00,     0.00,     4.39,     2.46,     0.00,     6.99,     0.00,     0.00,     0.00,     0.63,     3.89,    15.88,     5.19,     1.66,     0.00,     0.46,     4.81,     0.00,     0.00,     0.00,     0.00,     0.00,     0.00,    21.80,     1.21,  -999.99
cty,12101,IN: Martin County,1987,09,PRCP,     0.03,     0.00,     0.00,     0.00,     0.00,     0.00,     0.00,     0.00,     0.00,     0.00,     1.78,     1.94,     0.00,     0.00,     0.00,     6.14,    18.85,     0.04,     0.13,     0.00,     0.00,     0.00,     0.00,     0.00,     0.00,     0.00,     0.00,     0.00,    12.93,     6.54,  -999.99
cty,12103,IN: Miami County,1987,09,PRCP,     0.00,     0.00,     0.00,     0.00,     0.00,     0.00,     0.00,     0.78,     2.53,     0.00,     6.71,     0.00,     0.00,     0.00,     0.00,     4.41,    15.43,     3.78,     0.00,     0.00,     0.00,     3.58,     0.00,     0.00,     0.00,     0.00,     0.00,     0.00,    23.68,     2.21,  -999.99
cty,12105,IN: Monroe County,1987,09,PRCP,     0.00,     0.00,     0.00,     0.00,     0.00,     0.00,     0.00,     0.00,     0.00,     0.00,     1.94,     1.58,     0.04,     0.00,     0.00,     5.39,    14.99,     0.03,     0.00,     0.00,     0.00,     0.00,     0.00,     0.00,     0.00,     0.00,     0.00,     0.00,    12.94,     4.23,  -999.99
cty,12107,IN: Montgomery County,1987,09,PRCP,     0.00,     0.00,     0.00,     0.00,     0.00,     0.00,     0.00,     0.00,     2.87,     0.00,     0.16,     0.22,     0.00,     0.00,     0.09,     4.53,    23.55,     1.54,     0.44,     0.00,     0.00,     1.16,     0.00,     0.00,     0.00,     0.00,     0.00,     0.00,    33.25,     0.70,  -999.99
cty,12109,IN: Morgan County,1987,09,PRCP,     0.07,     0.00,     0.00,     0.00,     0.00,     0.00,     0.00,     0.00,     0.05,     0.00,     1.72,     0.77,     0.72,     0.00,     0.00,     4.27,    12.87,     0.80,     0.00,     0.00,     0.00,     0.00,     0.00,     0.00,     0.00,     0.00,     0.00,     0.00,    13.73,     2.52,  -999.99
cty,12111,IN: Newton County,1987,09,PRCP,     0.00,     0.00,     0.00,     0.00,     0.00,     0.00,     0.48,     3.56,     2.13,     0.00,     0.00,     0.00,     0.00,     0.00,     0.32,     3.91,    22.84,     3.12,     0.31,     0.00,     0.00,     3.48,     0.11,     0.00,     0.00,     0.00,     0.00,     0.00,    20.86,     0.00,  -999.99
cty,12113,IN: Noble County,1987,09,PRCP,     0.00,     0.00,     0.00,     0.00,     0.00,     0.00,     0.00,     0.14,     4.27,     0.00,    14.12,     0.00,     2.67,     0.00,     0.89,     8.37,    10.04,     6.16,     2.17,     0.00,     0.60,     3.58,     0.00,     0.00,     0.00,     0.00,     0.00,     0.00,    17.25,     4.00,  -999.99
cty,12115,IN: Ohio County,1987,09,PRCP,     0.00,     0.00,     0.00,     0.00,     0.00,     0.00,     0.00,     0.00,     2.47,     0.00,     0.00,     4.89,     4.60,     0.00,     0.00,     0.00,    11.18,     1.95,     1.85,     0.00,     0.00,     0.00,     0.00,     0.00,     0.00,     0.00,     0.00,     0.00,     0.00,    14.09,  -999.99
cty,12117,IN: Orange County,1987,09,PRCP,     0.00,     0.00,     0.00,     0.00,     0.00,     0.00,     0.00,     0.00,     1.18,     0.00,     1.82,     2.28,     0.00,     0.00,     0.00,     4.15,    17.37,     0.00,     1.16,     0.00,     0.00,     0.00,     0.00,     0.00,     0.00,     0.00,     0.00,     0.00,     7.20,     9.54,  -999.99
cty,12119,IN: Owen County,1987,09,PRCP,     0.00,     0.00,     0.00,     0.00,     0.00,     0.00,     0.00,     0.00,     0.62,     0.00,     1.46,     0.06,     0.00,     0.00,     0.00,     4.85,    14.17,     0.00,     0.00,     0.00,     0.00,     0.01,     0.00,     0.00,     0.00,     0.00,     0.00,     0.00,    15.98,     2.15,  -999.99
cty,12121,IN: Parke County,1987,09,PRCP,     0.00,     0.00,     0.00,     0.00,     0.00,     0.00,     0.00,     0.05,     2.50,     0.00,     0.08,     0.00,     0.00,     0.00,     0.00,     5.71,    22.78,     0.44,     0.00,     0.00,     0.00,     0.02,     0.00,     0.00,     0.00,     0.00,     0.00,     0.00,    33.59,     0.64,  -999.99
cty,12123,IN: Perry County,1987,09,PRCP,     0.00,     0.00,     0.00,     0.00,     0.00,     0.00,     0.00,     0.00,     2.70,     0.00,     0.86,     2.08,     0.00,     0.00,     0.00,     0.87,    15.77,     0.00,     1.07,     0.00,     0.00,     0.00,     0.00,     0.00,     0.00,     0.00,     0.00,     0.00,     2.94,    10.62,  -999.99
cty,12125,IN: Pike County,1987,09,PRCP,     0.00,     0.00,     0.00,     0.00,     0.00,     0.00,     0.00,     0.00,     1.54,     0.00,     0.07,     1.89,     0.00,     0.00,     0.00,     5.43,    18.00,     0.00,     0.03,     0.00,     0.00,     0.00,     0.00,     0.00,     0.00,     0.00,     0.00,     0.00,    11.62,     6.71,  -999.99
cty,12127,IN: Porter County,1987,09,PRCP,     0.00,     0.34,     0.00,     0.00,     0.00,     0.00,     0.12,     4.31,     1.43,     0.00,     1.63,     0.00,     0.00,     0.00,     1.77,     3.82,    20.24,     5.38,     1.78,     0.00,     1.40,     5.59,     0.66,     0.00,     0.00,     0.00,     0.00,     0.00,    17.79,     0.00,  -999.99
cty,12129,IN: Posey County,1987,09,PRCP,     0.00,     0.00,     0.00,     0.00,     0.00,     0.00,     0.00,     0.00,     0.25,     0.00,     0.00,     0.10,     0.00,     0.00,     0.00,     5.61,    20.94,     0.00,     0.00,     0.00,     0.00,     0.00,     0.00,     0.00,     0.00,     0.00,     0.00,     0.00,    14.90,     5.03,  -999.99
cty,12131,IN: Pulaski County,1987,09,PRCP,     0.00,     0.00,     0.00,     0.00,     0.00,     0.00,     0.00,     4.34,     2.31,     0.00,     3.29,     0.00,     0.00,     0.00,     0.02,     3.13,    21.21,     3.83,     0.58,     0.00,     0.00,     4.80,     0.00,     0.00,     0.00,     0.00,     0.00,     0.00,    25.84,     0.00,  -999.99
cty,12133,IN: Putnam County,1987,09,PRCP,     0.00,     0.00,     0.00,     0.00,     0.00,     0.00,     0.00,     0.00,     2.05,     0.07,     1.85,     0.00,     0.00,     0.00,     0.00,     5.71,    21.37,     0.93,     0.00,     0.00,     0.00,     0.18,     0.00,     0.00,     0.00,     0.00,     0.00,     0.00,    27.86,     1.81,  -999.99
cty,12135,IN: Randolph County,1987,09,PRCP,     0.01,     0.00,     0.00,     0.00,     0.00,     0.00,     0.00,     0.00,     1.56,     0.00,     0.00,     1.80,     2.17,     0.00,     0.00,     1.54,     2.34,     2.15,     0.89,     0.00,     0.00,     1.09,     0.00,     0.00,     0.00,     0.00,     0.00,     0.00,     0.50,     4.99,  -999.99
cty,12137,IN: Ripley County,1987,09,PRCP,     0.00,     0.00,     0.00,     0.00,     0.00,     0.00,     0.00,     0.00,     3.68,     0.00,     0.00,     4.13,     3.60,     0.00,     0.00,     0.02,    10.09,     1.79,     1.65,     0.00,     0.00,     0.25,     0.00,     0.00,     0.00,     0.00,     0.00,     0.00,     0.00,    12.80,  -999.99
cty,12139,IN: Rush County,1987,09,PRCP,     0.00,     0.00,     0.00,     0.00,     0.00,     0.00,     0.00,     0.00,     2.30,     0.00,     0.00,     2.26,     2.45,     0.00,     0.00,     1.73,     5.72,     1.58,     0.68,     0.00,     0.01,     0.51,     0.00,     0.00,     0.00,     0.00,     0.00,     0.00,     2.91,     6.57,  -999.99
cty,12141,IN: St. Joseph County,1987,09,PRCP,     0.00,     0.87,     0.00,     0.00,     0.00,     0.00,     0.00,     5.87,     2.58,     0.00,     8.80,     0.00,     0.00,     0.00,     2.72,     4.76,    16.95,     7.51,     2.44,     0.00,     5.24,     6.02,     0.00,     0.00,     0.00,     0.00,     0.00,     0.00,    22.24,     1.64,  -999.99
cty,12143,IN: Scott County,1987,09,PRCP,     0.26,     0.00,     0.00,     0.00,     0.00,     0.00,     0.00,     0.00,     3.13,     0.00,     1.52,     2.63,     2.63,     0.00,     0.00,     0.75,    13.02,     1.25,     1.37,     0.00,     0.00,     0.00,     0.00,     0.00,     0.00,     0.00,     0.00,     0.00,     0.22,    12.27,  -999.99
cty,12145,IN: Shelby County,1987,09,PRCP,     0.00,     0.00,     0.00,     0.00,     0.00,     0.00,     0.00,     0.00,     1.02,     0.00,     1.06,     1.86,     2.36,     0.00,     0.00,     2.41,     7.99,     1.29,     0.12,     0.00,     0.00,     0.23,     0.00,     0.00,     0.00,     0.00,     0.00,     0.00,     5.14,     5.62,  -999.99
cty,12147,IN: Spencer County,1987,09,PRCP,     0.00,     0.00,     0.00,     0.00,     0.00,     0.00,     0.00,     0.00,     1.45,     0.00,     0.00,     2.05,     0.00,     0.00,     0.00,     1.11,    15.21,     0.00,     0.87,     0.00,     0.00,     0.00,     0.00,     0.00,     0.00,     0.00,     0.00,     0.00,     4.08,     8.90,  -999.99
cty,12149,IN: Starke County,1987,09,PRCP,     0.00,     0.00,     0.00,     0.00,     0.00,     0.00,     0.00,     4.67,     2.03,     0.00,     3.98,     0.00,     0.00,     0.00,     0.84,     3.32,    19.58,     4.78,     1.48,     0.00,     0.00,     5.34,     0.00,     0.00,     0.00,     0.00,     0.00,     0.00,    22.88,     0.00,  -999.99
cty,12151,IN: Steuben County,1987,09,PRCP,     0.00,     0.19,     0.00,     0.00,     0.00,     0.00,     0.00,     0.00,     3.52,     0.00,    13.78,     0.00,     3.87,     0.00,     3.72,    10.27,     7.99,     6.28,     2.12,     0.00,     1.63,     2.57,     0.00,     0.00,     0.00,     0.00,     0.00,     0.00,    11.44,     4.68,  -999.99
cty,12153,IN: Sullivan County,1987,09,PRCP,     0.02,     0.00,     0.00,     0.00,     0.00,     0.00,     0.00,     0.00,     1.44,     0.00,     0.28,     0.00,     0.00,     0.00,     0.00,     6.21,    17.41,     0.00,     0.00,     0.00,     0.00,     0.00,     0.00,     0.00,     0.00,     0.00,     0.00,     0.00,    21.62,     2.00,  -999.99
cty,12155,IN: Switzerland County,1987,09,PRCP,     0.31,     0.00,     0.00,     0.00,     0.00,     0.00,     0.00,     0.00,     2.23,     0.00,     0.03,     4.43,     4.89,     0.00,     0.00,     0.00,    11.31,     1.67,     1.73,     0.03,     0.00,     0.00,     0.02,     0.00,     0.00,     0.00,     0.00,     0.00,     0.00,    13.92,  -999.99
cty,12157,IN: Tippecanoe County,1987,09,PRCP,     0.00,     0.00,     0.00,     0.00,     0.00,     0.00,     0.00,     1.59,     3.52,     0.00,     0.03,     0.00,     0.00,     0.00,     0.00,     3.66,    24.61,     2.06,     0.20,     0.00,     0.00,     2.21,     0.38,     0.00,     0.00,     0.00,     0.00,     0.00,    34.74,     0.01,  -999.99
cty,12159,IN: Tipton County,1987,09,PRCP,     0.00,     0.00,     0.00,     0.00,     0.00,     0.00,     0.00,     0.00,     0.93,     0.00,     1.99,     0.03,     0.00,     0.00,     0.00,     2.08,     6.98,     1.25,     0.00,     0.00,     0.00,     1.01,     0.00,     0.00,     0.00,     0.00,     0.00,     0.00,    10.20,     1.29,  -999.99
cty,12161,IN: Union County,1987,09,PRCP,     0.41,     0.00,     0.00,     0.00,     0.00,     0.00,     0.00,     0.00,     2.23,     0.00,     0.00,     3.00,     1.90,     0.00,     0.00,     0.34,     3.83,     2.02,     1.08,     0.00,     0.00,     0.70,     0.00,     0.00,     0.00,     0.00,     0.00,     0.00,     0.10,     7.13,  -999.99
cty,12163,IN: Vanderburgh County,1987,09,PRCP,     0.00,     0.00,     0.00,     0.00,     0.00,     0.00,     0.00,     0.00,     0.00,     0.00,     0.00,     2.24,     0.00,     0.00,     0.00,     5.09,    19.93,     0.00,     0.00,     0.00,     0.00,     0.00,     0.00,     0.00,     0.00,     0.00,     0.00,     0.00,    11.04,     7.54,  -999.99
cty,12165,IN: Vermillion County,1987,09,PRCP,     0.00,     0.00,     0.00,     0.00,     0.00,     0.00,     0.00,     1.94,     3.22,     0.00,     0.08,     0.00,     0.00,     0.00,     0.00,     6.86,    26.03,     0.35,     0.00,     0.00,     0.00,     0.00,     0.00,     0.00,     0.00,     0.00,     0.00,     0.00,    41.03,     0.00,  -999.99
cty,12167,IN: Vigo County,1987,09,PRCP,     0.00,     0.00,     0.00,     0.00,     0.00,     0.00,     0.00,     0.00,     1.60,     0.00,     0.42,     0.00,     0.00,     0.00,     0.00,     5.80,    18.74,     0.00,     0.00,     0.00,     0.00,     0.00,     0.00,     0.00,     0.00,     0.00,     0.00,     0.00,    27.24,     1.26,  -999.99
cty,12169,IN: Wabash County,1987,09,PRCP,     0.00,     0.00,     0.00,     0.00,     0.00,     0.00,     0.00,     0.53,     3.17,     0.00,     9.29,     0.00,     0.00,     0.00,     0.00,     5.62,    13.35,     4.48,     0.26,     0.00,     0.00,     3.69,     0.00,     0.00,     0.00,     0.00,     0.00,     0.00,    21.40,     3.43,  -999.99
cty,12171,IN: Warren County,1987,09,PRCP,     0.00,     0.00,     0.00,     0.00,     0.00,     0.00,     0.00,     3.85,     3.75,     0.00,     0.00,     0.00,     0.00,     0.00,     0.00,     5.16,    26.48,     2.00,     0.00,     0.00,     0.00,     1.39,     0.02,     0.00,     0.00,     0.00,     0.00,     0.00,    36.22,     0.00,  -999.99
cty,12173,IN: Warrick County,1987,09,PRCP,     0.00,     0.00,     0.00,     0.00,     0.00,     0.00,     0.00,     0.00,     0.59,     0.00,     0.10,     2.52,     0.00,     0.00,     0.16,     3.91,    18.95,     0.00,     0.30,     0.00,     0.00,     0.00,     0.00,     0.00,     0.00,     0.00,     0.00,     0.00,     7.91,     9.18,  -999.99
cty,12175,IN: Washington County,1987,09,PRCP,     0.00,     0.00,     0.00,     0.00,     0.00,     0.00,     0.00,     0.00,     2.76,     0.00,     1.92,     2.59,     0.71,     0.00,     0.00,     2.68,    15.59,     0.68,     1.39,     0.00,     0.00,     0.00,     0.00,     0.00,     0.00,     0.00,     0.00,     0.00,     3.96,    11.82,  -999.99
cty,12177,IN: Wayne County,1987,09,PRCP,     0.42,     0.00,     0.00,     0.00,     0.00,     0.00,     0.00,     0.00,     2.25,     0.00,     0.00,     2.32,     2.08,     0.00,     0.00,     1.23,     3.15,     2.20,     0.98,     0.00,     0.00,     0.85,     0.00,     0.00,     0.00,     0.00,     0.00,     0.00,     0.21,     6.21,  -999.99
cty,12179,IN: Wells County,1987,09,PRCP,     0.00,     0.00,     0.00,     0.00,     0.00,     0.00,     0.00,     0.00,     1.37,     0.00,     3.33,     0.00,     1.55,     0.00,     0.00,     3.31,     3.18,     2.15,     0.05,     0.00,     0.00,     1.62,     0.00,     0.00,     0.00,     0.00,     0.00,     0.00,     4.30,     2.90,  -999.99
cty,12181,IN: White County,1987,09,PRCP,     0.00,     0.00,     0.00,     0.00,     0.00,     0.00,     0.00,     3.69,     2.95,     0.00,     1.05,     0.00,     0.00,     0.00,     0.00,     3.22,    22.87,     2.80,     0.00,     0.00,     0.00,     3.62,     0.00,     0.00,     0.00,     0.00,     0.00,     0.00,    29.28,     0.00,  -999.99
cty,12183,IN: Whitley County,1987,09,PRCP,     0.00,     0.00,     0.00,     0.00,     0.00,     0.00,     0.00,     0.00,     3.31,     0.00,     9.42,     0.00,     1.86,     0.00,     0.00,     5.94,     8.31,     4.11,     1.30,     0.00,     0.00,     2.83,     0.00,     0.00,     0.00,     0.00,     0.00,     0.00,    13.70,     3.13,  -999.99
cty,13001,IA: Adair County,1987,09,PRCP,     0.00,     0.00,     0.00,     0.00,     0.00,     3.79,     2.01,     0.00,     0.00,     8.42,     0.00,     0.00,     0.00,     0.00,     8.32,    31.68,     5.69,     0.00,     0.00,     0.00,     0.00,     0.00,     0.00,     0.00,     0.00,     0.00,     0.00,     2.99,     0.00,     0.00,  -999.99
cty,13003,IA: Adams County,1987,09,PRCP,     0.00,     0.00,     0.00,     0.00,     0.00,     4.08,     1.82,     0.00,     0.00,    11.07,     0.00,     0.00,     0.00,     0.00,     4.76,    31.43,     4.28,     0.00,     0.00,     0.00,     0.01,     0.00,     0.00,     0.00,     0.00,     0.00,     0.00,     2.42,     0.00,     0.00,  -999.99
cty,13005,IA: Allamakee County,1987,09,PRCP,     0.00,     0.00,     0.00,     0.00,     0.00,     1.94,     1.07,     4.90,     0.00,     0.00,     1.23,     0.00,     6.88,     1.70,     1.83,     4.69,    11.05,     1.59,     1.39,     5.22,     2.46,     0.55,     0.00,     0.00,     0.00,     0.00,     0.00,     0.00,     0.00,     0.00,  -999.99
cty,13007,IA: Appanoose County,1987,09,PRCP,     0.00,     0.00,     0.00,     0.00,     0.00,     4.56,     5.81,     2.58,     0.00,     0.84,     2.55,     0.02,     0.00,     0.00,    32.25,    18.15,    18.17,     0.00,     0.00,     0.00,     0.00,     0.00,     0.00,     0.00,     0.00,     0.00,     0.00,     0.00,     5.66,     0.00,  -999.99
cty,13009,IA: Audubon County,1987,09,PRCP,     0.00,     0.00,     0.00,     0.00,     0.00,     2.72,     2.21,     0.00,     0.00,     7.66,     0.00,     0.00,     1.17,     0.00,    10.39,    40.56,     9.65,     0.00,     0.00,     0.09,     0.00,     0.00,     0.00,     0.00,     0.00,     0.00,     0.00,     5.34,     0.00,     0.00,  -999.99
cty,13011,IA: Benton County,1987,09,PRCP,     0.00,     0.00,     0.00,     0.00,     0.00,     1.41,     1.81,     1.99,     0.00,     0.00,     2.85,     0.00,     1.98,     0.60,     9.03,     3.95,    21.19,     0.44,     0.00,     1.63,     0.72,     0.00,     0.00,     0.00,     0.00,     0.00,     0.00,     0.00,     1.74,     0.00,  -999.99
cty,13013,IA: Black Hawk County,1987,09,PRCP,     0.00,     0.00,     0.00,     0.00,     0.00,     1.69,     3.07,     2.53,     0.00,     0.00,     3.04,     0.00,     4.37,     0.00,    13.48,     3.51,    19.89,     0.30,     0.00,     3.83,     1.29,     0.20,     0.00,     0.00,     0.00,     0.00,     0.00,     0.01,     0.02,     0.00,  -999.99
cty,13015,IA: Boone County,1987,09,PRCP,     0.00,     0.00,     0.00,     0.00,     0.00,     3.78,     3.74,     0.00,     0.00,     2.01,     0.00,     0.00,     3.22,     0.00,    11.47,    11.85,     6.70,     0.00,     0.36,     1.39,     0.00,     0.00,     0.00,     0.00,     0.00,     0.00,     0.00,     1.57,     0.00,     0.00,  -999.99
cty,13017,IA: Bremer County,1987,09,PRCP,     0.00,     0.00,     0.00,     0.00,     0.00,     1.82,     2.71,     3.36,     0.00,     0.00,     2.80,     0.00,     6.56,     0.00,    14.89,     3.17,    17.12,     0.73,     0.00,     6.05,     1.95,     0.41,     0.00,     0.00,     0.00,     0.00,     0.00,     0.00,     0.00,     0.00,  -999.99
cty,13019,IA: Buchanan County,1987,09,PRCP,     0.00,     0.00,     0.00,     0.00,     0.00,     1.42,     0.66,     2.72,     0.00,     0.00,     2.62,     0.00,     3.39,     0.88,    12.09,     3.32,    23.69,     1.28,     0.00,     3.01,     1.92,     0.48,     0.00,     0.00,     0.00,     0.00,     0.00,     0.00,     0.72,     0.00,  -999.99
cty,13021,IA: Buena Vista County,1987,09,PRCP,     0.00,     0.00,     0.00,     0.00,     0.00,     0.04,     2.35,     2.37,     0.00,     2.05,     0.47,     2.68,     6.83,     0.00,    30.51,    25.80,    20.90,     0.06,     2.48,     1.87,     0.00,     0.00,     0.00,     0.00,     0.00,     0.00,     0.00,     1.03,     0.00,     0.00,  -999.99
cty,13023,IA: Butler County,1987,09,PRCP,     0.00,     0.00,     0.00,     0.00,     0.00,     3.72,     6.27,     4.01,     0.00,     0.00,     3.39,     0.00,     7.30,     0.00,    20.41,     3.93,    11.72,     0.00,     0.09,     6.12,     0.93,     0.00,     0.00,     0.00,     0.00,     0.00,     0.00,     0.00,     0.00,     0.00,  -999.99
cty,13025,IA: Calhoun County,1987,09,PRCP,     0.00,     0.00,     0.00,     0.00,     0.00,     2.36,     3.64,     0.46,     0.00,     3.00,     0.00,     1.11,     7.57,     0.00,    29.69,    28.96,    17.58,     0.00,     2.04,     2.20,     0.00,     0.00,     0.00,     0.00,     0.00,     0.00,     0.00,     3.86,     0.00,     0.00,  -999.99
cty,13027,IA: Carroll County,1987,09,PRCP,     0.00,     0.00,     0.00,     0.00,     0.00,     2.22,     2.71,     0.00,     0.00,     4.65,     0.00,     0.00,     4.26,     0.00,    18.31,    35.39,    13.81,     0.00,     0.00,     1.14,     0.00,     0.00,     0.00,     0.00,     0.00,     0.00,     0.00,     4.71,     0.00,     0.00,  -999.99
cty,13029,IA: Cass County,1987,09,PRCP,     0.00,     0.00,     0.00,     0.00,     0.00,     3.86,     2.18,     0.00,     0.00,    13.17,     0.00,     0.00,     0.00,     0.00,     6.99,    49.31,     7.44,     0.00,     0.00,     0.05,     0.00,     0.00,     0.00,     0.00,     0.00,     0.00,     0.00,     5.68,     0.00,     0.00,  -999.99
cty,13031,IA: Cedar County,1987,09,PRCP,     0.00,     0.00,     0.00,     0.00,     0.00,     0.72,     2.29,     5.83,     0.00,     0.00,     1.62,     0.00,     0.00,     2.02,    10.12,     8.10,    28.30,     2.06,     0.00,     0.83,     1.21,     0.00,     0.00,     0.00,     0.00,     0.00,     0.00,     0.00,     5.35,     0.00,  -999.99
cty,13033,IA: Cerro Gordo County,1987,09,PRCP,     0.00,     0.00,     0.00,     0.00,     0.00,     5.10,     5.31,     5.98,     0.00,     0.00,     4.49,     0.43,    11.11,     0.00,    18.40,     4.13,     8.54,     0.00,     2.55,     8.22,     0.44,     0.00,     0.00,     0.00,     0.00,     0.00,     0.00,     0.00,     0.00,     0.00,  -999.99
cty,13035,IA: Cherokee County,1987,09,PRCP,     0.00,     0.00,     0.00,     0.00,     0.00,     0.00,     0.69,     0.82,     0.00,     2.24,     0.00,     2.35,     4.77,     0.00,    18.75,    29.81,    24.76,     0.00,     2.23,     1.32,     0.00,     0.00,     0.00,     0.00,     0.00,     0.00,     0.00,     0.06,     0.00,     0.00,  -999.99
cty,13037,IA: Chickasaw County,1987,09,PRCP,     0.00,     0.00,     0.00,     0.00,     0.00,     2.60,     2.36,     4.38,     0.00,     0.00,     2.64,     0.00,     7.47,     0.00,     9.87,     3.11,    11.71,     0.76,     0.42,     6.92,     2.05,     0.39,     0.00,     0.00,     0.00,     0.00,     0.00,     0.00,     0.00,     0.00,  -999.99
cty,13039,IA: Clarke County,1987,09,PRCP,     0.00,     0.00,     0.00,     0.00,     0.00,     4.03,     2.60,     0.00,     0.00,     4.17,     0.00,     0.00,     0.00,     0.00,    11.51,    16.96,     7.14,     0.00,     0.00,     0.00,     0.00,     0.00,     0.00,     0.00,     0.00,     0.00,     0.00,     0.00,     0.00,     0.00,  -999.99
cty,13041,IA: Clay County,1987,09,PRCP,     0.00,     0.00,     0.00,     0.00,     0.00,     0.12,     1.81,     2.46,     0.00,     1.10,     1.81,     3.09,     5.08,     0.00,    22.66,    14.18,    13.51,     0.00,     2.54,     1.80,     0.00,     0.00,     0.00,     0.00,     0.00,     0.00,     0.00,     0.00,     0.00,     0.00,  -999.99
cty,13043,IA: Clayton County,1987,09,PRCP,     0.00,     0.02,     0.00,     0.00,     0.00,     2.37,     0.00,     6.65,     0.00,     0.00,     2.55,     0.00,     8.17,     3.03,    10.61,     5.99,    31.12,     2.36,     0.72,     6.20,     5.30,     1.48,     0.00,     0.00,     0.00,     0.00,     0.00,     0.00,     0.46,     0.00,  -999.99
cty,13045,IA: Clinton County,1987,09,PRCP,     0.00,     0.10,     0.00,     0.00,     0.00,     0.04,     2.73,     5.88,     0.00,     0.00,     0.01,     0.33,     0.00,     2.14,     7.38,     5.96,    17.82,     2.49,     0.00,     0.93,     1.54,     0.12,     0.00,     0.00,     0.00,     0.00,     0.00,     0.00,     4.46,     0.00,  -999.99
cty,13047,IA: Crawford County,1987,09,PRCP,     0.00,     0.00,     0.00,     0.00,     0.00,     0.39,     1.69,     0.00,     0.00,     4.15,     0.00,     0.00,     2.13,     0.00,     8.96,    30.50,    13.31,     0.00,     0.00,     0.22,     0.00,     0.00,     0.00,     0.00,     0.00,     0.00,     0.00,     3.96,     0.00,     0.00,  -999.99
cty,13049,IA: Dallas County,1987,09,PRCP,     0.00,     0.00,     0.00,     0.00,     0.00,     4.60,     3.54,     0.13,     0.00,     4.66,     0.00,     0.00,     2.41,     0.00,    13.17,    23.21,     8.18,     0.00,     0.00,     0.91,     0.00,     0.00,     0.00,     0.00,     0.00,     0.00,     0.00,     2.42,     0.00,     0.00,  -999.99
cty,13051,IA: Davis County,1987,09,PRCP,     0.00,     0.00,     0.00,     0.00,     0.00,     1.98,     4.98,     2.47,     0.00,     0.00,     2.67,     1.41,     0.00,     0.00,    28.75,    16.05,    19.22,     0.09,     0.00,     0.00,     0.00,     0.00,     0.00,     0.00,     0.00,     0.00,     0.00,     0.00,     6.05,     0.00,  -999.99
cty,13053,IA: Decatur County,1987,09,PRCP,     0.00,     0.00,     0.00,     0.00,     0.00,     3.97,     2.89,     0.34,     0.00,     3.77,     0.00,     0.00,     0.00,     0.00,    10.45,    14.89,     6.43,     0.00,     0.00,     0.00,     0.00,     0.00,     0.00,     0.00,     0.00,     0.00,     0.00,     0.00,     0.04,     0.00,  -999.99
cty,13055,IA: Delaware County,1987,09,PRCP,     0.00,     0.00,     0.00,     0.00,     0.00,     1.68,     0.03,     5.18,     0.00,     0.00,     2.25,     0.00,     3.77,     2.36,    11.94,     4.65,    29.98,     1.88,     0.00,     3.12,     3.35,     0.84,     0.00,     0.00,     0.00,     0.00,     0.00,     0.00,     2.12,     0.00,  -999.99
cty,13057,IA: Des Moines County,1987,09,PRCP,     0.00,     0.00,     0.00,     0.00,     0.00,     0.00,     3.83,     3.37,     0.00,     0.00,     0.86,     1.80,     0.00,     0.00,     9.96,    10.26,    18.48,     0.18,     0.00,     0.00,     0.01,     0.00,     0.00,     0.00,     0.00,     0.00,     0.00,     0.00,     6.43,     0.00,  -999.99
cty,13059,IA: Dickinson County,1987,09,PRCP,     0.00,     0.00,     0.00,     0.00,     0.01,     0.06,     3.28,     4.85,     0.04,     1.71,     4.18,     7.40,     8.02,     0.66,    33.47,    20.73,    20.73,     1.35,     5.52,     3.66,     0.00,     0.00,     0.00,     0.00,     0.00,     0.00,     0.00,     0.00,     0.00,     0.00,  -999.99
cty,13061,IA: Dubuque County,1987,09,PRCP,     0.00,     0.00,     0.00,     0.00,     0.00,     1.40,     1.38,     7.46,     0.00,     0.00,     1.40,     0.00,     2.63,     3.81,    11.11,     6.84,    30.29,     2.85,     0.24,     3.34,     4.34,     0.98,     0.00,     0.00,     0.00,     0.00,     0.00,     0.00,     3.06,     0.00,  -999.99
cty,13063,IA: Emmet County,1987,09,PRCP,     0.00,     0.00,     0.00,     0.00,     0.00,     0.12,     4.28,     4.40,     0.00,     1.55,     5.34,     7.10,     8.68,     0.00,    30.48,    12.14,    15.89,     0.14,     4.97,     4.53,     0.00,     0.00,     0.00,     0.00,     0.00,     0.00,     0.00,     0.00,     0.00,     0.00,  -999.99
cty,13065,IA: Fayette County,1987,09,PRCP,     0.00,     0.00,     0.00,     0.00,     0.00,     2.31,     0.96,     4.92,     0.00,     0.00,     2.97,     0.00,     8.02,     0.85,    12.32,     4.33,    23.44,     1.60,     0.04,     6.64,     3.57,     1.02,     0.00,     0.00,     0.00,     0.00,     0.00,     0.00,     0.00,     0.00,  -999.99
cty,13067,IA: Floyd County,1987,09,PRCP,     0.00,     0.00,     0.00,     0.00,     0.00,     4.04,     4.03,     5.04,     0.00,     0.00,     3.53,     0.00,     8.76,     0.00,    13.85,     3.21,     8.87,     0.00,     1.28,     7.58,     1.30,     0.00,     0.00,     0.00,     0.00,     0.00,     0.00,     0.00,     0.00,     0.00,  -999.99
cty,13069,IA: Franklin County,1987,09,PRCP,     0.00,     0.00,     0.00,     0.00,     0.00,     4.70,     6.97,     3.82,     0.00,     0.00,     2.84,     0.00,     7.21,     0.00,    22.84,     4.10,     7.67,     0.00,     1.48,     5.39,     0.02,     0.00,     0.00,     0.00,     0.00,     0.00,     0.00,     0.00,     0.00,     0.00,  -999.99
cty,13071,IA: Fremont County,1987,09,PRCP,     0.00,     0.00,     0.00,     0.00,     0.00,     5.73,     3.64,     0.00,     0.00,    26.47,     0.00,     0.00,     0.00,     0.00,     4.95,    46.60,     4.19,     0.00,     0.00,     0.00,     0.00,     0.00,     0.00,     0.00,     0.00,     0.00,     0.00,     2.23,     0.00,     0.00,  -999.99
cty,13073,IA: Greene County,1987,09,PRCP,     0.00,     0.00,     0.00,     0.00,     0.00,     3.24,     3.07,     0.00,     0.00,     3.24,     0.00,     0.00,     4.07,     0.00,    14.80,    23.02,     8.67,     0.00,     0.00,     1.35,     0.00,     0.00,     0.00,     0.00,     0.00,     0.00,     0.00,     3.15,     0.00,     0.00,  -999.99
cty,13075,IA: Grundy County,1987,09,PRCP,     0.00,     0.00,     0.00,     0.00,     0.00,     3.37,     6.89,     2.97,     0.00,     0.00,     3.17,     0.00,     5.37,     0.00,    17.53,     4.59,    15.18,     0.00,     0.00,     4.11,     0.41,     0.08,     0.00,     0.00,     0.00,     0.00,     0.00,     0.41,     0.00,     0.00,  -999.99
cty,13077,IA: Guthrie County,1987,09,PRCP,     0.00,     0.00,     0.00,     0.00,     0.00,     3.79,     2.81,     0.00,     0.00,     6.70,     0.00,     0.00,     1.87,     0.00,    13.09,    34.30,     8.35,     0.00,     0.00,     0.46,     0.00,     0.00,     0.00,     0.00,     0.00,     0.00,     0.00,     3.94,     0.00,     0.00,  -999.99
cty,13079,IA: Hamilton County,1987,09,PRCP,     0.00,     0.00,     0.00,     0.00,     0.00,     3.89,     5.03,     1.49,     0.00,     0.08,     1.17,     0.00,     4.68,     0.00,    16.38,     6.27,     6.90,     0.00,     1.13,     2.60,     0.00,     0.00,     0.00,     0.00,     0.00,     0.00,     0.00,     0.39,     0.00,     0.00,  -999.99
cty,13081,IA: Hancock County,1987,09,PRCP,     0.00,     0.00,     0.00,     0.00,     0.00,     3.58,     4.39,     5.22,     0.00,     0.00,     4.45,     2.12,    11.56,     0.00,    20.44,     4.96,     9.60,     0.08,     2.86,     6.72,     0.00,     0.00,     0.00,     0.00,     0.00,     0.00,     0.00,     0.00,     0.00,     0.00,  -999.99
cty,13083,IA: Hardin County,1987,09,PRCP,     0.00,     0.00,     0.00,     0.00,     0.00,     4.09,     6.68,     2.26,     0.00,     0.00,     1.93,     0.00,     4.55,     0.00,    16.77,     4.36,     8.34,     0.00,     0.19,     3.17,     0.01,     0.00,     0.00,     0.00,     0.00,     0.00,     0.00,     0.06,     0.00,     0.00,  -999.99
cty,13085,IA: Harrison County,1987,09,PRCP,     0.00,     0.00,     0.00,     0.00,     0.00,     0.16,     1.71,     0.00,     0.00,     8.52,     0.00,     0.00,     0.00,     0.00,     3.49,    35.66,    10.03,     0.00,     0.00,     0.00,     0.00,     0.00,     0.00,     0.00,     0.00,     0.00,     0.00,     4.20,     0.00,     0.00,  -999.99
cty,13087,IA: Henry County,1987,09,PRCP,     0.00,     0.00,     0.00,     0.00,     0.00,     0.00,     3.20,     2.80,     0.00,     0.00,     1.65,     1.41,     0.00,     0.00,    11.33,    11.44,    19.88,     0.00,     0.00,     0.00,     0.00,     0.00,     0.00,     0.00,     0.00,     0.00,     0.00,     0.00,     5.88,     0.00,  -999.99
cty,13089,IA: Howard County,1987,09,PRCP,     0.00,     0.00,     0.00,     0.00,     0.00,     4.49,     2.33,     5.99,     0.00,     0.00,     2.96,     0.00,     7.99,     0.00,     5.37,     3.72,     8.11,     1.17,     1.83,     7.97,     2.17,     0.40,     0.00,     0.00,     0.00,     0.00,     0.00,     0.00,     0.00,     0.00,  -999.99
cty,13091,IA: Humboldt County,1987,09,PRCP,     0.00,     0.00,     0.00,     0.00,     0.00,     2.15,     3.92,     3.00,     0.00,     0.65,     2.47,     1.77,     7.76,     0.00,    24.39,     9.18,    10.26,     0.00,     2.10,     3.37,     0.00,     0.00,     0.00,     0.00,     0.00,     0.00,     0.00,     0.18,     0.00,     0.00,  -999.99
cty,13093,IA: Ida County,1987,09,PRCP,     0.00,     0.00,     0.00,     0.00,     0.00,     0.00,     1.35,     0.38,     0.00,     2.50,     0.00,     1.10,     2.95,     0.00,    10.83,    25.04,    16.46,     0.03,     0.80,     0.69,     0.00,     0.00,     0.00,     0.00,     0.00,     0.00,     0.00,     2.22,     0.00,     0.00,  -999.99
cty,13095,IA: Iowa County,1987,09,PRCP,     0.00,     0.00,     0.00,     0.00,     0.00,     1.51,     1.77,     1.77,     0.00,     0.00,     2.77,     0.00,     0.73,     0.91,     8.08,     5.23,    19.29,     0.04,     0.00,     0.80,     0.04,     0.00,     0.00,     0.00,     0.00,     0.00,     0.00,     0.00,     2.42,     0.00,  -999.99
cty,13097,IA: Jackson County,1987,09,PRCP,     0.00,     0.00,     0.00,     0.00,     0.00,     0.40,     1.75,     5.74,     0.00,     0.00,     0.18,     0.00,     0.00,     2.61,     7.76,     5.60,    18.49,     2.46,     0.00,     1.50,     2.28,     0.51,     0.00,     0.00,     0.00,     0.00,     0.00,     0.00,     3.42,     0.00,  -999.99
cty,13099,IA: Jasper County,1987,09,PRCP,     0.00,     0.00,     0.00,     0.00,     0.00,     3.23,     3.60,     0.26,     0.00,     1.33,     1.72,     0.00,     2.01,     0.12,     8.15,     6.47,    12.93,     0.00,     0.00,     1.01,     0.00,     0.01,     0.00,     0.00,     0.00,     0.00,     0.00,     0.00,     0.42,     0.00,  -999.99
cty,13101,IA: Jefferson County,1987,09,PRCP,     0.00,     0.00,     0.00,     0.00,     0.00,     0.46,     3.29,     2.53,     0.00,     0.00,     2.61,     0.38,     0.00,     0.00,    15.39,    11.96,    21.80,     0.00,     0.00,     0.00,     0.00,     0.00,     0.00,     0.00,     0.00,     0.00,     0.00,     0.00,     5.44,     0.00,  -999.99
cty,13103,IA: Johnson County,1987,09,PRCP,     0.00,     0.00,     0.00,     0.00,     0.00,     1.14,     1.71,     3.05,     0.00,     0.00,     2.36,     0.00,     0.05,     1.34,     8.84,     7.11,    24.30,     1.20,     0.00,     0.54,     0.44,     0.00,     0.00,     0.00,     0.00,     0.00,     0.00,     0.00,     4.00,     0.00,  -999.99
cty,13105,IA: Jones County,1987,09,PRCP,     0.00,     0.00,     0.00,     0.00,     0.00,     1.46,     1.53,     6.72,     0.00,     0.00,     1.88,     0.00,     0.51,     2.62,    12.18,     6.08,    31.29,     2.22,     0.00,     1.81,     2.36,     0.08,     0.00,     0.00,     0.00,     0.00,     0.00,     0.00,     3.96,     0.00,  -999.99
cty,13107,IA: Keokuk County,1987,09,PRCP,     0.00,     0.00,     0.00,     0.00,     0.03,     1.85,     2.26,     1.91,     0.00,     0.00,     2.94,     0.00,     0.01,     0.29,    11.38,     7.31,    19.00,     0.00,     0.00,     0.45,     0.00,     0.00,     0.00,     0.00,     0.00,     0.00,     0.00,     0.00,     3.21,     0.00,  -999.99
cty,13109,IA: Kossuth County,1987,09,PRCP,     0.00,     0.00,     0.00,     0.00,     0.00,     1.29,     3.21,     3.69,     0.00,     0.31,     3.67,     3.31,     8.50,     0.00,    16.84,     5.78,     9.70,     0.00,     2.74,     4.37,     0.00,     0.00,     0.00,     0.00,     0.00,     0.00,     0.00,     0.00,     0.00,     0.00,  -999.99
cty,13111,IA: Lee County,1987,09,PRCP,     0.00,     0.00,     0.00,     0.00,     0.00,     0.00,     4.77,     3.79,     0.00,     0.00,     1.40,     2.30,     0.00,     0.00,    16.60,    14.65,    18.24,     0.00,     0.00,     0.00,     0.03,     0.11,     0.00,     0.00,     0.00,     0.00,     0.00,     0.00,     7.24,     0.00,  -999.99
cty,13113,IA: Linn County,1987,09,PRCP,     0.00,     0.00,     0.00,     0.00,     0.00,     1.42,     1.03,     3.30,     0.00,     0.00,     2.37,     0.00,     1.45,     1.51,    10.00,     4.50,    25.06,     1.29,     0.00,     1.43,     1.18,     0.00,     0.00,     0.00,     0.00,     0.00,     0.00,     0.00,     2.57,     0.00,  -999.99
cty,13115,IA: Louisa County,1987,09,PRCP,     0.00,     0.00,     0.00,     0.00,     0.00,     0.03,     2.83,     3.09,     0.00,     0.00,     1.22,     0.60,     0.00,     0.00,     7.87,     9.20,    19.56,     1.07,     0.00,     0.00,     0.11,     0.00,     0.00,     0.00,     0.00,     0.00,     0.00,     0.04,     5.53,     0.00,  -999.99
cty,13117,IA: Lucas County,1987,09,PRCP,     0.00,     0.00,     0.00,     0.00,     0.00,     5.31,     3.92,     0.77,     0.00,     2.80,     1.22,     0.00,     0.00,     0.00,    19.64,    16.63,    13.67,     0.00,     0.00,     0.00,     0.00,     0.00,     0.00,     0.00,     0.00,     0.00,     0.00,     0.00,     1.13,     0.00,  -999.99
cty,13119,IA: Lyon County,1987,09,PRCP,     0.00,     0.00,     0.00,     0.00,     0.00,     0.00,     0.00,     0.24,     0.00,     0.00,     0.21,     3.26,     2.97,     0.00,     8.26,    22.35,    23.50,     1.09,     2.64,     1.33,     0.00,     0.00,     0.00,     0.00,     0.00,     0.00,     0.00,     0.00,     0.00,     0.00,  -999.99
cty,13121,IA: Madison County,1987,09,PRCP,     0.00,     0.00,     0.00,     0.00,     0.00,     2.99,     1.93,     0.00,     0.00,     4.52,     0.00,     0.00,     0.00,     0.00,     9.00,    18.00,     5.10,     0.00,     0.00,     0.00,     0.00,     0.00,     0.00,     0.00,     0.00,     0.00,     0.00,     0.87,     0.00,     0.00,  -999.99
cty,13123,IA: Mahaska County,1987,09,PRCP,     0.00,     0.00,     0.00,     0.00,     0.00,     3.27,     2.80,     2.04,     0.00,     0.88,     2.83,     0.00,     0.49,     0.00,    14.61,     8.74,    19.06,     0.05,     0.00,     0.75,     0.06,     0.00,     0.00,     0.00,     0.00,     0.00,     0.00,     0.00,     2.68,     0.00,  -999.99
cty,13125,IA: Marion County,1987,09,PRCP,     0.00,     0.00,     0.01,     0.00,     0.00,     4.69,     3.45,     0.65,     0.00,     1.98,     2.12,     0.00,     0.83,     0.00,    15.25,    11.81,    15.75,     0.00,     0.00,     0.70,     0.03,     0.00,     0.00,     0.00,     0.00,     0.00,     0.00,     0.00,     0.98,     0.00,  -999.99
cty,13127,IA: Marshall County,1987,09,PRCP,     0.00,     0.00,     0.00,     0.00,     0.00,     2.67,     4.72,     0.39,     0.00,     0.79,     1.68,     0.00,     2.58,     0.00,     8.45,     4.09,    10.37,     0.01,     0.00,     1.57,     0.00,     0.00,     0.00,     0.00,     0.00,     0.00,     0.00,     0.00,     0.02,     0.00,  -999.99
cty,13129,IA: Mills County,1987,09,PRCP,     0.00,     0.00,     0.00,     0.00,     0.00,     3.00,     2.31,     0.00,     0.00,    17.50,     0.00,     0.00,     0.00,     0.00,     3.13,    42.98,     4.78,     0.00,     0.00,     0.00,     0.00,     0.00,     0.00,     0.00,     0.00,     0.00,     0.00,     4.03,     0.00,     0.00,  -999.99
cty,13131,IA: Mitchell County,1987,09,PRCP,     0.00,     0.00,     0.00,     0.00,     0.00,     5.10,     2.81,     6.12,     0.00,     0.00,     4.05,     0.10,     9.44,     0.00,     8.31,     3.23,     7.62,     0.09,     2.10,     8.82,     1.57,     0.00,     0.00,     0.00,     0.00,     0.00,     0.00,     0.00,     0.00,     0.00,  -999.99
cty,13133,IA: Monona County,1987,09,PRCP,     0.00,     0.00,     0.00,     0.00,     0.00,     0.09,     0.80,     0.00,     0.00,     4.57,     0.00,     0.00,     0.19,     0.00,     3.23,    26.20,    12.96,     0.00,     0.00,     0.00,     0.00,     0.00,     0.00,     0.00,     0.00,     0.00,     0.00,     2.25,     0.00,     0.00,  -999.99
cty,13135,IA: Monroe County,1987,09,PRCP,     0.00,     0.00,     0.00,     0.00,     0.01,     4.22,     3.40,     2.18,     0.00,     1.27,     2.40,     0.00,     0.00,     0.00,    21.60,    12.32,    16.57,     0.00,     0.00,     0.16,     0.00,     0.01,     0.00,     0.00,     0.00,     0.00,     0.00,     0.00,     3.13,     0.00,  -999.99
cty,13137,IA: Montgomery County,1987,09,PRCP,     0.00,     0.00,     0.00,     0.00,     0.09,     5.62,     3.18,     0.00,     0.19,    22.48,     0.00,     0.00,     0.00,     0.00,     5.72,    61.11,     6.91,     0.00,     0.00,     0.00,     0.00,     0.00,     0.00,     0.00,     0.00,     0.00,     0.00,     5.22,     0.00,     0.00,  -999.99
cty,13139,IA: Muscatine County,1987,09,PRCP,     0.00,     0.00,     0.00,     0.00,     0.00,     0.00,     2.19,     3.47,     0.00,     0.00,     0.81,     0.00,     0.00,     0.74,     6.01,     7.32,    18.34,     1.34,     0.00,     0.00,     0.50,     0.00,     0.00,     0.00,     0.00,     0.00,     0.00,     0.00,     4.72,     0.00,  -999.99
cty,13141,IA: O'Brien County,1987,09,PRCP,     0.00,     0.00,     0.00,     0.00,     0.00,     0.01,     0.64,     2.38,     0.00,     1.20,     0.63,     3.05,     4.54,     0.00,    18.80,    21.97,    19.88,     0.27,     2.68,     1.54,     0.00,     0.00,     0.00,     0.00,     0.00,     0.00,     0.00,     0.00,     0.00,     0.00,  -999.99
cty,13143,IA: Osceola County,1987,09,PRCP,     0.00,     0.00,     0.00,     0.00,     0.00,     0.14,     1.23,     4.18,     0.00,     1.11,     2.52,     5.88,     6.13,     0.00,    24.70,    26.89,    24.46,     1.61,     4.73,     2.59,     0.00,     0.00,     0.00,     0.00,     0.00,     0.00,     0.00,     0.00,     0.00,     0.00,  -999.99
cty,13145,IA: Page County,1987,09,PRCP,     0.00,     0.00,     0.00,     0.00,     0.00,     6.47,     3.26,     0.48,     0.00,    21.78,     0.00,     0.00,     0.00,     0.00,     4.45,    42.48,     4.11,     0.00,     0.00,     0.00,     0.00,     0.00,     0.00,     0.00,     0.00,     0.00,     0.00,     0.73,     0.00,     0.00,  -999.99
cty,13147,IA: Palo Alto County,1987,09,PRCP,     0.00,     0.00,     0.00,     0.00,     0.00,     0.49,     2.61,     2.48,     0.00,     1.04,     2.39,     3.05,     5.89,     0.00,    22.46,     9.34,    10.81,     0.00,     2.40,     2.41,     0.00,     0.00,     0.00,     0.00,     0.00,     0.00,     0.00,     0.00,     0.00,     0.00,  -999.99
cty,13149,IA: Plymouth County,1987,09,PRCP,     0.00,     0.00,     0.00,     0.00,     0.00,     0.00,     0.00,     0.03,     0.00,     1.58,     0.00,     1.38,     2.15,     0.00,     5.88,    25.75,    25.29,     0.00,     1.40,     0.55,     0.00,     0.00,     0.00,     0.00,     0.00,     0.00,     0.00,     0.00,     0.00,     0.00,  -999.99
cty,13151,IA: Pocahontas County,1987,09,PRCP,     0.00,     0.00,     0.00,     0.00,     0.00,     1.48,     3.52,     2.96,     0.00,     1.94,     1.88,     2.78,     8.32,     0.00,    33.20,    19.91,    17.27,     0.00,     2.58,     2.71,     0.00,     0.00,     0.00,     0.00,     0.00,     0.00,     0.00,     1.52,     0.00,     0.00,  -999.99
cty,13153,IA: Polk County,1987,09,PRCP,     0.00,     0.00,     0.00,     0.00,     0.00,     4.42,     3.99,     0.00,     0.00,     2.34,     0.00,     0.00,     2.16,     0.00,     9.45,    10.94,     8.74,     0.00,     0.00,     1.00,     0.00,     0.00,     0.00,     0.00,     0.00,     0.00,     0.00,     0.62,     0.00,     0.00,  -999.99
cty,13155,IA: Pottawattamie County,1987,09,PRCP,     0.00,     0.00,     0.00,     0.00,     0.00,     2.09,     2.13,     0.00,     0.00,    13.10,     0.00,     0.00,     0.00,     0.00,     4.02,    45.59,     7.05,     0.00,     0.00,     0.00,     0.00,     0.00,     0.00,     0.00,     0.00,     0.00,     0.00,     5.45,     0.00,     0.00,  -999.99
cty,13157,IA: Poweshiek County,1987,09,PRCP,     0.00,     0.00,     0.00,     0.00,     0.00,     2.55,     3.27,     1.94,     0.00,     0.78,     3.16,     0.00,     1.81,     0.49,    10.43,     6.34,    20.71,     0.08,     0.00,     1.17,     0.03,     0.00,     0.00,     0.00,     0.00,     0.00,     0.00,     0.00,     2.17,     0.00,  -999.99
cty,13159,IA: Ringgold County,1987,09,PRCP,     0.00,     0.00,     0.00,     0.00,     0.00,     3.75,     2.23,     0.00,     0.00,     5.95,     0.03,     0.00,     0.00,     0.00,     5.29,    15.65,     3.68,     0.00,     0.00,     0.00,     0.00,     0.00,     0.00,     0.00,     0.00,     0.00,     0.00,     0.00,     0.00,     0.00,  -999.99
cty,13161,IA: Sac County,1987,09,PRCP,     0.00,     0.00,     0.00,     0.00,     0.00,     0.32,     2.49,     0.00,     0.00,     3.19,     0.00,     1.86,     5.99,     0.00,    26.44,    34.47,    21.72,     0.00,     1.68,     1.44,     0.00,     0.00,     0.00,     0.00,     0.00,     0.00,     0.00,     4.05,     0.00,     0.00,  -999.99
cty,13163,IA: Scott County,1987,09,PRCP,     0.00,     0.08,     0.00,     0.00,     0.00,     0.00,     3.09,     4.92,     0.00,     0.00,     0.00,     0.55,     0.00,     1.49,     6.11,     5.82,    16.95,     1.98,     0.00,     0.28,     0.98,     0.00,     0.00,     0.00,     0.00,     0.00,     0.00,     0.00,     4.76,     0.00,  -999.99
cty,13165,IA: Shelby County,1987,09,PRCP,     0.00,     0.00,     0.00,     0.00,     0.00,     1.77,     2.06,     0.00,     0.00,     8.25,     0.00,     0.00,     0.19,     0.00,     7.13,    42.66,    10.82,     0.00,     0.00,     0.00,     0.00,     0.00,     0.00,     0.00,     0.00,     0.00,     0.00,     5.78,     0.00,     0.00,  -999.99
cty,13167,IA: Sioux County,1987,09,PRCP,     0.00,     0.00,     0.00,     0.00,     0.00,     0.05,     0.03,     0.00,     0.00,     0.08,     0.04,     2.36,     2.92,     0.00,     9.12,    25.96,    26.22,     0.05,     2.15,     1.08,     0.00,     0.00,     0.00,     0.00,     0.00,     0.00,     0.00,     0.00,     0.00,     0.00,  -999.99
cty,13169,IA: Story County,1987,09,PRCP,     0.00,     0.00,     0.00,     0.00,     0.00,     4.32,     5.20,     0.08,     0.00,     1.26,     0.53,     0.01,     3.04,     0.00,     9.89,     6.64,     7.92,     0.00,     0.15,     1.62,     0.00,     0.00,     0.00,     0.00,     0.00,     0.00,     0.00,     0.51,     0.06,     0.00,  -999.99
cty,13171,IA: Tama County,1987,09,PRCP,     0.00,     0.00,     0.00,     0.00,     0.00,     1.61,     3.33,     1.15,     0.00,     0.50,     2.42,     0.00,     2.35,     0.00,     7.88,     3.53,    15.45,     0.00,     0.00,     1.68,     0.19,     0.00,     0.00,     0.00,     0.00,     0.00,     0.00,     0.00,     0.68,     0.00,  -999.99
cty,13173,IA: Taylor County,1987,09,PRCP,     0.00,     0.00,     0.00,     0.00,     0.00,     4.44,     2.11,     0.03,     0.00,    10.66,     0.00,     0.00,     0.00,     0.00,     3.48,    22.50,     2.97,     0.00,     0.00,     0.00,     0.00,     0.00,     0.00,     0.00,     0.00,     0.00,     0.00,     0.08,     0.00,     0.00,  -999.99
cty,13175,IA: Union County,1987,09,PRCP,     0.00,     0.00,     0.00,     0.00,     0.00,     3.62,     1.94,     0.00,     0.03,     6.58,     0.00,     0.00,     0.00,     0.00,     6.95,    20.81,     4.45,     0.00,     0.00,     0.00,     0.00,     0.00,     0.00,     0.00,     0.00,     0.00,     0.00,     0.54,     0.00,     0.00,  -999.99
cty,13177,IA: Van Buren County,1987,09,PRCP,     0.00,     0.00,     0.00,     0.00,     0.00,     0.02,     4.73,     2.88,     0.00,     0.00,     2.22,     2.12,     0.00,     0.00,    20.79,    15.30,    19.76,     0.00,     0.00,     0.00,     0.00,     0.00,     0.00,     0.00,     0.00,     0.00,     0.00,     0.00,     6.42,     0.00,  -999.99
cty,13179,IA: Wapello County,1987,09,PRCP,     0.00,     0.00,     0.00,     0.00,     0.00,     2.42,     3.09,     2.11,     0.00,     0.03,     2.80,     0.00,     0.00,     0.00,    19.33,    10.87,    18.71,     0.00,     0.00,     0.07,     0.00,     0.00,     0.00,     0.00,     0.00,     0.00,     0.00,     0.00,     4.06,     0.00,  -999.99
cty,13181,IA: Warren County,1987,09,PRCP,     0.00,     0.00,     0.00,     0.00,     0.00,     4.29,     3.10,     0.00,     0.00,     3.07,     0.09,     0.00,     0.33,     0.00,    12.26,    14.44,     9.53,     0.00,     0.00,     0.19,     0.00,     0.00,     0.00,     0.00,     0.00,     0.00,     0.00,     0.00,     0.00,     0.00,  -999.99
cty,13183,IA: Washington County,1987,09,PRCP,     0.00,     0.00,     0.00,     0.00,     0.00,     0.51,     2.73,     2.91,     0.00,     0.00,     2.83,     0.00,     0.00,     0.09,    11.53,    10.87,    26.85,     0.57,     0.00,     0.02,     0.00,     0.00,     0.00,     0.00,     0.00,     0.00,     0.00,     0.00,     5.59,     0.00,  -999.99
cty,13185,IA: Wayne County,1987,09,PRCP,     0.00,     0.00,     0.00,     0.00,     0.00,     4.50,     4.33,     1.60,     0.00,     2.24,     0.88,     0.00,     0.00,     0.00,    20.16,    15.72,    11.39,     0.00,     0.00,     0.00,     0.00,     0.00,     0.00,     0.00,     0.00,     0.00,     0.00,     0.00,     2.90,     0.00,  -999.99
cty,13187,IA: Webster County,1987,09,PRCP,     0.00,     0.00,     0.00,     0.00,     0.00,     3.41,     4.59,     1.71,     0.00,     1.81,     0.91,     0.25,     6.94,     0.00,    23.97,    15.20,    10.82,     0.00,     1.83,     2.77,     0.00,     0.00,     0.00,     0.00,     0.00,     0.00,     0.00,     2.04,     0.00,     0.00,  -999.99
cty,13189,IA: Winnebago County,1987,09,PRCP,     0.00,     0.00,     0.00,     0.00,     0.00,     2.52,     2.75,     5.38,     0.00,     0.00,     4.73,     3.02,    11.05,     0.00,     9.46,     3.97,     8.58,     0.00,     3.05,     6.81,     0.01,     0.00,     0.00,     0.00,     0.00,     0.00,     0.00,     0.00,     0.00,     0.00,  -999.99
cty,13191,IA: Winneshiek County,1987,09,PRCP,     0.00,     0.00,     0.00,     0.00,     0.00,     3.38,     2.06,     6.15,     0.00,     0.00,     2.21,     0.00,     8.57,     0.19,     3.94,     4.56,    10.79,     1.47,     1.66,     7.25,     2.80,     0.72,     0.00,     0.00,     0.00,     0.00,     0.00,     0.00,     0.00,     0.00,  -999.99
cty,13193,IA: Woodbury County,1987,09,PRCP,     0.00,     0.00,     0.00,     0.00,     0.00,     0.00,     0.13,     0.03,     0.00,     2.70,     0.00,     0.25,     1.16,     0.00,     4.21,    22.99,    17.35,     0.00,     0.23,     0.14,     0.00,     0.00,     0.00,     0.00,     0.00,     0.00,     0.00,     0.62,     0.00,     0.00,  -999.99
cty,13195,IA: Worth County,1987,09,PRCP,     0.00,     0.00,     0.00,     0.00,     0.00,     4.24,     2.89,     5.90,     0.00,     0.03,     4.55,     1.86,    10.38,     0.04,     8.95,     3.30,     7.32,     0.00,     2.68,     8.05,     0.78,     0.00,     0.00,     0.00,     0.00,     0.00,     0.00,     0.00,     0.00,     0.00,  -999.99
cty,13197,IA: Wright County,1987,09,PRCP,     0.00,     0.00,     0.00,     0.00,     0.00,     4.39,     5.82,     3.93,     0.00,     0.00,     3.09,     0.17,     8.97,     0.00,    26.31,     6.29,     9.30,     0.08,     2.23,     5.14,     0.00,     0.00,     0.00,     0.00,     0.00,     0.00,     0.00,     0.00,     0.00,     0.00,  -999.99
cty,14001,KS: Allen County,1987,09,PRCP,     0.00,     0.00,     0.00,     0.00,     0.00,     0.00,     3.88,     2.20,     0.00,    15.54,     0.00,    10.06,     0.00,     0.00,     6.05,    22.47,     0.00,     1.14,     2.45,     0.12,     0.00,     0.00,     0.00,     0.00,     0.00,     0.00,     0.00,    24.18,     7.72,     0.00,  -999.99
cty,14003,KS: Anderson County,1987,09,PRCP,     0.00,     0.00,     0.00,     0.00,     0.00,     0.00,     3.59,     2.72,     0.00,    15.93,     0.00,     8.75,     0.00,     0.00,     8.69,    14.94,     0.00,     1.14,     1.48,     0.00,     0.00,     0.00,     0.00,     0.00,     0.00,     0.00,     0.00,    14.30,     4.92,     0.00,  -999.99
cty,14005,KS: Atchison County,1987,09,PRCP,     0.00,     0.00,     0.00,     0.04,     0.00,     9.21,     5.83,     5.91,     0.00,    22.97,     0.00,     0.02,     0.00,     0.00,    31.12,     8.65,     1.34,     0.00,     0.00,     0.00,     0.00,     0.00,     0.00,     0.00,     0.00,     0.00,     0.00,     0.00,     0.00,     0.00,  -999.99
cty,14007,KS: Barber County,1987,09,PRCP,     0.00,     0.00,     0.00,     0.00,     0.00,     2.78,     4.34,     0.00,     0.00,     9.82,     2.89,    15.22,     0.00,     0.00,     0.00,     0.00,     0.00,    21.17,     0.00,     0.05,     0.33,     0.00,     0.00,     0.00,     0.00,     0.00,     0.00,    39.20,     0.00,     0.00,  -999.99
cty,14009,KS: Barton County,1987,09,PRCP,     0.00,     0.00,     0.00,     0.00,     0.00,     3.37,     4.29,     0.00,     0.00,     4.69,     2.37,     3.48,     0.00,     0.00,     0.00,     0.05,     0.00,     3.90,     0.00,     0.00,     0.00,     0.00,     0.00,     0.00,     0.00,     0.00,     0.00,     9.56,     0.00,     0.00,  -999.99
cty,14011,KS: Bourbon County,1987,09,PRCP,     0.00,     0.00,     0.00,     0.00,     0.00,     0.00,     4.42,     5.49,     0.00,    11.23,     0.00,     7.97,     0.00,     0.00,     9.74,    26.20,     0.00,     0.00,     3.36,     0.09,     0.00,     0.00,     0.00,     0.00,     0.00,     0.00,     0.00,    12.70,    17.97,     0.00,  -999.99
cty,14013,KS: Brown County,1987,09,PRCP,     0.00,     0.00,     0.01,     0.01,     0.00,    12.44,     7.49,     6.98,     0.00,    31.60,     0.00,     0.00,     0.00,     0.00,    25.55,    19.92,     1.89,     0.00,     0.00,     0.00,     0.00,     0.00,     0.00,     0.00,     0.00,     0.00,     0.00,     0.00,     0.03,     0.00,  -999.99
cty,14015,KS: Butler County,1987,09,PRCP,     0.00,     0.00,     0.00,     0.00,     0.00,     0.01,     2.69,     1.08,     0.00,    13.69,     0.00,     5.17,     0.07,     0.01,     2.19,     6.81,     0.02,     4.55,     0.01,     0.01,     0.00,     0.00,     0.00,     0.00,     0.00,     0.00,     0.00,    38.37,     0.00,     0.00,  -999.99
cty,14017,KS: Chase County,1987,09,PRCP,     0.00,     0.00,     0.00,     0.00,     0.00,     0.01,     3.71,     3.40,     0.00,    24.91,     0.04,     8.93,     0.00,     0.00,     5.85,    10.02,     0.00,     4.16,     0.00,     0.00,     0.00,     0.00,     0.00,     0.00,     0.00,     0.00,     0.00,    31.53,     0.08,     0.00,  -999.99
cty,14019,KS: Chautauqua County,1987,09,PRCP,     0.00,     0.00,     0.00,     0.00,     0.00,     0.00,     4.92,     2.41,     0.00,     8.50,     0.00,     0.00,     0.65,     0.00,     1.38,    13.44,     0.01,     3.85,     2.02,     0.01,     0.01,     0.00,     0.00,     0.00,     0.00,     0.00,     0.00,    43.92,     0.38,     0.00,  -999.99
cty,14021,KS: Cherokee County,1987,09,PRCP,     0.00,     0.00,     0.00,     0.00,     0.00,     0.00,     3.77,     5.52,     0.00,     8.93,     0.00,     0.00,     0.00,     0.00,     4.78,    23.86,     0.00,     0.00,     4.93,     0.05,     0.00,     0.00,     0.00,     0.00,     0.00,     0.00,     0.00,    13.29,    21.90,     0.00,  -999.99
cty,14023,KS: Cheyenne County,1987,09,PRCP,     0.00,     0.04,     0.00,     0.01,     1.84,     0.00,     3.40,     0.00,     0.00,     0.00,     1.20,     1.53,     0.00,     0.03,     2.27,     4.32,     0.38,     3.04,     0.00,     0.00,     0.00,     0.00,     0.00,     0.00,     0.00,     0.00,     0.00,     0.00,     0.00,     0.00,  -999.99
cty,14025,KS: Clark County,1987,09,PRCP,     0.00,     0.00,     0.00,     0.00,     0.73,     6.06,     3.03,     0.00,     0.08,     2.87,    10.28,    12.64,     0.00,     0.00,     0.09,     0.00,     0.00,    17.49,     0.00,     0.00,     1.86,     0.00,     0.00,     0.00,     0.00,     0.00,     0.00,    13.01,     0.00,     0.00,  -999.99
cty,14027,KS: Clay County,1987,09,PRCP,     0.00,     0.00,     0.00,     0.29,     0.00,     1.86,     4.97,     2.78,     0.00,    27.45,     0.02,     1.67,     0.00,     0.00,     2.40,     8.73,     0.06,     0.00,     0.00,     0.00,     0.00,     0.00,     0.00,     0.00,     0.00,     0.00,     0.00,     6.99,     0.00,     0.00,  -999.99
cty,14029,KS: Cloud County,1987,09,PRCP,     0.00,     0.00,     0.00,     0.00,     0.00,     1.55,     3.41,     0.00,     0.00,    19.60,     0.00,     2.12,     0.00,     0.04,     0.07,     3.94,     0.00,     0.00,     0.00,     0.00,     0.00,     0.00,     0.00,     0.00,     0.00,     0.00,     0.00,    10.53,     0.00,     0.00,  -999.99
cty,14031,KS: Coffey County,1987,09,PRCP,     0.00,     0.00,     0.00,     0.00,     0.00,     0.02,     3.92,     1.82,     0.00,    21.64,     0.01,     9.77,     0.02,     0.00,     8.58,    13.15,     0.02,     2.03,     0.16,     0.00,     0.00,     0.00,     0.00,     0.00,     0.00,     0.00,     0.00,    22.87,     0.89,     0.00,  -999.99
cty,14033,KS: Comanche County,1987,09,PRCP,     0.00,     0.00,     0.00,     0.00,     0.00,     5.97,     4.42,     0.00,     0.00,     5.77,     6.91,    17.32,     0.00,     0.00,     0.00,     0.00,     0.00,    23.28,     0.00,     0.00,     3.11,     0.00,     0.00,     0.00,     0.00,     0.00,     0.00,    25.89,     0.00,     0.00,  -999.99
cty,14035,KS: Cowley County,1987,09,PRCP,     0.00,     0.00,     0.00,     0.00,     0.00,     0.00,     2.57,     0.11,     0.01,     8.58,     0.00,     0.53,     1.33,     0.01,     0.24,     4.72,     0.04,     4.74,     0.19,     0.00,     0.00,     0.00,     0.00,     0.00,     0.00,     0.00,     0.01,    44.59,     0.01,     0.00,  -999.99
cty,14037,KS: Crawford County,1987,09,PRCP,     0.00,     0.00,     0.00,     0.00,     0.00,     0.00,     3.60,     5.86,     0.00,     8.08,     0.00,     2.93,     0.00,     0.00,     6.71,    22.67,     0.00,     0.00,     3.37,     0.13,     0.00,     0.00,     0.00,     0.00,     0.00,     0.00,     0.00,    11.43,    18.16,     0.00,  -999.99
cty,14039,KS: Decatur County,1987,09,PRCP,     0.00,     0.00,     0.00,     0.00,     1.27,     0.07,    10.24,     0.00,     0.00,     0.00,     0.00,     4.39,     0.00,     0.00,     0.05,     7.79,     0.00,     1.98,     0.10,     0.00,     0.00,     0.00,     0.00,     0.00,     0.00,     0.00,     0.00,     0.00,     0.00,     0.00,  -999.99
cty,14041,KS: Dickinson County,1987,09,PRCP,     0.00,     0.00,     0.00,     0.00,     0.00,     1.31,     3.92,     1.66,     0.00,    19.51,     0.01,     2.00,     0.00,     0.02,     1.42,     4.34,     0.01,     1.33,     0.00,     0.00,     0.00,     0.00,     0.00,     0.00,     0.00,     0.00,     0.00,     7.03,     0.01,     0.00,  -999.99
cty,14043,KS: Doniphan County,1987,09,PRCP,     0.00,     0.00,     0.00,     0.00,     0.00,    11.56,     7.32,     6.10,     0.00,    23.51,     0.00,     0.00,     0.00,     0.00,    26.33,    13.97,     1.75,     0.00,     0.00,     0.00,     0.00,     0.00,     0.00,     0.00,     0.00,     0.00,     0.00,     0.00,     0.00,     0.00,  -999.99
cty,14045,KS: Douglas County,1987,09,PRCP,     0.00,     0.00,     0.00,     0.00,     0.00,     2.43,     4.67,     4.77,     0.00,    19.70,     0.01,     3.14,     0.00,     0.00,    23.08,     7.08,     0.00,     0.76,     0.00,     0.00,     0.00,     0.00,     0.00,     0.00,     0.00,     0.00,     0.00,     1.10,     0.93,     0.00,  -999.99
cty,14047,KS: Edwards County,1987,09,PRCP,     0.00,     0.00,     0.00,     0.00,     0.00,     6.30,     3.68,     0.00,     0.00,     3.42,     7.77,     6.06,     0.00,     0.00,     0.00,     0.08,     0.00,    10.44,     0.00,     0.01,     0.00,     0.00,     0.00,     0.00,     0.00,     0.00,     0.00,    11.80,     0.00,     0.00,  -999.99
cty,14049,KS: Elk County,1987,09,PRCP,     0.00,     0.00,     0.00,     0.00,     0.00,     0.01,     3.20,     1.62,     0.00,     7.90,     0.00,     2.12,     0.36,     0.00,     1.64,    10.04,     0.01,     2.33,     0.98,     0.02,     0.00,     0.00,     0.00,     0.00,     0.00,     0.00,     0.00,    29.66,     0.04,     0.00,  -999.99
cty,14051,KS: Ellis County,1987,09,PRCP,     0.00,     0.00,     0.00,     0.00,     0.00,     2.12,     2.92,     0.00,     0.00,     0.73,     1.97,     3.16,     0.00,     0.00,     0.00,     0.00,     0.00,     2.08,     0.00,     0.00,     0.00,     0.00,     0.00,     0.00,     0.00,     0.00,     0.00,     7.68,     0.00,     0.00,  -999.99
cty,14053,KS: Ellsworth County,1987,09,PRCP,     0.00,     0.00,     0.00,     0.00,     0.01,     2.74,     5.47,     0.00,     0.02,    10.09,     0.04,     3.00,     0.00,     0.00,     0.03,     0.00,     0.02,     2.84,     0.00,     0.00,     0.00,     0.00,     0.00,     0.00,     0.00,     0.00,     0.01,    10.21,     0.00,     0.00,  -999.99
cty,14055,KS: Finney County,1987,09,PRCP,     0.00,     0.00,     0.00,     0.00,     0.00,     3.47,     0.00,     1.64,     0.00,     0.00,     9.90,     6.60,     0.00,     0.02,     0.00,     0.00,     0.00,     9.26,     0.00,     0.00,     0.00,     0.00,     0.00,     0.00,     0.00,     0.00,     0.00,     3.94,     0.00,     0.00,  -999.99
cty,14057,KS: Ford County,1987,09,PRCP,     0.00,     0.00,     0.00,     0.00,     0.03,     6.55,     2.03,     0.00,     0.00,     0.91,    12.59,     6.90,     0.00,     0.00,     0.00,     0.00,     0.00,    12.68,     0.00,     0.00,     0.00,     0.00,     0.00,     0.00,     0.00,     0.00,     0.00,     9.86,     0.00,     0.00,  -999.99
cty,14059,KS: Franklin County,1987,09,PRCP,     0.00,     0.00,     0.00,     0.00,     0.00,     0.05,     3.96,     3.95,     0.00,    17.64,     0.00,     5.79,     0.00,     0.00,    14.69,     9.15,     0.00,     1.05,     0.24,     0.00,     0.00,     0.00,     0.00,     0.00,     0.00,     0.00,     0.00,     6.57,     2.47,     0.00,  -999.99
cty,14061,KS: Geary County,1987,09,PRCP,     0.00,     0.00,     0.00,     0.00,     0.01,     1.66,     3.94,     2.99,     0.06,    22.59,     0.00,     2.02,     0.04,     0.13,     3.78,     7.12,     0.13,     1.10,     0.00,     0.00,     0.00,     0.00,     0.00,     0.00,     0.00,     0.00,     0.01,     5.49,     0.00,     0.00,  -999.99
cty,14063,KS: Gove County,1987,09,PRCP,     0.00,     0.00,     0.00,     0.00,     0.04,     0.31,     0.72,     0.11,     0.00,     0.00,     2.88,     3.06,     0.00,     0.00,     0.00,     3.26,     0.03,     2.54,     0.00,     0.00,     0.00,     0.00,     0.00,     0.00,     0.00,     0.00,     0.00,     0.00,     0.00,     0.00,  -999.99
cty,14065,KS: Graham County,1987,09,PRCP,     0.00,     0.00,     0.00,     0.00,     0.06,     0.19,     3.97,     0.00,     0.00,     0.00,     1.31,     3.03,     0.00,     0.00,     0.01,     3.79,     0.00,     1.11,     0.02,     0.01,     0.00,     0.00,     0.00,     0.00,     0.00,     0.00,     0.00,     0.84,     0.00,     0.00,  -999.99
cty,14067,KS: Grant County,1987,09,PRCP,     0.00,     0.00,     0.00,     0.00,     0.00,     3.48,     0.07,     5.66,     0.00,     0.00,     9.17,    13.06,     0.02,     0.00,     0.00,     0.00,     0.00,    14.58,     0.00,     0.00,     0.84,     0.00,     0.00,     0.00,     0.00,     0.00,     0.00,     2.13,     0.00,     0.00,  -999.99
cty,14069,KS: Gray County,1987,09,PRCP,     0.00,     0.00,     0.00,     0.00,     0.01,     7.09,     0.13,     0.64,     0.00,     0.62,    19.79,     9.84,     0.00,     0.00,     0.00,     0.00,     0.00,    17.21,     0.00,     0.00,     0.06,     0.00,     0.00,     0.00,     0.00,     0.00,     0.00,     8.77,     0.00,     0.00,  -999.99
cty,14071,KS: Greeley County,1987,09,PRCP,     0.00,     0.00,     0.00,     0.00,     0.00,     0.00,     4.27,     7.22,     0.00,     0.00,     4.64,     8.69,     0.00,     0.00,     0.00,     2.69,     2.40,    10.23,     0.00,     0.00,     0.00,     0.00,     0.00,     0.00,     0.00,     0.00,     0.00,     0.91,     0.00,     0.00,  -999.99
cty,14073,KS: Greenwood County,1987,09,PRCP,     0.00,     0.00,     0.00,     0.00,     0.00,     0.00,     3.01,     1.09,     0.00,    13.88,     0.00,     5.92,     0.64,     0.00,     3.11,    11.31,     0.00,     2.45,     0.38,     0.02,     0.00,     0.00,     0.00,     0.00,     0.00,     0.00,     0.00,    29.21,     0.00,     0.00,  -999.99
cty,14075,KS: Hamilton County,1987,09,PRCP,     0.00,     0.00,     0.00,     0.00,     0.00,     1.27,     4.11,    10.09,     0.00,     0.00,     6.01,    15.15,     0.00,     0.00,     0.00,     0.03,     2.30,    14.81,     0.00,     0.62,     0.56,     0.00,     0.00,     0.00,     0.00,     0.00,     0.00,     2.34,     0.00,     0.00,  -999.99
cty,14077,KS: Harper County,1987,09,PRCP,     0.00,     0.00,     0.00,     0.00,     0.00,     0.08,     4.06,     0.00,     0.00,    20.34,     0.00,    15.04,     1.69,     0.00,     0.00,     0.00,     0.00,    21.38,     0.00,     0.37,     0.00,     0.00,     0.00,     0.00,     0.00,     0.00,     0.00,    78.45,     0.00,     0.00,  -999.99
cty,14079,KS: Harvey County,1987,09,PRCP,     0.00,     0.00,     0.00,     0.00,     0.00,     0.00,     3.14,     0.00,     0.00,    12.68,     0.00,     3.19,     0.00,     0.00,     0.19,     0.86,     0.00,     4.84,     0.00,     0.00,     0.00,     0.00,     0.00,     0.00,     0.00,     0.00,     0.00,    24.45,     0.03,     0.00,  -999.99
cty,14081,KS: Haskell County,1987,09,PRCP,     0.00,     0.00,     0.00,     0.00,     0.00,     4.76,     0.00,     3.42,     0.00,     0.00,    14.53,    11.41,     0.00,     0.00,     0.00,     0.12,     0.44,    15.82,     0.00,     0.00,     0.52,     0.00,     0.00,     0.00,     0.00,     0.00,     0.00,     3.37,     0.00,     0.00,  -999.99
cty,14083,KS: Hodgeman County,1987,09,PRCP,     0.00,     0.00,     0.00,     0.00,     0.00,     5.28,     0.80,     0.00,     0.00,     0.00,     9.69,     3.93,     0.00,     0.00,     0.00,     0.00,     0.00,     7.85,     0.00,     0.00,     0.00,     0.00,     0.00,     0.00,     0.00,     0.00,     0.00,     7.54,     0.00,     0.00,  -999.99
cty,14085,KS: Jackson County,1987,09,PRCP,     0.00,     0.00,     0.00,     0.73,     0.00,     7.04,     5.72,     6.75,     0.00,    31.04,     0.00,     0.00,     0.00,     0.00,    26.96,    11.83,     1.50,     0.00,     0.00,     0.00,     0.00,     0.00,     0.00,     0.00,     0.00,     0.00,     0.00,     0.00,     0.00,     0.00,  -999.99
cty,14087,KS: Jefferson County,1987,09,PRCP,     0.00,     0.00,     0.00,     0.07,     0.00,     5.80,     5.07,     5.61,     0.00,    22.24,     0.00,     0.36,     0.00,     0.00,    29.34,     6.99,     0.87,     0.07,     0.00,     0.00,     0.00,     0.00,     0.00,     0.00,     0.00,     0.00,     0.00,     0.00,     0.00,     0.00,  -999.99
cty,14089,KS: Jewell County,1987,09,PRCP,     0.00,     0.00,     0.00,     0.00,     0.00,     1.42,     1.28,     0.00,     0.00,    12.32,     0.03,     3.64,     0.00,     0.00,     0.00,     4.80,     0.00,     0.00,     0.00,     0.00,     0.00,     0.00,     0.00,     0.00,     0.00,     0.00,     0.00,    11.71,     0.00,     0.00,  -999.99
cty,14091,KS: Johnson County,1987,09,PRCP,     0.00,     0.00,     0.00,     0.00,     0.00,     1.27,     4.95,     2.47,     0.00,    10.40,     0.02,     2.75,     0.00,     0.00,    19.73,     8.04,     0.00,     0.01,     0.20,     0.00,     0.00,     0.00,     0.00,     0.00,     0.00,     0.00,     0.00,     0.00,     3.26,     0.00,  -999.99
cty,14093,KS: Kearny County,1987,09,PRCP,     0.00,     0.00,     0.00,     0.00,     0.00,     2.88,     0.00,     6.16,     0.00,     0.00,     8.25,    12.00,     0.00,     0.00,     0.00,     0.00,     0.61,    13.06,     0.00,     0.00,     0.49,     0.00,     0.00,     0.00,     0.00,     0.00,     0.00,     2.53,     0.00,     0.00,  -999.99
cty,14095,KS: Kingman County,1987,09,PRCP,     0.00,     0.00,     0.00,     0.00,     0.00,     0.58,     3.61,     0.00,     0.00,    11.06,     0.75,     7.20,     0.02,     0.00,     0.00,     0.00,     0.00,    10.84,     0.00,     0.02,     0.00,     0.00,     0.00,     0.00,     0.00,     0.00,     0.00,    38.64,     0.00,     0.00,  -999.99
cty,14097,KS: Kiowa County,1987,09,PRCP,     0.00,     0.00,     0.00,     0.00,     0.00,     7.11,     4.02,     0.00,     0.00,     4.56,     8.58,    10.17,     0.00,     0.00,     0.00,     0.09,     0.00,    15.86,     0.00,     0.00,     0.00,     0.00,     0.00,     0.00,     0.00,     0.00,     0.00,    16.77,     0.00,     0.00,  -999.99
cty,14099,KS: Labette County,1987,09,PRCP,     0.00,     0.00,     0.00,     0.00,     0.00,     0.00,     4.69,     4.01,     0.00,    10.14,     0.00,     0.00,     0.00,     0.00,     3.57,    20.92,     0.00,     1.85,     3.96,     0.03,     0.01,     0.00,     0.00,     0.00,     0.00,     0.00,     0.00,    23.80,    11.78,     0.00,  -999.99
cty,14101,KS: Lane County,1987,09,PRCP,     0.00,     0.00,     0.00,     0.00,     0.01,     1.97,     0.00,     0.00,     0.00,     0.02,     4.85,     3.14,     0.00,     0.00,     0.00,     0.20,     0.00,     3.72,     0.00,     0.00,     0.00,     0.00,     0.00,     0.00,     0.00,     0.00,     0.00,     1.40,     0.00,     0.00,  -999.99
cty,14103,KS: Leavenworth County,1987,09,PRCP,     0.00,     0.00,     0.00,     0.00,     0.00,     5.15,     6.78,     4.68,     0.00,    19.28,     0.00,     0.69,     0.00,     0.00,    36.22,     8.52,     0.48,     0.00,     0.00,     0.00,     0.00,     0.00,     0.00,     0.00,     0.00,     0.00,     0.00,     0.00,     1.11,     0.00,  -999.99
cty,14105,KS: Lincoln County,1987,09,PRCP,     0.00,     0.00,     0.00,     0.00,     0.00,     2.71,     5.13,     0.00,     0.00,    11.48,     0.06,     3.14,     0.00,     0.00,     0.00,     0.05,     0.00,     1.04,     0.14,     0.00,     0.00,     0.00,     0.00,     0.00,     0.00,     0.00,     0.00,    11.19,     0.00,     0.00,  -999.99
cty,14107,KS: Linn County,1987,09,PRCP,     0.00,     0.00,     0.00,     0.00,     0.00,     0.00,     4.40,     3.73,     0.00,    11.49,     0.00,     8.45,     0.00,     0.00,    11.02,    19.22,     0.00,     0.00,     2.42,     0.00,     0.00,     0.00,     0.00,     0.00,     0.00,     0.00,     0.00,     7.85,    11.87,     0.00,  -999.99
cty,14109,KS: Logan County,1987,09,PRCP,     0.00,     0.00,     0.00,     0.00,     0.00,     0.00,     1.06,     1.79,     0.00,     0.00,     2.02,     2.65,     0.00,     0.00,     0.00,     2.53,     0.16,     3.00,     0.00,     0.00,     0.00,     0.00,     0.00,     0.00,     0.00,     0.00,     0.00,     0.00,     0.00,     0.00,  -999.99
cty,14111,KS: Lyon County,1987,09,PRCP,     0.00,     0.00,     0.00,     0.00,     0.00,     0.44,     3.89,     3.82,     0.00,    25.83,     0.00,     8.04,     0.00,     0.02,    10.21,     9.66,     0.00,     2.59,     0.01,     0.00,     0.00,     0.00,     0.00,     0.00,     0.00,     0.00,     0.00,    21.50,     0.02,     0.00,  -999.99
cty,14113,KS: McPherson County,1987,09,PRCP,     0.00,     0.00,     0.00,     0.00,     0.00,     0.20,     3.28,     0.00,     0.00,    10.51,     0.00,     1.81,     0.00,     0.00,     0.03,     0.55,     0.01,     2.61,     0.00,     0.00,     0.00,     0.00,     0.00,     0.00,     0.00,     0.00,     0.00,     8.81,     0.00,     0.00,  -999.99
cty,14115,KS: Marion County,1987,09,PRCP,     0.00,     0.00,     0.00,     0.00,     0.00,     0.02,     2.92,     0.70,     0.00,    14.97,     0.00,     3.55,     0.00,     0.00,     1.66,     3.50,     0.00,     3.02,     0.00,     0.00,     0.00,     0.00,     0.00,     0.00,     0.00,     0.00,     0.00,    16.52,     0.00,     0.00,  -999.99
cty,14117,KS: Marshall County,1987,09,PRCP,     0.00,     0.00,     0.00,     3.38,     0.00,     2.71,     5.95,     4.06,     0.00,    35.01,     0.00,     0.13,     0.00,     0.00,    12.13,    25.82,     1.72,     0.00,     0.00,     0.00,     0.00,     0.00,     0.00,     0.00,     0.00,     0.00,     0.00,     3.17,     0.00,     0.00,  -999.99
cty,14119,KS: Meade County,1987,09,PRCP,     0.00,     0.00,     0.00,     0.00,     1.19,     5.33,     1.97,     1.09,     0.00,     0.72,    13.34,    11.43,     0.00,     0.00,     0.00,     0.00,     0.54,    15.67,     0.00,     0.06,     0.78,     0.00,     0.00,     0.00,     0.00,     0.00,     0.30,     5.59,     0.00,     0.00,  -999.99
cty,14121,KS: Miami County,1987,09,PRCP,     0.00,     0.00,     0.00,     0.00,     0.00,     0.00,     3.73,     2.35,     0.00,     8.98,     0.00,     4.89,     0.00,     0.00,    11.24,    10.46,     0.00,     0.25,     1.17,     0.00,     0.00,     0.00,     0.00,     0.00,     0.00,     0.00,     0.00,     2.51,     5.59,     0.00,  -999.99
cty,14123,KS: Mitchell County,1987,09,PRCP,     0.00,     0.00,     0.00,     0.00,     0.00,     1.81,     3.45,     0.00,     0.00,    12.27,     0.00,     3.13,     0.00,     0.00,     0.00,     2.07,     0.00,     0.00,     0.02,     0.00,     0.00,     0.00,     0.00,     0.00,     0.00,     0.00,     0.00,    12.02,     0.00,     0.00,  -999.99
cty,14125,KS: Montgomery County,1987,09,PRCP,     0.00,     0.00,     0.00,     0.00,     0.00,     0.01,     5.76,     3.05,     0.01,     9.02,     0.00,     0.00,     0.00,     0.01,     2.85,    16.79,     0.00,     2.54,     2.73,     0.02,     0.00,     0.00,     0.00,     0.00,     0.00,     0.00,     0.00,    32.01,     4.55,     0.00,  -999.99
cty,14127,KS: Morris County,1987,09,PRCP,     0.00,     0.00,     0.00,     0.00,     0.00,     1.16,     3.57,     3.06,     0.00,    22.67,     0.01,     4.38,     0.00,     0.00,     5.46,     7.11,     0.00,     2.11,     0.00,     0.00,     0.00,     0.00,     0.00,     0.00,     0.00,     0.00,     0.00,    12.37,     0.05,     0.00,  -999.99
cty,14129,KS: Morton County,1987,09,PRCP,     0.01,     0.00,     0.00,     0.00,     1.13,     6.26,     0.76,    15.45,     0.00,     0.00,     8.03,    28.40,     0.00,     0.00,     0.00,     0.00,     0.06,    21.50,     0.00,     0.00,     1.73,     0.00,     0.00,     0.00,     0.00,     0.00,     0.00,     0.45,     0.00,     0.00,  -999.99
cty,14131,KS: Nemaha County,1987,09,PRCP,     0.00,     0.00,     0.00,     0.94,     0.00,     7.21,     7.17,     5.96,     0.00,    38.71,     0.00,     0.06,     0.00,     0.00,    21.16,    25.26,     2.01,     0.00,     0.00,     0.01,     0.00,     0.00,     0.00,     0.00,     0.00,     0.00,     0.00,     0.00,     0.00,     0.00,  -999.99
cty,14133,KS: Neosho County,1987,09,PRCP,     0.00,     0.00,     0.00,     0.00,     0.00,     0.00,     4.28,     3.60,     0.10,    11.54,     0.00,     5.34,     0.00,     0.00,     4.51,    21.53,     0.00,     1.17,     2.85,     0.23,     0.00,     0.00,     0.00,     0.00,     0.00,     0.00,     0.00,    23.78,     9.22,     0.00,  -999.99
cty,14135,KS: Ness County,1987,09,PRCP,     0.00,     0.00,     0.00,     0.00,     0.00,     3.55,     0.78,     0.00,     0.00,     0.00,     5.58,     3.40,     0.00,     0.00,     0.01,     0.00,     0.01,     4.25,     0.00,     0.00,     0.00,     0.00,     0.00,     0.00,     0.00,     0.00,     0.00,     6.18,     0.00,     0.00,  -999.99
cty,14137,KS: Norton County,1987,09,PRCP,     0.00,     0.00,     0.00,     0.01,     0.32,     0.00,     6.06,     0.00,     0.00,     0.00,     0.15,     3.91,     0.01,     0.01,     0.00,     6.00,     0.00,     0.44,     0.00,     0.00,     0.00,     0.00,     0.00,     0.00,     0.00,     0.00,     0.00,     0.00,     0.00,     0.00,  -999.99
cty,14139,KS: Osage County,1987,09,PRCP,     0.00,     0.00,     0.00,     0.00,     0.00,     0.93,     4.01,     4.97,     0.01,    24.80,     0.00,     5.98,     0.00,     0.02,    16.09,     7.14,     0.01,     1.78,     0.01,     0.00,     0.00,     0.00,     0.00,     0.00,     0.00,     0.00,     0.00,    10.21,     0.07,     0.00,  -999.99
cty,14141,KS: Osborne County,1987,09,PRCP,     0.00,     0.00,     0.00,     0.00,     0.00,     1.99,     3.50,     0.00,     0.00,     5.23,     0.39,     3.89,     0.00,     0.00,     0.00,     2.23,     0.00,     0.04,     0.00,     0.00,     0.00,     0.00,     0.00,     0.00,     0.00,     0.00,     0.00,    11.51,     0.00,     0.00,  -999.99
cty,14143,KS: Ottawa County,1987,09,PRCP,     0.00,     0.00,     0.00,     0.00,     0.00,     1.68,     4.35,     0.00,     0.01,    18.47,     0.01,     2.08,     0.00,     0.00,     0.00,     2.78,     0.00,     0.24,     0.00,     0.00,     0.00,     0.00,     0.00,     0.00,     0.00,     0.00,     0.01,     8.97,     0.00,     0.00,  -999.99
cty,14145,KS: Pawnee County,1987,09,PRCP,     0.00,     0.00,     0.00,     0.00,     0.00,     4.53,     3.21,     0.00,     0.00,     2.70,     4.86,     4.11,     0.00,     0.00,     0.04,     0.00,     0.00,     6.35,     0.00,     0.03,     0.00,     0.00,     0.00,     0.00,     0.00,     0.00,     0.00,     9.22,     0.00,     0.00,  -999.99
cty,14147,KS: Phillips County,1987,09,PRCP,     0.00,     0.00,     0.00,     0.03,     0.00,     0.06,     4.44,     0.00,     0.00,     0.00,     0.69,     6.57,     0.00,     0.02,     0.00,    11.16,     0.00,     0.15,     0.00,     0.00,     0.00,     0.00,     0.00,     0.00,     0.00,     0.00,     0.00,     0.99,     0.00,     0.00,  -999.99
cty,14149,KS: Pottawatomie County,1987,09,PRCP,     0.00,     0.00,     0.00,     1.78,     0.00,     3.17,     5.17,     4.79,     0.00,    29.14,     0.00,     0.01,     0.00,     0.02,    12.72,    13.15,     1.25,     0.05,     0.00,     0.00,     0.00,     0.00,     0.00,     0.00,     0.00,     0.00,     0.00,     1.47,     0.00,     0.00,  -999.99
cty,14151,KS: Pratt County,1987,09,PRCP,     0.00,     0.00,     0.00,     0.00,     0.00,     3.50,     4.38,     0.00,     0.00,     6.59,     4.60,     9.34,     0.00,     0.00,     0.00,     0.00,     0.00,    12.72,     0.00,     0.14,     0.00,     0.00,     0.00,     0.00,     0.00,     0.00,     0.00,    21.98,     0.00,     0.00,  -999.99
cty,14153,KS: Rawlins County,1987,09,PRCP,     0.00,     0.00,     0.00,     0.00,     1.63,     0.08,     7.37,     0.03,     0.00,     0.00,     0.01,     3.70,     0.00,     0.00,     1.34,     7.03,     0.00,     2.99,     0.00,     0.00,     0.00,     0.00,     0.00,     0.00,     0.00,     0.00,     0.00,     0.00,     0.00,     0.00,  -999.99
cty,14155,KS: Reno County,1987,09,PRCP,     0.00,     0.00,     0.00,     0.00,     0.00,     0.77,     3.48,     0.00,     0.00,     8.04,     0.41,     3.35,     0.00,     0.00,     0.00,     0.00,     0.00,     5.44,     0.00,     0.00,     0.00,     0.00,     0.00,     0.00,     0.00,     0.00,     0.00,    18.06,     0.00,     0.00,  -999.99
cty,14157,KS: Republic County,1987,09,PRCP,     0.00,     0.00,     0.00,     0.00,     0.00,     1.31,     1.26,     0.09,     0.02,    18.71,     0.05,     2.31,     0.00,     0.01,     0.82,     5.65,     0.00,     0.00,     0.00,     0.00,     0.00,     0.00,     0.00,     0.00,     0.00,     0.00,     0.00,    12.37,     0.00,     0.00,  -999.99
cty,14159,KS: Rice County,1987,09,PRCP,     0.00,     0.00,     0.00,     0.00,     0.00,     2.36,     5.25,     0.00,     0.00,     9.39,     0.35,     3.26,     0.00,     0.02,     0.03,     0.13,     0.00,     4.33,     0.00,     0.00,     0.00,     0.00,     0.00,     0.00,     0.00,     0.00,     0.00,    12.46,     0.00,     0.00,  -999.99
cty,14161,KS: Riley County,1987,09,PRCP,     0.00,     0.00,     0.00,     1.66,     0.00,     1.84,     4.37,     3.60,     0.02,    24.69,     0.03,     0.95,     0.00,     0.00,     4.79,    10.18,     0.30,     0.15,     0.00,     0.00,     0.00,     0.00,     0.00,     0.00,     0.00,     0.00,     0.00,     3.79,     0.00,     0.00,  -999.99
cty,14163,KS: Rooks County,1987,09,PRCP,     0.00,     0.00,     0.00,     0.00,     0.00,     1.06,     3.82,     0.00,     0.00,     0.04,     1.54,     4.23,     0.00,     0.00,     0.03,     3.48,     0.00,     0.66,     0.03,     0.00,     0.00,     0.00,     0.00,     0.00,     0.00,     0.00,     0.00,     6.93,     0.00,     0.00,  -999.99
cty,14165,KS: Rush County,1987,09,PRCP,     0.00,     0.00,     0.00,     0.00,     0.00,     2.24,     1.72,     0.00,     0.00,     0.87,     2.17,     1.98,     0.00,     0.00,     0.00,     0.00,     0.00,     2.45,     0.00,     0.00,     0.00,     0.00,     0.00,     0.00,     0.00,     0.00,     0.00,     5.10,     0.00,     0.00,  -999.99
cty,14167,KS: Russell County,1987,09,PRCP,     0.00,     0.00,     0.00,     0.00,     0.00,     3.17,     4.55,     0.00,     0.00,     5.25,     1.50,     3.69,     0.00,     0.00,     0.00,     0.00,     0.00,     2.21,     0.00,     0.00,     0.00,     0.00,     0.00,     0.00,     0.00,     0.00,     0.00,    11.69,     0.00,     0.00,  -999.99
cty,14169,KS: Saline County,1987,09,PRCP,     0.00,     0.00,     0.00,     0.00,     0.00,     1.25,     4.42,     0.00,     0.00,    15.47,     0.00,     1.97,     0.00,     0.00,     0.02,     1.40,     0.00,     1.99,     0.00,     0.00,     0.00,     0.00,     0.00,     0.00,     0.00,     0.00,     0.00,     7.37,     0.00,     0.00,  -999.99
cty,14171,KS: Scott County,1987,09,PRCP,     0.00,     0.00,     0.00,     0.00,     0.00,     0.82,     0.00,     1.09,     0.00,     0.00,     3.70,     3.63,     0.00,     0.00,     0.00,     0.96,     0.11,     3.83,     0.00,     0.00,     0.00,     0.00,     0.00,     0.00,     0.00,     0.00,     0.00,     0.14,     0.00,     0.00,  -999.99
cty,14173,KS: Sedgwick County,1987,09,PRCP,     0.00,     0.00,     0.00,     0.00,     0.00,     0.01,     2.35,     0.00,     0.00,    10.88,     0.00,     3.46,     0.05,     0.00,     0.04,     0.34,     0.00,     5.82,     0.00,     0.13,     0.00,     0.00,     0.00,     0.00,     0.00,     0.00,     0.00,    35.62,     0.00,     0.00,  -999.99
cty,14175,KS: Seward County,1987,09,PRCP,     0.00,     0.00,     0.00,     0.00,     0.16,     6.62,     0.86,     4.19,     0.00,     0.00,    15.79,    16.97,     0.00,     0.00,     0.00,     0.00,     0.00,    20.99,     0.00,     0.00,     1.46,     0.00,     0.00,     0.00,     0.00,     0.00,     0.00,     2.87,     0.00,     0.00,  -999.99
cty,14177,KS: Shawnee County,1987,09,PRCP,     0.00,     0.00,     0.00,     0.34,     0.00,     3.02,     3.60,     5.04,     0.08,    22.15,     0.00,     1.78,     0.00,     0.00,    18.83,     5.39,     0.30,     0.62,     0.00,     0.00,     0.00,     0.00,     0.00,     0.00,     0.00,     0.00,     0.00,     1.54,     0.13,     0.00,  -999.99
cty,14179,KS: Sheridan County,1987,09,PRCP,     0.00,     0.00,     0.00,     0.00,     1.06,     0.03,     5.36,     0.00,     0.00,     0.00,     1.18,     3.12,     0.00,     0.00,     0.00,     6.10,     0.00,     2.11,     0.03,     0.00,     0.00,     0.00,     0.00,     0.00,     0.00,     0.00,     0.00,     0.00,     0.00,     0.00,  -999.99
cty,14181,KS: Sherman County,1987,09,PRCP,     0.00,     0.00,     0.00,     0.01,     0.44,     0.00,     4.69,     1.07,     0.00,     0.00,     3.00,     2.25,     0.00,     0.03,     1.40,     5.87,     1.70,     5.68,     0.00,     0.00,     0.00,     0.00,     0.00,     0.00,     0.00,     0.00,     0.00,     0.00,     0.00,     0.00,  -999.99
cty,14183,KS: Smith County,1987,09,PRCP,     0.00,     0.00,     0.00,     0.00,     0.00,     0.66,     1.76,     0.00,     0.00,     2.85,     0.11,     4.08,     0.00,     0.00,     0.00,     6.46,     0.00,     0.00,     0.00,     0.00,     0.00,     0.00,     0.00,     0.00,     0.00,     0.00,     0.01,     4.93,     0.00,     0.00,  -999.99
cty,14185,KS: Stafford County,1987,09,PRCP,     0.00,     0.00,     0.00,     0.00,     0.00,     3.44,     4.53,     0.00,     0.00,     5.23,     3.41,     5.04,     0.00,     0.00,     0.00,     0.20,     0.00,     7.18,     0.00,     0.00,     0.00,     0.00,     0.00,     0.00,     0.00,     0.00,     0.00,    12.07,     0.00,     0.00,  -999.99
cty,14187,KS: Stanton County,1987,09,PRCP,     0.00,     0.00,     0.00,     0.00,     0.00,     3.13,     2.39,    10.81,     0.00,     0.00,     5.81,    17.76,     0.00,     0.00,     0.00,     0.00,     1.08,    15.07,     0.00,     0.04,     0.94,     0.00,     0.00,     0.00,     0.00,     0.00,     0.00,     2.04,     0.00,     0.00,  -999.99
cty,14189,KS: Stevens County,1987,09,PRCP,     0.00,     0.00,     0.00,     0.00,     0.41,     5.09,     0.12,     6.60,     0.00,     0.04,     9.84,    17.23,     0.00,     0.00,     0.00,     0.00,     0.13,    17.58,     0.00,     0.00,     1.26,     0.00,     0.00,     0.00,     0.00,     0.00,     0.00,     0.83,     0.00,     0.00,  -999.99
cty,14191,KS: Sumner County,1987,09,PRCP,     0.00,     0.00,     0.00,     0.00,     0.00,     0.05,     2.67,     0.00,     0.00,    15.70,     0.00,     5.47,     3.21,     0.00,     0.05,     0.00,     0.00,    10.84,     0.01,     0.57,     0.00,     0.00,     0.00,     0.00,     0.00,     0.00,     0.00,    68.10,     0.00,     0.00,  -999.99
cty,14193,KS: Thomas County,1987,09,PRCP,     0.00,     0.00,     0.00,     0.00,     0.40,     0.27,     3.64,     0.54,     0.00,     0.00,     0.95,     2.55,     0.00,     0.00,     0.04,     4.56,     0.00,     2.53,     0.02,     0.00,     0.00,     0.00,     0.00,     0.00,     0.00,     0.00,     0.00,     0.00,     0.00,     0.00,  -999.99
cty,14195,KS: Trego County,1987,09,PRCP,     0.00,     0.00,     0.00,     0.00,     0.00,     2.60,     3.18,     0.00,     0.00,     0.00,     3.95,     4.41,     0.00,     0.00,     0.00,     1.40,     0.00,     3.30,     0.00,     0.00,     0.00,     0.00,     0.00,     0.00,     0.00,     0.00,     0.00,     5.20,     0.00,     0.00,  -999.99
cty,14197,KS: Wabaunsee County,1987,09,PRCP,     0.00,     0.00,     0.00,     0.47,     0.00,     2.30,     3.95,     4.29,     0.00,    25.67,     0.00,     2.81,     0.01,     0.00,    12.49,     7.04,     0.22,     1.27,     0.00,     0.00,     0.00,     0.00,     0.00,     0.00,     0.00,     0.00,     0.00,     5.64,     0.09,     0.00,  -999.99
cty,14199,KS: Wallace County,1987,09,PRCP,     0.00,     0.00,     0.00,     0.00,     0.00,     0.00,     2.63,     3.09,     0.00,     0.00,     2.42,     2.96,     0.00,     0.00,     0.00,     2.70,     1.57,     4.47,     0.00,     0.00,     0.00,     0.00,     0.00,     0.00,     0.00,     0.00,     0.00,     0.00,     0.00,     0.00,  -999.99
cty,14201,KS: Washington County,1987,09,PRCP,     0.00,     0.00,     0.06,     3.83,     0.00,     1.62,     4.20,     3.04,     0.00,    29.66,     0.01,     1.73,     0.00,     0.00,     6.80,    15.20,     0.31,     0.00,     0.00,     0.00,     0.00,     0.00,     0.00,     0.00,     0.00,     0.00,     0.00,     8.67,     0.00,     0.00,  -999.99
cty,14203,KS: Wichita County,1987,09,PRCP,     0.00,     0.00,     0.00,     0.00,     0.00,     0.31,     1.06,     4.52,     0.00,     0.00,     4.84,     6.78,     0.00,     0.00,     0.00,     2.16,     1.29,     7.64,     0.00,     0.00,     0.00,     0.00,     0.00,     0.00,     0.00,     0.00,     0.00,     0.51,     0.00,     0.00,  -999.99
cty,14205,KS: Wilson County,1987,09,PRCP,     0.00,     0.00,     0.00,     0.00,     0.00,     0.00,     4.05,     1.43,     0.00,     9.86,     0.00,     3.82,     0.02,     0.00,     2.77,    14.28,     0.00,     1.64,     1.75,     0.01,     0.00,     0.00,     0.00,     0.00,     0.00,     0.00,     0.00,    26.33,     2.55,     0.00,  -999.99
cty,14207,KS: Woodson County,1987,09,PRCP,     0.00,     0.00,     0.00,     0.00,     0.00,     0.00,     3.91,     0.00,     0.00,    16.43,     0.00,     9.23,     0.01,     0.00,     4.37,    16.80,     0.00,     1.85,     1.59,     0.18,     0.00,     0.00,     0.00,     0.00,     0.00,     0.00,     0.00,    30.28,     1.90,     0.00,  -999.99
cty,14209,KS: Wyandotte County,1987,09,PRCP,     0.00,     0.00,     0.00,     0.00,     0.00,     3.56,     8.12,     3.50,     0.00,    14.68,     0.00,     1.94,     0.00,     0.00,    37.16,    10.51,     0.05,     0.00,     0.00,     0.00,     0.00,     0.00,     0.00,     0.00,     0.00,     0.00,     0.00,     0.00,     3.68,     0.00,  -999.99
cty,15001,KY: Adair County,1987,09,PRCP,     0.43,     0.00,     0.00,     0.00,     0.00,     0.00,     0.00,     0.46,    14.18,     0.00,     3.32,     5.84,     3.81,     1.93,     0.00,     0.00,     4.13,     2.24,     3.76,     4.50,     0.00,     0.00,     0.00,     0.00,     0.00,     0.00,     0.00,     0.00,     0.00,    31.25,  -999.99
cty,15003,KY: Allen County,1987,09,PRCP,     0.00,     0.00,     0.00,     0.00,     0.00,     0.00,     0.10,     5.19,     7.41,     0.00,     3.10,     7.89,     2.39,     4.06,     0.00,     0.06,     5.61,     3.39,     5.24,     0.36,     0.00,     0.00,     0.00,     0.00,     0.00,     0.00,     0.00,     0.00,     0.07,    28.80,  -999.99
cty,15005,KY: Anderson County,1987,09,PRCP,     0.00,     0.00,     0.00,     0.00,     0.00,     0.00,     0.00,     0.00,     2.05,     0.00,     2.26,     4.00,     5.39,     0.00,     0.00,     0.00,     9.40,     1.56,     2.01,     0.00,     0.00,     0.00,     0.00,     0.00,     0.00,     0.00,     0.00,     0.00,     0.00,    19.65,  -999.99
cty,15007,KY: Ballard County,1987,09,PRCP,     0.00,     0.00,     0.00,     0.00,     0.00,     0.00,     0.00,     0.32,     0.00,     0.00,     0.58,     0.00,     0.00,     0.00,     0.00,     8.55,    20.22,     0.00,     0.00,     0.00,     0.00,     0.00,     0.00,     0.00,     0.00,     0.00,     0.00,     0.00,    20.58,     2.70,  -999.99
cty,15009,KY: Barren County,1987,09,PRCP,     0.05,     0.00,     0.00,     0.00,     0.00,     0.00,     0.12,     3.65,    10.82,     0.00,     2.48,     4.90,     2.54,     3.07,     0.00,     0.00,     5.69,     2.82,     3.55,     0.66,     0.00,     0.00,     0.00,     0.00,     0.00,     0.00,     0.00,     0.00,     0.00,    23.75,  -999.99
cty,15011,KY: Bath County,1987,09,PRCP,     0.00,     0.00,     0.00,     0.00,     0.00,     0.00,     0.00,     1.17,     0.00,     0.00,     2.63,     6.73,     4.26,     0.04,     0.00,     0.00,     2.87,     1.76,     1.70,     1.95,     0.00,     0.00,     0.00,     0.00,     0.00,     0.00,     0.00,     0.00,     0.00,    20.81,  -999.99
cty,15013,KY: Bell County,1987,09,PRCP,     0.79,     0.00,     0.00,     0.00,     0.00,     0.06,     4.11,     5.32,     3.10,     0.00,     2.46,    17.90,    11.30,     0.00,     0.00,     0.00,     0.49,     1.31,     1.14,    11.17,     0.00,     0.00,     0.00,     0.00,     0.00,     0.00,     0.00,     0.00,     0.00,    23.41,  -999.99
cty,15015,KY: Boone County,1987,09,PRCP,     0.00,     0.00,     0.00,     0.00,     0.00,     0.00,     0.00,     0.00,     1.00,     0.00,     0.00,     4.77,     4.26,     0.00,     0.00,     0.00,     8.60,     1.78,     1.69,     0.00,     0.00,     0.09,     0.00,     0.00,     0.00,     0.00,     0.00,     0.00,     0.00,    12.26,  -999.99
cty,15017,KY: Bourbon County,1987,09,PRCP,     0.00,     0.00,     0.00,     0.00,     0.00,     0.05,     0.00,     0.00,     0.00,     0.00,     2.74,     5.63,     5.13,     1.21,     0.00,     0.00,     5.71,     1.00,     2.19,     1.40,     0.00,     0.04,     0.00,     0.00,     0.00,     0.00,     0.00,     0.00,     0.00,    19.43,  -999.99
cty,15019,KY: Boyd County,1987,09,PRCP,     0.00,     0.00,     0.00,     0.00,     0.00,     0.00,     2.06,     9.19,     0.00,     0.06,     0.00,    10.55,     3.89,     3.32,     0.00,     0.00,     0.00,     4.48,     0.03,     1.78,     0.01,     0.00,     0.00,     0.00,     0.00,     0.00,     0.00,     0.00,     0.00,    21.01,  -999.99
cty,15021,KY: Boyle County,1987,09,PRCP,     1.32,     0.00,     0.00,     0.00,     0.00,     0.00,     0.00,     0.08,     3.99,     0.00,     3.25,     5.14,     4.95,     0.00,     0.00,     0.00,     5.06,     0.43,     2.69,     1.91,     0.00,     0.00,     0.00,     0.00,     0.00,     0.00,     0.00,     0.00,     0.00,    26.21,  -999.99
cty,15023,KY: Bracken County,1987,09,PRCP,     0.00,     0.00,     0.00,     0.00,     0.00,     0.00,     0.00,     0.00,     0.00,     0.00,     2.56,     6.97,     5.38,     0.00,     0.00,     0.00,     7.97,     2.44,     2.14,     1.57,     0.00,     0.00,     0.00,     0.00,     0.00,     0.00,     0.00,     0.00,     0.00,    17.48,  -999.99
cty,15025,KY: Breathitt County,1987,09,PRCP,     0.01,     0.00,     0.00,     0.00,     0.00,     0.01,     2.66,     5.97,     0.02,     0.00,     2.65,    14.93,     9.05,     0.00,     0.00,     0.00,     0.01,     0.96,     0.35,     6.21,     0.00,     0.00,     0.12,     0.00,     0.00,     0.00,     0.00,     0.00,     0.00,    27.76,  -999.99
cty,15027,KY: Breckinridge County,1987,09,PRCP,     0.00,     0.00,     0.00,     0.00,     0.00,     0.00,     0.00,     0.00,     5.52,     0.00,     1.51,     2.73,     0.00,     0.00,     0.00,     0.00,    16.64,     1.70,     1.62,     0.00,     0.00,     0.00,     0.00,     0.00,     0.00,     0.00,     0.00,     0.00,     0.00,    16.47,  -999.99
cty,15029,KY: Bullitt County,1987,09,PRCP,     0.00,     0.00,     0.00,     0.00,     0.00,     0.00,     0.00,     0.00,     4.85,     0.00,     2.16,     2.72,     2.65,     0.00,     0.00,     0.00,    12.52,     1.68,     1.71,     0.00,     0.00,     0.00,     0.01,     0.00,     0.00,     0.00,     0.00,     0.00,     0.00,    16.59,  -999.99
cty,15031,KY: Butler County,1987,09,PRCP,     0.00,     0.00,     0.00,     0.00,     0.00,     0.00,     0.00,     3.23,     3.79,     0.00,     0.79,     3.63,     0.04,     0.73,     0.00,     0.00,    11.95,     2.55,     2.06,     0.00,     0.00,     0.00,     0.00,     0.00,     0.00,     0.00,     0.00,     0.00,     0.00,    17.35,  -999.99
cty,15033,KY: Caldwell County,1987,09,PRCP,     0.00,     0.00,     0.00,     0.00,     0.00,     0.00,     0.00,     2.34,     0.00,     0.00,     0.00,     3.10,     0.00,     0.00,     0.00,     4.44,    17.96,     0.00,     1.34,     0.00,     0.00,     0.00,     0.00,     0.00,     0.00,     0.00,     0.00,     0.00,     7.26,    10.71,  -999.99
cty,15035,KY: Calloway County,1987,09,PRCP,     0.00,     0.00,     0.00,     0.00,     0.00,     0.00,     0.00,     2.28,     0.00,     0.00,     0.00,     2.47,     0.00,     0.00,     0.00,     6.44,    16.58,     0.00,     1.80,     0.00,     0.00,     0.00,     0.00,     0.00,     0.00,     0.00,     0.00,     0.00,     9.17,     8.51,  -999.99
cty,15037,KY: Campbell County,1987,09,PRCP,     0.00,     0.00,     0.00,     0.00,     0.00,     0.00,     0.00,     0.00,     0.00,     0.00,     0.00,     5.62,     4.22,     0.00,     0.00,     0.00,     8.08,     2.15,     1.87,     0.00,     0.00,     0.25,     0.00,     0.00,     0.00,     0.00,     0.00,     0.00,     0.00,    12.97,  -999.99
cty,15039,KY: Carlisle County,1987,09,PRCP,     0.00,     0.00,     0.00,     0.00,     0.00,     0.00,     0.00,     1.60,     0.00,     0.00,     0.83,     0.00,     0.00,     0.00,     0.00,    10.54,    22.11,     0.00,     0.00,     0.00,     0.00,     0.00,     0.00,     0.00,     0.00,     0.00,     0.00,     0.00,    21.71,     3.67,  -999.99
cty,15041,KY: Carroll County,1987,09,PRCP,     0.30,     0.00,     0.00,     0.00,     0.00,     0.00,     0.00,     0.00,     1.84,     0.00,     0.74,     3.58,     4.63,     0.00,     0.00,     0.00,    10.91,     1.34,     1.52,     0.00,     0.00,     0.00,     0.00,     0.00,     0.00,     0.00,     0.00,     0.00,     0.00,    13.02,  -999.99
cty,15043,KY: Carter County,1987,09,PRCP,     0.00,     0.00,     0.00,     0.00,     0.00,     0.00,     2.12,     6.30,     0.00,     0.48,     0.03,    10.34,     4.02,     3.42,     0.00,     0.00,     0.90,     4.47,     1.25,     2.03,     0.00,     0.00,     0.00,     0.00,     0.00,     0.00,     0.00,     0.00,     0.00,    26.87,  -999.99
cty,15045,KY: Casey County,1987,09,PRCP,     1.81,     0.00,     0.00,     0.00,     0.00,     0.00,     0.00,     2.09,     7.11,     0.00,     3.29,     5.59,     4.47,     0.00,     0.00,     0.00,     3.42,     0.41,     2.71,     3.68,     0.00,     0.00,     0.00,     0.00,     0.00,     0.00,     0.00,     0.00,     0.00,    27.32,  -999.99
cty,15047,KY: Christian County,1987,09,PRCP,     0.00,     0.00,     0.00,     0.00,     0.00,     0.00,     0.00,     3.56,     0.00,     0.00,     0.12,     5.93,     0.00,     0.00,     0.00,     2.71,    13.60,     0.72,     2.65,     0.00,     0.00,     0.00,     0.00,     0.00,     0.00,     0.00,     0.00,     0.00,     3.43,    16.63,  -999.99
cty,15049,KY: Clark County,1987,09,PRCP,     0.00,     0.00,     0.00,     0.00,     0.00,     0.00,     0.00,     0.18,     0.00,     0.00,     3.18,     5.86,     4.57,     0.00,     0.00,     0.00,     3.64,     0.00,     1.94,     1.66,     0.00,     0.00,     0.00,     0.00,     0.00,     0.00,     0.00,     0.00,     0.00,    21.21,  -999.99
cty,15051,KY: Clay County,1987,09,PRCP,     0.98,     0.00,     0.00,     0.00,     0.00,     0.00,     1.84,     3.82,     1.42,     0.01,     2.52,    13.95,     8.07,     0.13,     0.00,     0.00,     0.00,     0.32,     1.65,     6.86,     0.00,     0.00,     0.02,     0.00,     0.00,     0.00,     0.00,     0.00,     0.00,    24.40,  -999.99
cty,15053,KY: Clinton County,1987,09,PRCP,     0.00,     0.00,     0.00,     0.00,     0.00,     0.00,     0.00,     2.33,    10.75,     0.00,     3.11,     8.51,     4.10,     2.33,     0.00,     0.00,     0.98,     0.00,     4.39,     7.58,     0.00,     0.00,     0.00,     0.00,     0.00,     0.00,     0.00,     0.00,     0.00,    31.77,  -999.99
cty,15055,KY: Crittenden County,1987,09,PRCP,     0.00,     0.00,     0.00,     0.00,     0.00,     0.00,     0.00,     1.31,     0.00,     0.00,     0.00,     1.28,     0.00,     0.00,     0.00,     4.05,    17.05,     0.00,     0.00,     0.00,     0.00,     0.00,     0.00,     0.00,     0.00,     0.00,     0.00,     0.00,     9.60,     6.13,  -999.99
cty,15057,KY: Cumberland County,1987,09,PRCP,     0.00,     0.00,     0.00,     0.00,     0.00,     0.00,     0.00,     0.60,     9.71,     0.00,     2.48,     5.73,     2.65,     2.27,     0.00,     0.00,     2.18,     1.54,     3.76,     4.75,     0.00,     0.00,     0.00,     0.00,     0.00,     0.00,     0.00,     0.00,     0.00,    25.49,  -999.99
cty,15059,KY: Daviess County,1987,09,PRCP,     0.00,     0.00,     0.00,     0.00,     0.00,     0.00,     0.00,     0.00,     1.03,     0.00,     0.00,     2.56,     0.00,     0.00,     0.00,     0.14,    15.81,     0.00,     1.06,     0.00,     0.00,     0.00,     0.00,     0.00,     0.00,     0.00,     0.00,     0.00,     2.80,    11.05,  -999.99
cty,15061,KY: Edmonson County,1987,09,PRCP,     0.00,     0.00,     0.00,     0.00,     0.00,     0.00,     0.10,     6.07,    13.74,     0.00,     2.87,     5.13,     3.64,     3.76,     0.00,     0.00,    15.28,     4.61,     3.50,     0.00,     0.00,     0.00,     0.00,     0.00,     0.00,     0.00,     0.00,     0.00,     0.00,    30.30,  -999.99
cty,15063,KY: Elliott County,1987,09,PRCP,     0.00,     0.00,     0.00,     0.00,     0.00,     0.00,     3.22,     6.93,     0.00,     0.23,     0.00,    12.31,     5.16,     3.26,     0.00,     0.00,     0.00,     3.88,     0.87,     2.78,     0.00,     0.00,     0.00,     0.00,     0.00,     0.00,     0.00,     0.00,     0.00,    29.55,  -999.99
cty,15065,KY: Estill County,1987,09,PRCP,     0.17,     0.00,     0.00,     0.00,     0.00,     0.00,     0.00,     2.37,     0.00,     0.00,     3.51,     8.79,     5.45,     0.00,     0.00,     0.00,     1.54,     0.00,     2.11,     2.93,     0.00,     0.00,     0.00,     0.00,     0.00,     0.00,     0.00,     0.00,     0.00,    27.57,  -999.99
cty,15067,KY: Fayette County,1987,09,PRCP,     0.00,     0.00,     0.00,     0.00,     0.00,     0.00,     0.00,     0.00,     0.00,     0.00,     2.54,     4.57,     4.65,     0.03,     0.00,     0.00,     5.10,     0.68,     1.85,     1.05,     0.00,     0.00,     0.00,     0.00,     0.00,     0.00,     0.00,     0.00,     0.00,    18.03,  -999.99
cty,15069,KY: Fleming County,1987,09,PRCP,     0.00,     0.00,     0.00,     0.00,     0.00,     0.00,     0.00,     0.57,     0.00,     0.00,     2.73,     7.41,     4.65,     0.86,     0.00,     0.00,     4.08,     2.50,     1.87,     2.08,     0.00,     0.00,     0.00,     0.00,     0.00,     0.00,     0.00,     0.00,     0.00,    21.38,  -999.99
cty,15071,KY: Floyd County,1987,09,PRCP,     0.00,     0.00,     0.00,     0.00,     0.00,     1.20,     3.80,    12.39,     0.00,     0.06,     0.14,    17.43,    10.60,     0.19,     0.00,     0.00,     0.06,     1.21,     0.46,     6.84,     0.00,     0.00,     0.00,     0.00,     0.00,     0.00,     0.00,     0.00,     0.10,    21.21,  -999.99
cty,15073,KY: Franklin County,1987,09,PRCP,     0.00,     0.00,     0.00,     0.00,     0.00,     0.00,     0.00,     0.00,     0.50,     0.00,     2.08,     4.89,     7.33,     0.00,     0.00,     0.00,    12.27,     1.80,     2.18,     0.00,     0.00,     0.00,     0.00,     0.00,     0.00,     0.00,     0.00,     0.00,     0.00,    20.04,  -999.99
cty,15075,KY: Fulton County,1987,09,PRCP,     0.00,     0.00,     0.00,     0.00,     0.00,     0.00,     0.00,     1.39,     0.00,     0.00,     2.43,     0.00,     0.24,     0.00,     0.00,    14.84,    18.88,     0.00,     1.37,     0.00,     0.00,     0.00,     0.00,     0.00,     0.00,     0.00,     0.00,     0.00,    21.61,     2.79,  -999.99
cty,15077,KY: Gallatin County,1987,09,PRCP,     0.14,     0.00,     0.00,     0.00,     0.00,     0.00,     0.00,     0.00,     1.46,     0.00,     0.00,     4.92,     5.93,     0.00,     0.00,     0.00,    11.64,     1.74,     1.87,     0.06,     0.00,     0.00,     0.05,     0.00,     0.00,     0.00,     0.00,     0.00,     0.00,    15.11,  -999.99
cty,15079,KY: Garrard County,1987,09,PRCP,     1.63,     0.00,     0.00,     0.00,     0.00,     0.00,     0.00,     0.68,     2.57,     0.00,     3.76,     6.37,     5.31,     0.12,     0.00,     0.00,     3.47,     0.00,     2.72,     2.17,     0.00,     0.00,     0.00,     0.00,     0.00,     0.00,     0.00,     0.00,     0.00,    28.24,  -999.99
cty,15081,KY: Grant County,1987,09,PRCP,     0.00,     0.00,     0.00,     0.00,     0.00,     0.00,     0.00,     0.00,     0.00,     0.00,     0.95,     5.40,     5.93,     0.00,     0.00,     0.00,    10.11,     1.80,     2.04,     0.00,     0.00,     0.00,     0.00,     0.00,     0.00,     0.00,     0.00,     0.00,     0.00,    16.02,  -999.99
cty,15083,KY: Graves County,1987,09,PRCP,     0.00,     0.00,     0.00,     0.00,     0.00,     0.00,     0.00,     2.34,     0.00,     0.00,     0.22,     0.48,     0.00,     0.00,     0.00,     8.42,    21.24,     0.00,     1.26,     0.00,     0.00,     0.00,     0.00,     0.00,     0.00,     0.00,     0.00,     0.00,    16.30,     6.28,  -999.99
cty,15085,KY: Grayson County,1987,09,PRCP,     0.00,     0.00,     0.00,     0.00,     0.00,     0.00,     0.00,     3.30,     9.66,     0.00,     2.10,     3.54,     1.86,     0.21,     0.00,     0.00,    16.36,     3.30,     2.28,     0.00,     0.00,     0.00,     0.00,     0.00,     0.00,     0.00,     0.00,     0.00,     0.00,    22.57,  -999.99
cty,15087,KY: Green County,1987,09,PRCP,     0.00,     0.00,     0.00,     0.00,     0.00,     0.00,     0.00,     0.00,    19.47,     0.00,     3.28,     4.58,     3.27,     2.98,     0.00,     0.00,     7.42,     3.16,     3.50,     2.02,     0.00,     0.00,     0.00,     0.00,     0.00,     0.00,     0.00,     0.00,     0.00,    29.12,  -999.99
cty,15089,KY: Greenup County,1987,09,PRCP,     0.00,     0.00,     0.00,     0.00,     0.00,     0.00,     1.13,     5.76,     0.00,     0.00,     0.00,     7.64,     2.69,     3.09,     0.00,     0.00,     0.98,     4.95,     0.99,     1.29,     0.00,     0.00,     0.00,     0.00,     0.00,     0.00,     0.00,     0.00,     0.00,    22.42,  -999.99
cty,15091,KY: Hancock County,1987,09,PRCP,     0.00,     0.00,     0.00,     0.00,     0.00,     0.00,     0.00,     0.00,     2.87,     0.00,     0.00,     2.25,     0.00,     0.00,     0.00,     0.00,    15.56,     0.13,     1.14,     0.00,     0.00,     0.00,     0.00,     0.00,     0.00,     0.00,     0.00,     0.00,     1.05,    11.76,  -999.99
cty,15093,KY: Hardin County,1987,09,PRCP,     0.00,     0.00,     0.00,     0.00,     0.00,     0.00,     0.00,     0.36,     8.52,     0.02,     2.38,     2.99,     2.38,     0.05,     0.00,     0.03,    13.68,     2.44,     2.05,     0.00,     0.00,     0.00,     0.00,     0.00,     0.00,     0.00,     0.00,     0.00,     0.03,    19.21,  -999.99
cty,15095,KY: Harlan County,1987,09,PRCP,     0.47,     0.00,     0.00,     0.00,     0.00,     2.39,     6.80,     9.51,     0.52,     0.00,     2.45,    20.30,    15.82,     0.00,     0.00,     0.00,     1.30,     1.61,     0.00,    13.92,     0.00,     0.00,     0.00,     0.00,     0.00,     0.00,     0.00,     0.00,     0.00,    22.46,  -999.99
cty,15097,KY: Harrison County,1987,09,PRCP,     0.00,     0.00,     0.00,     0.00,     0.00,     0.00,     0.00,     0.18,     0.00,     0.00,     2.80,     6.87,     6.74,     0.68,     0.00,     0.00,     9.45,     2.12,     2.68,     1.03,     0.00,     0.00,     0.00,     0.00,     0.00,     0.00,     0.00,     0.00,     0.00,    21.65,  -999.99
cty,15099,KY: Hart County,1987,09,PRCP,     0.00,     0.00,     0.00,     0.00,     0.00,     0.00,     0.00,     2.96,    19.46,     0.00,     3.58,     5.10,     3.84,     3.65,     0.00,     0.00,    13.06,     4.31,     3.81,     0.08,     0.00,     0.00,     0.00,     0.00,     0.00,     0.00,     0.00,     0.00,     0.00,    32.40,  -999.99
cty,15101,KY: Henderson County,1987,09,PRCP,     0.00,     0.00,     0.00,     0.00,     0.00,     0.00,     0.00,     0.06,     0.00,     0.00,     0.00,     2.01,     0.00,     0.00,     0.05,     3.03,    14.69,     0.00,     0.13,     0.00,     0.00,     0.00,     0.00,     0.00,     0.00,     0.00,     0.00,     0.00,     6.26,     6.95,  -999.99
cty,15103,KY: Henry County,1987,09,PRCP,     0.00,     0.00,     0.00,     0.00,     0.00,     0.00,     0.00,     0.00,     1.98,     0.00,     1.88,     4.94,     6.94,     0.00,     0.00,     0.00,    15.15,     1.83,     2.20,     0.00,     0.00,     0.00,     0.00,     0.00,     0.00,     0.00,     0.00,     0.00,     0.00,    19.83,  -999.99
cty,15105,KY: Hickman County,1987,09,PRCP,     0.00,     0.00,     0.00,     0.00,     0.00,     0.00,     0.00,     2.03,     0.00,     0.00,     1.63,     0.00,     0.00,     0.00,     0.00,    12.53,    22.57,     0.00,     0.91,     0.00,     0.00,     0.00,     0.00,     0.00,     0.00,     0.00,     0.00,     0.00,    22.13,     4.11,  -999.99
cty,15107,KY: Hopkins County,1987,09,PRCP,     0.00,     0.00,     0.00,     0.00,     0.00,     0.00,     0.00,     2.15,     0.00,     0.00,     0.00,     3.27,     0.00,     0.00,     0.04,     3.07,    14.64,     0.10,     1.29,     0.00,     0.00,     0.00,     0.00,     0.00,     0.00,     0.00,     0.00,     0.00,     3.85,    11.28,  -999.99
cty,15109,KY: Jackson County,1987,09,PRCP,     1.46,     0.00,     0.00,     0.00,     0.00,     0.00,     0.44,     2.27,     1.52,     0.00,     3.13,     9.29,     5.20,     0.00,     0.00,     0.00,     0.15,     0.00,     1.85,     3.93,     0.00,     0.00,     0.00,     0.00,     0.00,     0.00,     0.00,     0.00,     0.00,    24.62,  -999.99
cty,15111,KY: Jefferson County,1987,09,PRCP,     0.00,     0.00,     0.00,     0.00,     0.00,     0.00,     0.00,     0.00,     3.17,     0.00,     1.70,     2.45,     2.61,     0.00,     0.00,     0.00,    11.61,     1.27,     1.34,     0.00,     0.00,     0.00,     0.00,     0.00,     0.00,     0.00,     0.00,     0.00,     0.00,    13.77,  -999.99
cty,15113,KY: Jessamine County,1987,09,PRCP,     0.00,     0.00,     0.00,     0.00,     0.00,     0.00,     0.00,     0.00,     1.28,     0.00,     3.04,     4.98,     5.02,     0.76,     0.00,     0.00,     5.02,     0.22,     2.15,     1.25,     0.00,     0.00,     0.00,     0.00,     0.00,     0.00,     0.00,     0.00,     0.00,    22.04,  -999.99
cty,15115,KY: Johnson County,1987,09,PRCP,     0.00,     0.00,     0.00,     0.00,     0.00,     0.23,     3.21,     9.69,     0.00,     0.00,     0.33,    14.17,     6.86,     2.15,     0.00,     0.00,     0.00,     2.43,     0.00,     3.75,     0.00,     0.00,     0.00,     0.00,     0.00,     0.00,     0.00,     0.00,     0.22,    21.58,  -999.99
cty,15117,KY: Kenton County,1987,09,PRCP,     0.00,     0.00,     0.00,     0.00,     0.00,     0.00,     0.00,     0.00,     0.00,     0.00,     0.00,     5.25,     4.34,     0.00,     0.00,     0.00,     8.23,     1.93,     1.80,     0.00,     0.00,     0.12,     0.00,     0.00,     0.00,     0.00,     0.00,     0.00,     0.00,    12.69,  -999.99
cty,15119,KY: Knott County,1987,09,PRCP,     0.00,     0.00,     0.00,     0.00,     0.00,     0.70,     3.49,    10.03,     0.01,     0.00,     0.00,    18.62,    12.83,     0.00,     0.00,     0.00,     0.00,     1.45,     0.00,     9.33,     0.00,     0.00,     0.00,     0.00,     0.00,     0.00,     0.00,     0.00,     0.00,    23.76,  -999.99
cty,15121,KY: Knox County,1987,09,PRCP,     1.27,     0.00,     0.00,     0.00,     0.00,     0.00,     1.93,     3.82,     3.26,     0.00,     2.34,    14.70,     8.39,     0.00,     0.00,     0.00,     0.00,     0.67,     1.91,     8.07,     0.00,     0.01,     0.01,     0.00,     0.00,     0.00,     0.00,     0.00,     0.00,    23.49,  -999.99
cty,15123,KY: Larue County,1987,09,PRCP,     0.00,     0.00,     0.00,     0.00,     0.00,     0.00,     0.00,     0.00,    12.11,     0.00,     2.94,     3.54,     2.96,     0.16,     0.00,     0.00,    10.62,     2.69,     2.57,     0.05,     0.00,     0.00,     0.00,     0.00,     0.00,     0.00,     0.00,     0.00,     0.00,    22.83,  -999.99
cty,15125,KY: Laurel County,1987,09,PRCP,     1.47,     0.00,     0.00,     0.00,     0.00,     0.00,     0.65,     2.41,     3.73,     0.00,     2.82,    10.73,     5.75,     0.00,     0.00,     0.00,     0.00,     0.00,     1.79,     6.21,     0.00,     0.00,     0.04,     0.00,     0.00,     0.00,     0.00,     0.00,     0.00,    24.52,  -999.99
cty,15127,KY: Lawrence County,1987,09,PRCP,     0.21,     0.00,     0.00,     0.00,     0.00,     0.43,     3.12,    11.75,     0.00,     0.00,     0.00,    15.80,     6.79,     3.66,     0.00,     0.00,     0.00,     3.81,     0.00,     3.24,     0.00,     0.00,     0.00,     0.00,     0.00,     0.00,     0.00,     0.00,     0.00,    24.58,  -999.99
cty,15129,KY: Lee County,1987,09,PRCP,     0.00,     0.00,     0.00,     0.00,     0.00,     0.00,     0.98,     3.51,     0.23,     0.00,     3.68,    11.91,     6.90,     0.29,     0.00,     0.00,     0.19,     0.00,     1.94,     4.56,     0.00,     0.00,     0.11,     0.00,     0.00,     0.00,     0.00,     0.00,     0.00,    30.77,  -999.99
cty,15131,KY: Leslie County,1987,09,PRCP,     0.26,     0.00,     0.00,     0.00,     0.00,     0.21,     2.99,     6.70,     0.03,     0.00,     1.84,    18.19,    12.72,     0.00,     0.00,     0.00,     0.00,     1.16,     0.76,    10.11,     0.00,     0.00,     0.01,     0.00,     0.00,     0.00,     0.00,     0.00,     0.00,    24.87,  -999.99
cty,15133,KY: Letcher County,1987,09,PRCP,     0.00,     0.00,     0.00,     0.00,     0.00,     2.32,     5.04,    12.42,     0.00,     0.00,     0.00,    19.98,    16.50,     0.27,     0.00,     0.00,     0.00,     1.62,     0.00,    12.98,     0.00,     0.00,     0.00,     0.00,     0.00,     0.00,     0.00,     0.00,     0.00,    23.00,  -999.99
cty,15135,KY: Lewis County,1987,09,PRCP,     0.00,     0.00,     0.00,     0.00,     0.00,     0.00,     0.00,     1.94,     0.00,     0.00,     0.49,     8.22,     3.95,     2.45,     0.00,     0.00,     3.28,     3.94,     1.87,     1.86,     0.00,     0.00,     0.00,     0.00,     0.00,     0.00,     0.00,     0.00,     0.00,    23.90,  -999.99
cty,15137,KY: Lincoln County,1987,09,PRCP,     2.30,     0.00,     0.00,     0.00,     0.00,     0.00,     0.00,     1.72,     4.98,     0.00,     4.13,     7.34,     5.80,     0.04,     0.00,     0.00,     3.26,     0.00,     3.12,     3.70,     0.00,     0.00,     0.00,     0.00,     0.00,     0.00,     0.00,     0.00,     0.00,    32.42,  -999.99
cty,15139,KY: Livingston County,1987,09,PRCP,     0.00,     0.00,     0.00,     0.00,     0.00,     0.00,     0.00,     1.74,     0.00,     0.00,     0.00,     0.42,     0.00,     0.00,     0.00,     5.60,    22.34,     0.00,     0.03,     0.00,     0.00,     0.00,     0.00,     0.00,     0.00,     0.00,     0.00,     0.00,    14.58,     6.31,  -999.99
cty,15141,KY: Logan County,1987,09,PRCP,     0.00,     0.00,     0.00,     0.00,     0.00,     0.00,     0.00,     4.54,     2.16,     0.00,     1.75,     7.47,     0.00,     0.42,     0.00,     0.00,    10.44,     3.33,     3.80,     0.00,     0.00,     0.00,     0.00,     0.00,     0.00,     0.00,     0.00,     0.00,     0.00,    23.08,  -999.99
cty,15143,KY: Lyon County,1987,09,PRCP,     0.00,     0.00,     0.00,     0.00,     0.00,     0.00,     0.02,     2.42,     0.00,     0.00,     0.00,     2.64,     0.00,     0.00,     0.00,     5.39,    20.37,     0.00,     1.23,     0.00,     0.00,     0.00,     0.00,     0.00,     0.00,     0.00,     0.00,     0.00,     9.83,     9.93,  -999.99
cty,15145,KY: McCracken County,1987,09,PRCP,     0.00,     0.00,     0.00,     0.00,     0.00,     0.00,     0.00,     1.53,     0.00,     0.00,     0.00,     0.00,     0.00,     0.00,     0.00,     6.87,    22.19,     0.00,     0.00,     0.00,     0.00,     0.00,     0.00,     0.00,     0.00,     0.00,     0.00,     0.00,    18.62,     4.56,  -999.99
cty,15147,KY: McCreary County,1987,09,PRCP,     0.27,     0.00,     0.00,     0.00,     0.00,     0.00,     0.53,     2.49,     8.80,     0.00,     3.27,    12.46,     8.00,     0.68,     0.00,     0.00,     0.00,     0.00,     3.77,    10.94,     0.00,     0.00,     0.04,     0.00,     0.00,     0.00,     0.00,     0.00,     0.00,    32.07,  -999.99
cty,15149,KY: McLean County,1987,09,PRCP,     0.00,     0.00,     0.00,     0.00,     0.00,     0.00,     0.00,     2.05,     0.05,     0.00,     0.00,     3.86,     0.00,     0.00,     0.00,     0.87,    19.79,     0.33,     1.50,     0.00,     0.00,     0.00,     0.00,     0.00,     0.00,     0.00,     0.00,     0.00,     3.81,    14.95,  -999.99
cty,15151,KY: Madison County,1987,09,PRCP,     0.99,     0.00,     0.00,     0.00,     0.00,     0.00,     0.00,     0.77,     0.72,     0.00,     3.15,     5.56,     4.07,     0.00,     0.00,     0.00,     2.18,     0.00,     1.98,     1.65,     0.00,     0.00,     0.00,     0.00,     0.00,     0.00,     0.00,     0.00,     0.00,    22.02,  -999.99
cty,15153,KY: Magoffin County,1987,09,PRCP,     0.00,     0.00,     0.00,     0.00,     0.00,     0.00,     3.20,     7.41,     0.00,     0.00,     0.61,    14.00,     7.42,     0.00,     0.00,     0.00,     0.07,     1.98,     0.30,     4.65,     0.00,     0.00,     0.00,     0.00,     0.00,     0.00,     0.00,     0.00,     0.00,    24.40,  -999.99
cty,15155,KY: Marion County,1987,09,PRCP,     0.43,     0.00,     0.00,     0.00,     0.00,     0.00,     0.06,     1.17,     6.89,     0.00,     2.43,     3.26,     3.07,     0.00,     0.00,     0.00,     6.03,     1.65,     2.12,     1.10,     0.00,     0.00,     0.00,     0.00,     0.00,     0.00,     0.00,     0.00,     0.00,    20.12,  -999.99
cty,15157,KY: Marshall County,1987,09,PRCP,     0.00,     0.00,     0.00,     0.00,     0.00,     0.00,     0.00,     2.29,     0.00,     0.00,     0.00,     1.55,     0.00,     0.00,     0.00,     6.17,    20.35,     0.00,     1.20,     0.00,     0.00,     0.00,     0.00,     0.00,     0.00,     0.00,     0.00,     0.00,    12.38,     8.08,  -999.99
cty,15159,KY: Martin County,1987,09,PRCP,     0.08,     0.00,     0.00,     0.00,     0.00,     2.28,     3.52,    16.89,     0.00,     0.00,     0.00,    20.07,    12.64,     3.09,     0.00,     0.00,     0.00,     2.94,     0.00,     6.51,     0.00,     0.00,     0.00,     0.00,     0.00,     0.00,     0.00,     0.00,     0.00,    21.39,  -999.99
cty,15161,KY: Mason County,1987,09,PRCP,     0.00,     0.00,     0.00,     0.00,     0.00,     0.00,     0.00,     0.00,     0.00,     0.00,     3.29,     8.29,     5.65,     0.24,     0.00,     0.00,     6.98,     3.02,     2.30,     2.34,     0.00,     0.00,     0.00,     0.00,     0.00,     0.00,     0.00,     0.00,     0.00,    21.61,  -999.99
cty,15163,KY: Meade County,1987,09,PRCP,     0.00,     0.00,     0.00,     0.00,     0.00,     0.00,     0.00,     0.00,     5.15,     0.00,     1.88,     2.67,     0.27,     0.00,     0.00,     0.00,    16.47,     1.36,     1.61,     0.00,     0.00,     0.00,     0.00,     0.00,     0.00,     0.00,     0.00,     0.00,     0.14,    15.81,  -999.99
cty,15165,KY: Menifee County,1987,09,PRCP,     0.00,     0.00,     0.00,     0.00,     0.00,     0.00,     0.49,     2.66,     0.00,     0.00,     2.69,     8.27,     4.71,     0.00,     0.00,     0.00,     1.23,     1.32,     1.63,     2.59,     0.00,     0.00,     0.00,     0.00,     0.00,     0.00,     0.00,     0.00,     0.00,    23.73,  -999.99
cty,15167,KY: Mercer County,1987,09,PRCP,     0.00,     0.00,     0.00,     0.00,     0.00,     0.00,     0.00,     0.00,     2.72,     0.00,     2.99,     4.89,     5.51,     0.43,     0.00,     0.00,     7.08,     1.09,     2.50,     1.07,     0.00,     0.00,     0.00,     0.00,     0.00,     0.00,     0.00,     0.00,     0.00,    24.47,  -999.99
cty,15169,KY: Metcalfe County,1987,09,PRCP,     0.00,     0.00,     0.00,     0.00,     0.00,     0.00,     0.00,     1.18,    14.47,     0.00,     2.91,     5.40,     2.78,     3.05,     0.00,     0.00,     4.46,     2.65,     4.01,     3.17,     0.00,     0.00,     0.00,     0.00,     0.00,     0.00,     0.00,     0.00,     0.00,    27.96,  -999.99
cty,15171,KY: Monroe County,1987,09,PRCP,     0.00,     0.00,     0.00,     0.00,     0.00,     0.00,     0.00,     3.32,    11.56,     0.00,     3.59,     7.56,     2.83,     3.72,     0.00,     0.00,     3.77,     2.77,     5.48,     3.79,     0.00,     0.00,     0.00,     0.00,     0.00,     0.00,     0.00,     0.00,     0.00,    31.55,  -999.99
cty,15173,KY: Montgomery County,1987,09,PRCP,     0.00,     0.00,     0.00,     0.00,     0.00,     0.00,     0.00,     0.92,     0.00,     0.00,     2.86,     6.41,     4.46,     0.00,     0.00,     0.00,     3.06,     0.46,     1.79,     1.90,     0.00,     0.00,     0.00,     0.00,     0.00,     0.00,     0.00,     0.00,     0.00,    20.79,  -999.99
cty,15175,KY: Morgan County,1987,09,PRCP,     0.11,     0.00,     0.00,     0.00,     0.00,     0.00,     2.73,     4.87,     0.00,     0.00,     1.37,    10.36,     5.02,     0.42,     0.00,     0.00,     0.00,     2.44,     0.84,     2.97,     0.00,     0.00,     0.00,     0.00,     0.00,     0.00,     0.00,     0.00,     0.00,    25.58,  -999.99
cty,15177,KY: Muhlenberg County,1987,09,PRCP,     0.00,     0.00,     0.00,     0.00,     0.00,     0.00,     0.00,     3.02,     0.17,     0.00,     0.00,     4.31,     0.00,     0.00,     0.01,     0.40,    15.74,     1.57,     1.98,     0.01,     0.00,     0.00,     0.00,     0.00,     0.00,     0.00,     0.00,     0.00,     0.54,    16.48,  -999.99
cty,15179,KY: Nelson County,1987,09,PRCP,     0.00,     0.00,     0.00,     0.00,     0.00,     0.00,     0.00,     0.00,     5.84,     0.00,     2.39,     3.11,     3.33,     0.00,     0.00,     0.00,    10.34,     1.82,     1.99,     0.00,     0.00,     0.00,     0.00,     0.00,     0.00,     0.00,     0.00,     0.00,     0.00,    19.10,  -999.99
cty,15181,KY: Nicholas County,1987,09,PRCP,     0.00,     0.00,     0.00,     0.00,     0.00,     0.00,     0.00,     0.00,     0.00,     0.00,     2.93,     6.68,     5.27,     1.85,     0.00,     0.00,     5.74,     1.97,     2.20,     1.80,     0.00,     0.00,     0.00,     0.00,     0.00,     0.00,     0.00,     0.00,     0.00,    20.50,  -999.99
cty,15183,KY: Ohio County,1987,09,PRCP,     0.00,     0.00,     0.00,     0.00,     0.00,     0.00,     0.00,     1.53,     2.84,     0.00,     0.09,     3.07,     0.00,     0.01,     0.00,     0.00,    16.42,     1.58,     1.55,     0.01,     0.00,     0.00,     0.00,     0.00,     0.00,     0.00,     0.00,     0.00,     0.04,    15.31,  -999.99
cty,15185,KY: Oldham County,1987,09,PRCP,     0.00,     0.00,     0.00,     0.00,     0.00,     0.00,     0.00,     0.00,     2.64,     0.00,     1.62,     3.18,     4.11,     0.00,     0.00,     0.00,    13.13,     1.29,     1.47,     0.13,     0.05,     0.00,     0.07,     0.00,     0.00,     0.00,     0.00,     0.00,     0.00,    14.93,  -999.99
cty,15187,KY: Owen County,1987,09,PRCP,     0.00,     0.00,     0.00,     0.00,     0.00,     0.00,     0.00,     0.00,     0.68,     0.00,     1.83,     5.85,     7.79,     0.00,     0.00,     0.00,    13.66,     1.99,     2.35,     0.00,     0.00,     0.00,     0.00,     0.00,     0.00,     0.00,     0.00,     0.00,     0.00,    20.12,  -999.99
cty,15189,KY: Owsley County,1987,09,PRCP,     0.00,     0.00,     0.00,     0.00,     0.00,     0.00,     1.79,     3.58,     0.00,     0.00,     3.10,    12.53,     7.25,     0.00,     0.00,     0.00,     0.00,     0.00,     1.69,     5.40,     0.00,     0.00,     0.16,     0.00,     0.00,     0.00,     0.00,     0.00,     0.00,    27.55,  -999.99
cty,15191,KY: Pendleton County,1987,09,PRCP,     0.00,     0.00,     0.00,     0.00,     0.00,     0.00,     0.00,     0.00,     0.00,     0.00,     1.18,     5.35,     4.80,     0.00,     0.00,     0.00,     7.97,     1.84,     1.91,     0.49,     0.00,     0.00,     0.00,     0.00,     0.00,     0.00,     0.00,     0.00,     0.00,    14.51,  -999.99
cty,15193,KY: Perry County,1987,09,PRCP,     0.04,     0.00,     0.00,     0.00,     0.00,     0.30,     2.90,     7.49,     0.04,     0.00,     1.16,    17.81,    12.75,     0.03,     0.00,     0.00,     0.03,     1.18,     0.13,     9.54,     0.01,     0.00,     0.04,     0.00,     0.00,     0.00,     0.00,     0.00,     0.00,    25.30,  -999.99
cty,15195,KY: Pike County,1987,09,PRCP,     0.00,     0.00,     0.00,     0.00,     0.00,     3.86,     4.67,    17.59,     0.00,     0.00,     0.00,    18.40,    14.31,     0.30,     0.00,     0.00,     0.00,     1.93,     0.00,    10.36,     0.00,     0.00,     0.00,     0.00,     0.00,     0.00,     0.00,     0.00,     0.00,    18.22,  -999.99
cty,15197,KY: Powell County,1987,09,PRCP,     0.05,     0.00,     0.00,     0.00,     0.00,     0.00,     0.00,     2.50,     0.00,     0.00,     3.31,     8.65,     5.49,     0.00,     0.00,     0.00,     2.26,     0.19,     1.82,     2.89,     0.00,     0.00,     0.00,     0.00,     0.00,     0.00,     0.00,     0.00,     0.23,    26.03,  -999.99
cty,15199,KY: Pulaski County,1987,09,PRCP,     1.92,     0.00,     0.00,     0.00,     0.00,     0.00,     0.00,     2.12,     7.27,     0.00,     3.63,     8.81,     5.91,     0.00,     0.00,     0.00,     1.25,     0.00,     2.88,     6.85,     0.00,     0.00,     0.00,     0.00,     0.00,     0.00,     0.00,     0.00,     0.00,    31.31,  -999.99
cty,15201,KY: Robertson County,1987,09,PRCP,     0.00,     0.00,     0.00,     0.00,     0.00,     0.00,     0.00,     0.00,     0.00,     0.00,     2.86,     7.18,     5.76,     0.40,     0.00,     0.00,     7.32,     2.29,     2.35,     1.77,     0.00,     0.00,     0.00,     0.00,     0.00,     0.00,     0.00,     0.00,     0.00,    20.11,  -999.99
cty,15203,KY: Rockcastle County,1987,09,PRCP,     2.03,     0.00,     0.00,     0.00,     0.00,     0.00,     0.02,     2.18,     3.54,     0.00,     3.67,     8.72,     5.48,     0.14,     0.00,     0.00,     1.31,     0.10,     2.34,     4.41,     0.00,     0.00,     0.00,     0.00,     0.00,     0.00,     0.00,     0.00,     0.02,    28.60,  -999.99
cty,15205,KY: Rowan County,1987,09,PRCP,     0.00,     0.00,     0.00,     0.00,     0.00,     0.00,     0.55,     3.08,     0.00,     0.00,     1.89,     8.07,     4.14,     1.15,     0.00,     0.00,     1.96,     2.64,     1.55,     2.16,     0.00,     0.00,     0.00,     0.00,     0.00,     0.00,     0.00,     0.00,     0.13,    22.96,  -999.99
cty,15207,KY: Russell County,1987,09,PRCP,     0.66,     0.00,     0.00,     0.00,     0.00,     0.00,     0.00,     1.62,    10.63,     0.00,     3.11,     6.56,     4.24,     1.54,     0.00,     0.00,     2.32,     0.27,     3.51,     5.97,     0.00,     0.00,     0.00,     0.00,     0.00,     0.00,     0.00,     0.00,     0.00,    30.06,  -999.99
cty,15209,KY: Scott County,1987,09,PRCP,     0.00,     0.00,     0.00,     0.00,     0.00,     0.00,     0.00,     0.20,     0.00,     0.00,     2.42,     5.73,     6.97,     0.00,     0.00,     0.00,     9.79,     1.77,     2.37,     0.17,     0.00,     0.00,     0.00,     0.00,     0.00,     0.00,     0.00,     0.00,     0.00,    20.67,  -999.99
cty,15211,KY: Shelby County,1987,09,PRCP,     0.00,     0.00,     0.00,     0.00,     0.00,     0.00,     0.00,     0.00,     2.47,     0.00,     2.24,     4.35,     6.09,     0.08,     0.00,     0.00,    14.12,     1.77,     2.07,     0.00,     0.00,     0.00,     0.00,     0.00,     0.00,     0.00,     0.00,     0.00,     0.00,    20.28,  -999.99
cty,15213,KY: Simpson County,1987,09,PRCP,     0.00,     0.00,     0.00,     0.00,     0.00,     0.00,     0.00,     5.70,     4.46,     0.00,     3.01,     9.49,     0.15,     3.74,     0.00,     0.00,     8.59,     3.99,     5.45,     0.00,     0.00,     0.00,     0.00,     0.00,     0.00,     0.00,     0.00,     0.00,     0.00,    30.20,  -999.99
cty,15215,KY: Spencer County,1987,09,PRCP,     0.00,     0.00,     0.00,     0.00,     0.00,     0.00,     0.00,     0.00,     3.82,     0.00,     2.47,     3.84,     4.92,     0.00,     0.00,     0.00,    13.32,     1.82,     2.04,     0.00,     0.00,     0.00,     0.00,     0.00,     0.00,     0.00,     0.00,     0.00,     0.00,    21.04,  -999.99
cty,15217,KY: Taylor County,1987,09,PRCP,     0.36,     0.00,     0.00,     0.00,     0.00,     0.00,     0.02,     1.07,    13.88,     0.00,     3.43,     4.80,     3.87,     0.65,     0.00,     0.00,     6.70,     2.51,     3.24,     2.65,     0.00,     0.00,     0.00,     0.00,     0.00,     0.00,     0.00,     0.00,     0.00,    29.36,  -999.99
cty,15219,KY: Todd County,1987,09,PRCP,     0.00,     0.00,     0.00,     0.00,     0.00,     0.00,     0.00,     4.55,     0.00,     0.00,     1.31,     8.12,     0.00,     0.00,     0.00,     0.00,    11.75,     3.07,     3.63,     0.00,     0.00,     0.00,     0.00,     0.00,     0.00,     0.00,     0.00,     0.00,     0.40,    21.14,  -999.99
cty,15221,KY: Trigg County,1987,09,PRCP,     0.00,     0.00,     0.00,     0.00,     0.00,     0.00,     0.00,     2.57,     0.00,     0.00,     0.00,     3.65,     0.00,     0.00,     0.00,     3.98,    13.99,     0.03,     1.87,     0.00,     0.00,     0.00,     0.00,     0.00,     0.00,     0.00,     0.00,     0.00,     5.30,    11.49,  -999.99
cty,15223,KY: Trimble County,1987,09,PRCP,     0.00,     0.00,     0.00,     0.00,     0.00,     0.00,     0.00,     0.00,     2.28,     0.00,     1.22,     3.11,     3.88,     0.00,     0.00,     0.00,    11.23,     1.21,     1.39,     0.00,     0.00,     0.00,     0.00,     0.00,     0.00,     0.00,     0.00,     0.00,     0.00,    12.84,  -999.99
cty,15225,KY: Union County,1987,09,PRCP,     0.00,     0.00,     0.00,     0.00,     0.00,     0.00,     0.00,     0.07,     0.00,     0.00,     0.00,     0.77,     0.00,     0.00,     0.00,     3.94,    16.89,     0.00,     0.00,     0.00,     0.00,     0.00,     0.00,     0.00,     0.00,     0.00,     0.00,     0.00,     9.93,     5.52,  -999.99
cty,15227,KY: Warren County,1987,09,PRCP,     0.00,     0.00,     0.00,     0.00,     0.00,     0.00,     0.05,     5.92,     8.04,     0.00,     2.64,     7.03,     1.27,     3.97,     0.02,     0.00,    11.91,     4.33,     4.37,     0.00,     0.00,     0.00,     0.00,     0.00,     0.00,     0.00,     0.00,     0.00,     0.00,    30.26,  -999.99
cty,15229,KY: Washington County,1987,09,PRCP,     0.21,     0.00,     0.00,     0.00,     0.00,     0.00,     0.00,     0.60,     3.75,     0.00,     2.12,     3.11,     3.48,     0.00,     0.00,     0.00,     6.60,     1.38,     1.82,     0.53,     0.00,     0.00,     0.00,     0.00,     0.00,     0.00,     0.00,     0.00,     0.00,    17.84,  -999.99
cty,15231,KY: Wayne County,1987,09,PRCP,     0.05,     0.00,     0.00,     0.00,     0.00,     0.00,     0.00,     2.21,    11.25,     0.00,     3.71,    10.47,     6.55,     2.41,     0.00,     0.00,     0.37,     0.00,     4.49,    10.33,     0.00,     0.00,     0.04,     0.00,     0.00,     0.00,     0.00,     0.00,     0.00,    36.82,  -999.99
cty,15233,KY: Webster County,1987,09,PRCP,     0.00,     0.00,     0.00,     0.00,     0.00,     0.00,     0.00,     1.28,     0.00,     0.00,     0.00,     2.12,     0.00,     0.00,     0.00,     2.70,    12.23,     0.00,     0.40,     0.00,     0.00,     0.00,     0.00,     0.00,     0.00,     0.00,     0.00,     0.00,     4.66,     6.85,  -999.99
cty,15235,KY: Whitley County,1987,09,PRCP,     0.71,     0.00,     0.00,     0.00,     0.00,     0.00,     1.91,     3.14,     5.83,     0.00,     2.76,    14.28,     8.52,     0.09,     0.00,     0.00,     0.00,     0.13,     2.72,     9.72,     0.00,     0.00,     0.00,     0.00,     0.00,     0.00,     0.00,     0.00,     0.00,    27.55,  -999.99
cty,15237,KY: Wolfe County,1987,09,PRCP,     0.00,     0.00,     0.00,     0.00,     0.00,     0.00,     2.20,     3.99,     0.00,     0.00,     3.19,    11.10,     6.22,     0.00,     0.00,     0.00,     0.33,     1.26,     1.48,     4.00,     0.00,     0.00,     0.05,     0.01,     0.00,     0.00,     0.00,     0.00,     0.00,    27.45,  -999.99
cty,15239,KY: Woodford County,1987,09,PRCP,     0.00,     0.00,     0.00,     0.00,     0.00,     0.00,     0.00,     0.00,     0.78,     0.00,     2.15,     4.11,     5.25,     0.43,     0.00,     0.00,     7.02,     1.27,     1.86,     0.38,     0.00,     0.00,     0.00,     0.00,     0.00,     0.00,     0.00,     0.00,     0.00,    17.94,  -999.99
cty,16001,LA: Acadia Parish,1987,09,PRCP,     3.15,     0.00,     0.00,     0.00,     0.00,     0.00,     0.00,     0.00,     0.12,     3.05,     4.32,    16.52,     9.18,     0.05,     0.00,     0.04,    15.60,     2.67,    22.48,     4.36,     0.00,     0.00,     0.00,     0.00,     0.00,     0.00,     0.00,     0.00,     0.17,     0.17,  -999.99
cty,16003,LA: Allen Parish,1987,09,PRCP,     2.81,     0.00,     0.00,     0.00,     0.00,     0.00,     0.00,     0.02,     0.00,     2.29,     6.37,    13.82,     5.24,     0.95,     0.00,     0.15,    22.36,     2.02,    17.06,     1.47,     0.00,     0.00,     0.00,     0.00,     0.00,     0.00,     0.00,     0.00,     0.36,     0.00,  -999.99
cty,16005,LA: Ascension Parish,1987,09,PRCP,     2.05,     0.00,     0.00,     0.00,     0.00,     0.00,     0.00,     0.00,     0.00,     0.47,     0.00,     8.81,     0.48,     0.00,     0.00,     0.00,     6.93,     7.32,    20.81,     6.31,     0.00,     0.00,     0.00,     0.00,     0.00,     0.00,     0.00,     0.00,     0.00,     0.00,  -999.99
cty,16007,LA: Assumption Parish,1987,09,PRCP,     2.05,     0.00,     0.00,     0.00,     0.00,     0.00,     0.00,     0.00,     0.00,     0.00,     0.00,    11.37,     4.43,     0.00,     0.00,     0.04,     8.34,     6.13,    23.53,     9.27,     0.00,     0.00,     0.00,     0.00,     0.00,     0.00,     0.00,     0.00,     0.00,     1.11,  -999.99
cty,16009,LA: Avoyelles Parish,1987,09,PRCP,     3.76,     0.00,     0.00,     0.00,     0.00,     0.00,     0.00,     0.00,     0.00,     0.35,     9.93,    23.02,     0.96,     0.11,     0.00,     0.00,    12.02,    10.17,    38.28,     3.84,     0.00,     0.00,     0.00,     0.00,     0.00,     0.00,     0.00,     0.00,     0.11,     0.00,  -999.99
cty,16011,LA: Beauregard Parish,1987,09,PRCP,     2.12,     0.00,     0.00,     0.00,     0.00,     0.00,     0.00,     0.00,     0.07,     2.58,     8.29,    11.05,     6.44,     2.48,     0.00,     0.01,    34.60,     1.84,    17.82,     0.40,     0.00,     0.00,     0.00,     0.00,     0.00,     0.00,     0.00,     0.00,     2.23,     0.00,  -999.99
cty,16013,LA: Bienville Parish,1987,09,PRCP,     0.00,     0.00,     0.00,     0.00,     0.00,     0.00,     0.00,     0.00,     0.00,     0.00,    13.00,    11.68,     0.00,     0.00,     0.00,     7.29,     3.09,     0.00,    33.89,     0.00,     0.00,     0.00,     0.00,     0.00,     0.00,     0.00,     0.00,     0.00,     3.86,     0.00,  -999.99
cty,16015,LA: Bossier Parish,1987,09,PRCP,     0.00,     0.00,     0.00,     0.00,     0.00,     0.00,     0.00,     0.01,     0.00,     0.02,     6.45,     4.86,     0.00,     0.01,     0.00,    12.05,     0.02,     0.00,    20.82,     0.00,     0.00,     0.00,     0.00,     0.00,     0.00,     0.00,     0.00,     0.00,     5.60,     0.00,  -999.99
cty,16017,LA: Caddo Parish,1987,09,PRCP,     0.01,     0.00,     0.00,     0.00,     0.00,     0.00,     0.00,     0.00,     0.00,     0.02,     9.88,     5.08,     0.51,     0.34,     0.00,    19.06,     0.00,     0.02,    18.56,     0.00,     0.00,     0.00,     0.00,     0.00,     0.00,     0.00,     0.00,     0.00,     7.32,     0.00,  -999.99
cty,16019,LA: Calcasieu Parish,1987,09,PRCP,     3.10,     0.00,     0.00,     0.00,     0.00,     0.00,     0.00,     0.00,     0.11,     4.30,    10.34,    14.82,    15.51,     2.60,     0.00,     0.00,    39.64,     2.36,    25.21,     1.61,     0.00,     0.00,     0.00,     0.00,     0.00,     0.00,     0.00,     0.00,     6.11,     0.02,  -999.99
cty,16021,LA: Caldwell Parish,1987,09,PRCP,     0.36,     0.00,     0.00,     0.00,     0.00,     0.00,     0.00,     0.00,     0.00,     0.17,     8.59,    10.52,     0.00,     0.00,     0.00,     0.00,     1.27,     2.83,    18.99,     0.00,     0.00,     0.00,     0.00,     0.00,     0.00,     0.00,     0.00,     0.00,     0.00,     0.00,  -999.99
cty,16023,LA: Cameron Parish,1987,09,PRCP,     2.85,     0.00,     0.00,     0.00,     0.00,     0.00,     0.00,     0.00,     0.43,     4.15,     7.77,    14.68,    18.57,     1.18,     0.00,     0.00,    27.21,     2.10,    24.35,     3.34,     0.00,     0.00,     0.00,     0.00,     0.00,     0.00,     0.00,     0.00,     7.94,     0.00,  -999.99
cty,16025,LA: Catahoula Parish,1987,09,PRCP,     1.54,     0.00,     0.00,     0.00,     0.00,     0.00,     0.00,     0.00,     0.00,     0.00,     7.90,    14.49,     0.00,     0.00,     0.00,     0.00,     3.05,     7.51,    22.92,     0.54,     0.00,     0.00,     0.00,     0.00,     0.00,     0.00,     0.00,     0.00,     0.00,     0.00,  -999.99
cty,16027,LA: Claiborne Parish,1987,09,PRCP,     0.00,     0.00,     0.00,     0.00,     0.00,     0.00,     0.00,     0.00,     0.00,     0.00,     4.31,     3.68,     0.00,     0.00,     0.00,     3.16,     0.00,     0.00,    16.49,     0.00,     0.00,     0.00,     0.00,     0.00,     0.00,     0.00,     0.00,     0.00,     1.84,     0.00,  -999.99
cty,16029,LA: Concordia Parish,1987,09,PRCP,     1.98,     0.00,     0.00,     0.00,     0.00,     0.00,     0.00,     0.00,     0.00,     0.22,     6.85,    14.73,     0.09,     0.00,     0.00,     0.04,     3.17,     9.35,    27.37,     1.49,     0.00,     0.00,     0.00,     0.00,     0.00,     0.00,     0.00,     0.00,     0.00,     0.00,  -999.99
cty,16031,LA: De Soto Parish,1987,09,PRCP,     0.69,     0.00,     0.00,     0.00,     0.00,     0.00,     0.00,     0.00,     0.00,     0.39,    16.68,     7.35,     3.32,     2.28,     0.00,    21.10,     6.69,     0.00,    17.70,     0.00,     0.00,     0.00,     0.00,     0.00,     0.00,     0.00,     0.00,     0.00,     5.21,     0.00,  -999.99
cty,16033,LA: East Baton Rouge Parish,1987,09,PRCP,     1.52,     0.00,     0.00,     0.00,     0.00,     0.00,     0.02,     0.00,     0.00,     0.00,     0.00,     5.77,     0.08,     0.00,     0.00,     0.00,     4.35,     5.03,    15.49,     3.30,     0.00,     0.00,     0.00,     0.00,     0.00,     0.00,     0.00,     0.00,     0.00,     0.00,  -999.99
cty,16035,LA: East Carroll Parish,1987,09,PRCP,     0.01,     0.00,     0.00,     0.00,     0.00,     0.00,     0.00,     0.00,     0.60,     2.86,     7.83,     8.50,     0.00,     0.01,     0.00,     0.00,     0.00,     0.00,    19.93,     0.00,     0.00,     0.00,     0.00,     0.00,     0.00,     0.00,     0.00,     0.00,     0.00,     0.00,  -999.99
cty,16037,LA: East Feliciana Parish,1987,09,PRCP,     1.80,     0.00,     0.00,     0.00,     0.00,     0.00,     0.00,     0.00,     0.00,     0.00,     0.00,     6.66,     0.00,     0.00,     0.00,     0.00,     3.67,     6.36,    17.33,     2.72,     0.00,     0.00,     0.00,     0.00,     0.00,     0.00,     0.00,     0.00,     0.00,     0.00,  -999.99
cty,16039,LA: Evangeline Parish,1987,09,PRCP,     2.14,     0.00,     0.00,     0.00,     0.00,     0.00,     0.00,     0.00,     0.03,     1.53,     4.38,    11.49,     3.42,     0.00,     0.00,     0.06,    11.35,     2.56,    15.50,     1.80,     0.00,     0.00,     0.00,     0.00,     0.00,     0.00,     0.00,     0.00,     0.00,     0.00,  -999.99
cty,16041,LA: Franklin Parish,1987,09,PRCP,     0.17,     0.00,     0.00,     0.00,     0.00,     0.00,     0.00,     0.00,     0.00,     0.05,     8.18,    12.20,     0.00,     0.00,     0.00,     0.00,     0.00,     3.79,    22.59,     0.00,     0.00,     0.00,     0.00,     0.00,     0.00,     0.00,     0.00,     0.00,     0.00,     0.00,  -999.99
cty,16043,LA: Grant Parish,1987,09,PRCP,     1.06,     0.00,     0.00,     0.00,     0.00,     0.00,     0.00,     0.00,     0.00,     0.00,     9.26,    13.91,     0.00,     0.00,     0.00,     0.00,    11.11,     4.63,    20.36,     0.07,     0.00,     0.00,     0.00,     0.00,     0.00,     0.00,     0.00,     0.00,     0.10,     0.00,  -999.99
cty,16045,LA: Iberia Parish,1987,09,PRCP,     1.78,     0.00,     0.00,     0.00,     0.00,     0.00,     0.00,     0.00,     0.00,     1.52,     0.34,    10.53,     7.34,     0.00,     0.00,     0.00,     8.02,     2.96,    19.22,     6.53,     0.00,     0.00,     0.00,     0.00,     0.00,     0.00,     0.00,     0.00,     0.00,     0.00,  -999.99
cty,16047,LA: Iberville Parish,1987,09,PRCP,     1.37,     0.00,     0.00,     0.00,     0.00,     0.00,     0.00,     0.00,     0.00,     0.02,     0.00,     6.11,     2.55,     0.00,     0.00,     0.00,     5.80,     3.72,    15.80,     4.25,     0.00,     0.00,     0.00,     0.00,     0.00,     0.00,     0.00,     0.00,     0.00,     0.00,  -999.99
cty,16049,LA: Jackson Parish,1987,09,PRCP,     0.01,     0.00,     0.00,     0.00,     0.00,     0.00,     0.00,     0.00,     0.00,     0.00,    16.78,    15.84,     0.00,     0.00,     0.00,     0.05,     2.60,     0.00,    38.40,     0.00,     0.00,     0.00,     0.00,     0.00,     0.00,     0.00,     0.00,     0.00,     0.48,     0.00,  -999.99
cty,16051,LA: Jefferson Parish,1987,09,PRCP,     4.07,     0.52,     0.00,     0.00,     0.00,     0.00,     0.00,     0.00,     0.00,     0.00,     0.00,    12.62,     5.33,     0.00,     0.00,     0.00,     6.04,     8.11,    17.07,     7.86,     0.00,     0.00,     0.00,     0.00,     0.00,     0.00,     0.00,     0.00,     0.00,    12.05,  -999.99
cty,16053,LA: Jefferson Davis Parish,1987,09,PRCP,     3.87,     0.00,     0.00,     0.00,     0.00,     0.00,     0.00,     0.00,     0.06,     3.69,     6.57,    18.72,    11.75,     0.47,     0.00,     0.00,    25.70,     2.33,    24.56,     3.55,     0.00,     0.00,     0.00,     0.00,     0.00,     0.00,     0.00,     0.00,     2.55,     0.00,  -999.99
cty,16055,LA: Lafayette Parish,1987,09,PRCP,     1.97,     0.00,     0.00,     0.00,     0.00,     0.00,     0.00,     0.00,     0.00,     2.12,     2.21,    11.08,     6.58,     0.07,     0.00,     0.04,     8.69,     2.48,    17.77,     4.36,     0.00,     0.00,     0.00,     0.00,     0.00,     0.00,     0.00,     0.00,     0.00,     0.34,  -999.99
cty,16057,LA: Lafourche Parish,1987,09,PRCP,     4.37,     1.61,     0.00,     0.00,     0.00,     0.00,     0.00,     0.12,     0.00,     0.00,     0.03,    18.33,     7.82,     0.00,     0.00,     0.00,     8.50,     8.37,    25.52,    13.38,     0.00,     0.00,     0.00,     0.00,     0.00,     0.00,     0.00,     0.00,     0.16,    12.26,  -999.99
cty,16059,LA: La Salle Parish,1987,09,PRCP,     1.24,     0.00,     0.00,     0.00,     0.00,     0.00,     0.00,     0.00,     0.00,     0.00,     7.56,    12.64,     0.00,     0.02,     0.00,     0.00,     4.12,     5.82,    17.29,     0.17,     0.01,     0.00,     0.00,     0.00,     0.00,     0.00,     0.00,     0.00,     0.00,     0.02,  -999.99
cty,16061,LA: Lincoln Parish,1987,09,PRCP,     0.02,     0.00,     0.00,     0.00,     0.00,     0.00,     0.00,     0.00,     0.00,     0.00,    14.48,    11.50,     0.00,     0.00,     0.00,     1.79,     0.00,     0.00,    38.15,     0.00,     0.00,     0.00,     0.00,     0.00,     0.00,     0.00,     0.00,     0.00,     1.59,     0.00,  -999.99
cty,16063,LA: Livingston Parish,1987,09,PRCP,     2.61,     0.00,     0.00,     0.00,     0.00,     0.00,     0.00,     0.00,     0.00,     0.00,     0.00,     9.94,     0.00,     0.00,     0.00,     0.00,     6.77,    11.25,    22.57,     5.74,     0.00,     0.00,     0.00,     0.00,     0.00,     0.00,     0.00,     0.00,     0.00,     0.21,  -999.99
cty,16065,LA: Madison Parish,1987,09,PRCP,     0.00,     0.00,     0.00,     0.00,     0.00,     0.00,     0.00,     0.00,     2.13,     4.60,     8.97,    15.31,     0.00,     0.00,     0.00,     0.00,     0.00,     2.72,    29.06,     0.00,     0.00,     0.00,     0.00,     0.00,     0.00,     0.00,     0.00,     0.00,     0.00,     0.00,  -999.99
cty,16067,LA: Morehouse Parish,1987,09,PRCP,     0.00,     0.00,     0.00,     0.00,     0.00,     0.00,     0.00,     0.00,     0.10,     0.00,    11.20,     8.24,     0.00,     0.00,     0.00,     0.00,     0.00,     0.00,    25.14,     0.00,     0.00,     0.00,     0.00,     0.00,     0.00,     0.00,     0.00,     0.00,     0.00,     0.00,  -999.99
cty,16069,LA: Natchitoches Parish,1987,09,PRCP,     0.11,     0.00,     0.00,     0.00,     0.00,     0.00,     0.00,     0.00,     0.00,     0.00,    11.64,    11.84,     0.93,     0.86,     0.00,     2.17,    17.82,     0.15,    22.51,     0.00,     0.00,     0.00,     0.00,     0.00,     0.00,     0.00,     0.00,     0.00,     2.21,     0.00,  -999.99
cty,16071,LA: Orleans Parish,1987,09,PRCP,     3.46,     0.00,     0.00,     0.00,     0.00,     0.00,     0.00,     0.00,     0.00,     0.00,     0.00,     9.95,     1.77,     0.00,     0.00,     0.00,     4.25,     9.57,    14.13,     5.94,     0.00,     0.00,     0.00,     0.00,     0.00,     0.00,     0.00,     0.00,     0.00,    10.83,  -999.99
cty,16073,LA: Ouachita Parish,1987,09,PRCP,     0.12,     0.00,     0.00,     0.00,     0.00,     0.00,     0.00,     0.00,     0.28,     0.00,    14.98,    12.63,     0.00,     0.00,     0.00,     0.00,     0.00,     0.00,    32.92,     0.00,     0.00,     0.00,     0.00,     0.00,     0.00,     0.00,     0.00,     0.00,     0.00,     0.00,  -999.99
cty,16075,LA: Plaquemines Parish,1987,09,PRCP,     7.14,     5.73,     2.24,     0.00,     0.00,     0.00,     0.00,     2.31,     1.15,     0.00,     0.00,    18.27,    19.55,     0.00,     0.00,     0.00,     3.16,     6.38,    15.24,    13.53,     0.28,     0.00,     0.00,     0.00,     0.00,     0.00,     0.00,     0.00,     3.38,    22.04,  -999.99
cty,16077,LA: Pointe Coupee Parish,1987,09,PRCP,     1.79,     0.00,     0.00,     0.00,     0.00,     0.00,     0.00,     0.00,     0.00,     0.14,     1.47,     8.09,     1.55,     0.00,     0.00,     0.02,     4.94,     4.54,    18.60,     3.19,     0.00,     0.00,     0.00,     0.00,     0.00,     0.00,     0.00,     0.00,     0.00,     0.00,  -999.99
cty,16079,LA: Rapides Parish,1987,09,PRCP,     1.95,     0.00,     0.00,     0.00,     0.00,     0.00,     0.00,     0.02,     0.00,     0.06,     7.82,    14.57,     0.88,     0.40,     0.00,     0.00,    15.47,     4.13,    20.14,     1.12,     0.00,     0.00,     0.00,     0.00,     0.00,     0.00,     0.00,     0.00,     0.03,     0.00,  -999.99
cty,16081,LA: Red River Parish,1987,09,PRCP,     0.00,     0.00,     0.00,     0.00,     0.00,     0.00,     0.00,     0.00,     0.00,     0.00,    12.14,     8.92,     0.37,     0.00,     0.00,     9.95,     7.90,     0.00,    22.79,     0.00,     0.00,     0.00,     0.00,     0.00,     0.00,     0.00,     0.00,     0.00,     3.67,     0.00,  -999.99
cty,16083,LA: Richland Parish,1987,09,PRCP,     0.00,     0.00,     0.00,     0.00,     0.00,     0.00,     0.00,     0.00,     0.00,     1.37,    10.82,    12.37,     0.00,     0.00,     0.00,     0.00,     0.00,     0.23,    26.73,     0.00,     0.00,     0.00,     0.00,     0.00,     0.00,     0.00,     0.00,     0.00,     0.00,     0.00,  -999.99
cty,16085,LA: Sabine Parish,1987,09,PRCP,     0.06,     0.00,     0.00,     0.00,     0.00,     0.00,     0.00,     0.00,     0.00,     0.00,    15.44,     9.47,     4.76,     4.19,     0.00,     7.21,    27.06,     0.03,    18.52,     0.00,     0.00,     0.00,     0.00,     0.00,     0.00,     0.00,     0.00,     0.00,     3.13,     0.00,  -999.99
cty,16087,LA: St. Bernard Parish,1987,09,PRCP,     4.21,     0.19,     0.00,     0.00,     0.00,     0.00,     0.00,     0.00,     0.00,     0.00,     0.00,    11.38,     9.61,     0.00,     0.00,     0.00,     1.84,     7.32,    12.05,     7.75,     0.00,     0.00,     0.00,     0.00,     0.00,     0.00,     0.00,     0.00,     1.40,    14.96,  -999.99
cty,16089,LA: St. Charles Parish,1987,09,PRCP,     2.86,     0.00,     0.00,     0.00,     0.00,     0.00,     0.00,     0.00,     0.00,     0.00,     0.07,    10.72,     0.84,     0.00,     0.00,     0.00,     5.85,     7.76,    17.14,     6.84,     0.00,     0.00,     0.00,     0.00,     0.00,     0.00,     0.00,     0.00,     0.00,     7.58,  -999.99
cty,16091,LA: St. Helena Parish,1987,09,PRCP,     2.90,     0.00,     0.00,     0.00,     0.00,     0.00,     0.00,     0.00,     0.00,     1.20,     0.00,    11.46,     0.00,     0.00,     0.00,     0.00,     6.08,    16.62,    24.23,     4.60,     0.00,     0.00,     0.00,     0.00,     0.00,     0.00,     0.00,     0.00,     0.33,     0.00,  -999.99
cty,16093,LA: St. James Parish,1987,09,PRCP,     2.12,     0.00,     0.00,     0.00,     0.00,     0.00,     0.00,     0.00,     0.00,     0.10,     0.00,    10.14,     0.95,     0.00,     0.00,     0.00,     6.92,     7.28,    20.83,     7.50,     0.00,     0.00,     0.00,     0.00,     0.00,     0.00,     0.00,     0.00,     0.00,     1.65,  -999.99
cty,16095,LA: St. John the Baptist Parish,1987,09,PRCP,     2.00,     0.00,     0.00,     0.00,     0.00,     0.00,     0.00,     0.00,     0.00,     0.00,     0.00,     8.04,     0.13,     0.00,     0.00,     0.00,     4.91,     7.25,    15.06,     5.22,     0.00,     0.00,     0.00,     0.00,     0.00,     0.00,     0.00,     0.00,     0.00,     3.68,  -999.99
cty,16097,LA: St. Landry Parish,1987,09,PRCP,     1.90,     0.00,     0.00,     0.00,     0.00,     0.00,     0.00,     0.00,     0.02,     0.82,     2.81,     9.78,     3.46,     0.23,     0.00,     0.02,     7.31,     3.23,    16.98,     2.88,     0.00,     0.00,     0.00,     0.00,     0.00,     0.00,     0.00,     0.00,     0.00,     0.13,  -999.99
cty,16099,LA: St. Martin Parish,1987,09,PRCP,     1.70,     0.00,     0.00,     0.00,     0.00,     0.00,     0.00,     0.00,     0.00,     0.95,     0.37,     8.96,     4.76,     0.00,     0.00,     0.00,     7.41,     3.45,    18.46,     5.47,     0.00,     0.00,     0.00,     0.00,     0.00,     0.00,     0.00,     0.00,     0.00,     0.00,  -999.99
cty,16101,LA: St. Mary Parish,1987,09,PRCP,     1.51,     0.00,     0.00,     0.00,     0.00,     0.00,     0.00,     0.00,     0.00,     0.18,     0.09,     9.08,     5.32,     0.00,     0.00,     0.00,     6.47,     3.04,    16.74,     6.88,     0.00,     0.00,     0.00,     0.00,     0.00,     0.00,     0.00,     0.00,     0.00,     0.82,  -999.99
cty,16103,LA: St. Tammany Parish,1987,09,PRCP,     2.55,     0.00,     0.00,     0.00,     0.00,     0.00,     0.00,     0.00,     0.00,     0.07,     0.00,     7.86,     0.00,     0.00,     0.00,     0.00,     2.76,    11.20,    12.21,     4.77,     0.00,     0.00,     0.00,     0.00,     0.00,     0.00,     0.00,     0.00,     0.00,     5.58,  -999.99
cty,16105,LA: Tangipahoa Parish,1987,09,PRCP,     3.03,     0.00,     0.00,     0.00,     0.00,     0.00,     0.00,     0.00,     0.00,     1.92,     0.14,    11.55,     0.00,     0.00,     0.00,     0.00,     6.18,    18.52,    21.16,     5.38,     0.00,     0.00,     0.00,     0.00,     0.00,     0.00,     0.00,     0.00,     0.50,     1.16,  -999.99
cty,16107,LA: Tensas Parish,1987,09,PRCP,     0.28,     0.00,     0.00,     0.00,     0.00,     0.00,     0.00,     0.00,     0.16,     2.35,     6.29,    12.30,     0.00,     0.00,     0.00,     0.00,     0.00,     6.35,    22.79,     0.00,     0.00,     0.00,     0.00,     0.00,     0.00,     0.00,     0.00,     0.00,     0.00,     0.00,  -999.99
cty,16109,LA: Terrebonne Parish,1987,09,PRCP,     3.67,     0.07,     0.00,     0.00,     0.00,     0.00,     0.00,     0.00,     0.00,     0.00,     0.00,    20.63,     8.77,     0.00,     0.00,     0.00,     9.74,     7.15,    29.41,    16.21,     0.00,     0.00,     0.00,     0.00,     0.00,     0.00,     0.00,     0.00,     0.00,     9.94,  -999.99
cty,16111,LA: Union Parish,1987,09,PRCP,     0.00,     0.00,     0.00,     0.00,     0.00,     0.00,     0.00,     0.00,     0.57,     0.00,    13.74,     9.37,     0.00,     0.00,     0.00,     0.47,     0.00,     0.00,    35.25,     0.00,     0.00,     0.00,     0.00,     0.00,     0.00,     0.00,     0.00,     0.00,     0.43,     0.00,  -999.99
cty,16113,LA: Vermilion Parish,1987,09,PRCP,     2.37,     0.00,     0.00,     0.00,     0.00,     0.00,     0.00,     0.00,     0.01,     3.03,     2.23,    14.88,    12.28,     0.00,     0.00,     0.00,    10.82,     2.11,    21.03,     6.47,     0.00,     0.00,     0.00,     0.00,     0.00,     0.00,     0.00,     0.00,     1.16,     0.00,  -999.99
cty,16115,LA: Vernon Parish,1987,09,PRCP,     1.46,     0.00,     0.00,     0.00,     0.00,     0.00,     0.00,     0.01,     0.00,     0.37,    10.47,    13.19,     4.16,     3.14,     0.00,     0.00,    38.75,     0.78,    21.20,     0.08,     0.00,     0.00,     0.00,     0.00,     0.00,     0.00,     0.00,     0.00,     1.41,     0.00,  -999.99
cty,16117,LA: Washington Parish,1987,09,PRCP,     2.41,     0.00,     0.00,     0.00,     0.00,     0.00,     0.00,     0.00,     0.01,     1.04,     0.01,     8.15,     0.00,     0.00,     0.00,     0.00,     1.86,    14.22,    12.31,     4.11,     0.00,     0.00,     0.00,     0.00,     0.00,     0.00,     0.00,     0.00,     0.03,     2.73,  -999.99
cty,16119,LA: Webster Parish,1987,09,PRCP,     0.00,     0.00,     0.00,     0.00,     0.00,     0.00,     0.00,     0.00,     0.00,     0.04,     3.93,     3.47,     0.04,     0.00,     0.00,     5.47,     0.00,     0.00,    15.19,     0.00,     0.00,     0.00,     0.00,     0.00,     0.00,     0.00,     0.00,     0.00,     2.75,     0.00,  -999.99
cty,16121,LA: West Baton Rouge Parish,1987,09,PRCP,     1.17,     0.00,     0.00,     0.00,     0.00,     0.00,     0.00,     0.00,     0.00,     0.00,     0.00,     4.77,     1.14,     0.00,     0.00,     0.00,     3.97,     3.31,    12.86,     2.85,     0.00,     0.00,     0.00,     0.00,     0.00,     0.00,     0.00,     0.00,     0.00,     0.00,  -999.99
cty,16123,LA: West Carroll Parish,1987,09,PRCP,     0.00,     0.00,     0.00,     0.00,     0.00,     0.00,     0.00,     0.00,     0.00,     2.37,     8.14,     7.28,     0.00,     0.00,     0.00,     0.00,     0.00,     0.00,    18.64,     0.00,     0.00,     0.00,     0.00,     0.00,     0.00,     0.00,     0.00,     0.00,     0.00,     0.00,  -999.99
cty,16125,LA: West Feliciana Parish,1987,09,PRCP,     1.99,     0.00,     0.00,     0.00,     0.00,     0.00,     0.00,     0.00,     0.00,     0.13,     1.31,     8.63,     0.13,     0.00,     0.00,     0.05,     4.11,     6.06,    21.10,     3.09,     0.00,     0.00,     0.00,     0.00,     0.00,     0.00,     0.00,     0.00,     0.00,     0.00,  -999.99
cty,16127,LA: Winn Parish,1987,09,PRCP,     0.12,     0.00,     0.00,     0.00,     0.00,     0.00,     0.00,     0.00,     0.00,     0.00,    14.65,    17.78,     0.00,     0.00,     0.00,     0.04,    10.81,     3.53,    32.08,     0.00,     0.00,     0.00,     0.00,     0.00,     0.00,     0.00,     0.00,     0.00,     0.68,     0.00,  -999.99
cty,17001,ME: Androscoggin County,1987,09,PRCP,     3.23,     0.00,     0.00,     0.00,     0.00,     0.00,     0.00,     0.00,    28.21,     8.66,     0.00,     0.14,     2.58,    43.29,     0.00,     0.00,     0.22,     0.00,     0.00,     4.62,    42.26,     0.67,     0.00,     0.00,     0.00,     0.00,     0.62,     0.00,     0.00,     0.24,  -999.99
cty,17003,ME: Aroostook County,1987,09,PRCP,     2.03,     2.83,     0.59,     0.02,     0.00,     0.00,     0.00,     0.00,    10.16,    28.93,     1.47,     0.00,     3.08,    29.03,     0.56,     0.00,     7.40,     0.00,     0.00,     0.05,    16.93,    14.39,     1.50,     1.14,     0.00,     0.60,     2.63,     0.00,     0.01,     0.00,  -999.99
cty,17005,ME: Cumberland County,1987,09,PRCP,     3.34,     0.12,     0.00,     0.00,     0.00,     0.00,     0.00,     0.00,    27.48,     5.88,     0.08,     0.08,     1.75,    41.21,     0.00,     0.00,     0.00,     0.00,     1.18,     6.40,    40.04,     0.68,     0.01,     0.00,     0.00,     0.00,     0.53,     0.00,     0.00,     0.70,  -999.99
cty,17007,ME: Franklin County,1987,09,PRCP,     3.62,     0.42,     0.00,     0.00,     0.00,     0.00,     0.00,     0.00,    29.58,    14.43,     0.05,     1.54,    12.62,    39.61,     0.00,     0.00,     3.26,     0.00,     0.01,     2.32,    22.35,     1.03,     0.00,     0.33,     0.00,     0.68,     2.41,     0.00,     0.00,     0.00,  -999.99
cty,17009,ME: Hancock County,1987,09,PRCP,     1.22,     1.78,     0.00,     0.00,     0.00,     0.00,     0.00,     0.00,    16.50,    22.52,     0.04,     0.00,     0.00,    39.15,     0.09,     0.00,     6.01,     0.00,     0.00,     3.29,    78.86,     8.69,     0.05,     0.00,     0.00,     0.00,     0.25,     0.00,     0.00,     3.38,  -999.99
cty,17011,ME: Kennebec County,1987,09,PRCP,     3.18,     0.00,     0.00,     0.00,     0.00,     0.00,     0.00,     0.00,    25.93,    13.40,     0.00,     0.02,     2.93,    44.50,     0.00,     0.00,     1.81,     0.00,     0.00,     4.71,    51.08,     0.94,     0.00,     0.03,     0.00,     0.00,     0.51,     0.00,     0.00,     1.89,  -999.99
cty,17013,ME: Knox County,1987,09,PRCP,     3.68,     0.09,     0.00,     0.00,     0.00,     0.00,     0.00,     0.00,    26.63,    15.39,     0.00,     0.00,     0.45,    50.45,     0.00,     0.00,     2.92,     0.00,     0.00,     7.35,    83.40,     2.52,     0.00,     0.00,     0.00,     0.00,     0.00,     0.00,     0.00,     4.13,  -999.99
cty,17015,ME: Lincoln County,1987,09,PRCP,     3.94,     0.00,     0.00,     0.00,     0.00,     0.00,     0.00,     0.00,    27.37,    12.49,     0.00,     0.00,     0.74,    49.06,     0.00,     0.00,     1.38,     0.00,     0.00,     7.64,    70.27,     1.33,     0.00,     0.00,     0.00,     0.00,     0.00,     0.00,     0.00,     3.38,  -999.99
cty,17017,ME: Oxford County,1987,09,PRCP,     3.82,     0.04,     0.00,     0.00,     0.00,     0.00,     0.00,     0.01,    33.23,     8.62,     0.12,     1.57,    10.73,    39.71,     0.00,     0.00,     0.88,     0.00,     0.62,     3.33,    22.82,     0.71,     0.00,     0.15,     0.00,     0.67,     1.84,     0.00,     0.00,     0.01,  -999.99
cty,17019,ME: Penobscot County,1987,09,PRCP,     1.87,     3.06,     0.00,     0.00,     0.00,     0.00,     0.01,     0.02,    13.90,    26.49,     0.60,     0.06,     1.68,    34.80,     0.02,     0.01,     7.36,     0.00,     0.00,     1.28,    45.36,     8.92,     0.24,     0.10,     0.00,     0.00,     1.52,     0.00,     0.00,     1.17,  -999.99
cty,17021,ME: Piscataquis County,1987,09,PRCP,     2.54,     3.22,     0.02,     0.00,     0.00,     0.00,     0.00,     0.00,    17.51,    27.84,     0.65,     0.06,     5.50,    35.47,     0.00,     0.00,     7.90,     0.00,     0.00,     1.08,    28.96,     6.60,     0.26,     0.19,     0.00,     0.00,     3.01,     0.00,     0.00,     0.02,  -999.99
cty,17023,ME: Sagadahoc County,1987,09,PRCP,     3.74,     0.00,     0.00,     0.00,     0.00,     0.00,     0.00,     0.00,    26.88,     9.66,     0.00,     0.00,     0.99,    47.01,     0.00,     0.00,     0.00,     0.00,     0.00,     7.40,    58.85,     0.87,     0.00,     0.02,     0.00,     0.00,     0.13,     0.00,     0.00,     2.33,  -999.99
cty,17025,ME: Somerset County,1987,09,PRCP,     2.80,     1.18,     0.00,     0.00,     0.00,     0.00,     0.00,     0.00,    23.07,    20.75,     0.13,     0.24,     9.18,    35.56,     0.00,     0.00,     5.25,     0.00,     0.00,     1.71,    24.54,     2.52,     0.07,     0.20,     0.00,     0.06,     3.11,     0.00,     0.00,     0.10,  -999.99
cty,17027,ME: Waldo County,1987,09,PRCP,     2.87,     0.24,     0.00,     0.00,     0.00,     0.00,     0.00,     0.00,    22.61,    18.46,     0.00,     0.00,     2.03,    46.00,     0.00,     0.00,     3.54,     0.00,     0.00,     5.51,    68.27,     2.64,     0.00,     0.00,     0.00,     0.00,     0.02,     0.00,     0.00,     4.16,  -999.99
cty,17029,ME: Washington County,1987,09,PRCP,     0.34,     1.59,     0.00,     0.00,     0.00,     0.00,     0.00,     0.00,    11.72,    26.52,     0.38,     0.00,     0.00,    34.72,     1.18,     0.00,     6.96,     0.00,     0.00,     1.38,    71.47,    15.81,     0.32,     0.00,     0.00,     0.00,     0.40,     0.00,     0.00,     0.43,  -999.99
cty,17031,ME: York County,1987,09,PRCP,     4.17,     0.02,     0.00,     0.00,     0.00,     0.00,     0.06,     0.81,    30.31,     3.80,     0.20,     0.10,     1.00,    44.46,     0.00,     0.00,     0.00,     0.61,     5.78,    11.78,    35.97,     0.73,     0.00,     0.00,     0.00,     0.00,     0.34,     0.00,     0.00,     1.17,  -999.99
cty,18001,MD: Allegany County,1987,09,PRCP,     1.66,     0.00,     0.00,     0.00,     0.00,    19.75,    11.71,    37.74,    13.37,     0.00,     0.00,    12.14,    10.45,     0.00,     0.00,     0.00,     2.75,    15.11,     2.97,    10.30,     3.15,     0.59,     0.71,     0.00,     1.14,     0.00,     0.00,     0.00,     0.00,    13.64,  -999.99
cty,18003,MD: Anne Arundel County,1987,09,PRCP,     0.00,     0.00,     0.00,     0.00,     0.00,     8.17,    11.09,     7.68,    38.83,     0.00,     0.00,     8.49,    27.21,     7.53,     0.00,     1.46,     0.17,    20.30,     2.73,     6.56,     2.87,     0.93,     0.00,     0.00,     0.00,     0.00,     0.00,     0.00,     0.00,     4.25,  -999.99
cty,18005,MD: Baltimore County,1987,09,PRCP,     2.02,     0.00,     0.00,     0.00,     0.00,     9.99,    15.39,    12.40,    57.22,     0.00,     0.00,     9.22,    29.92,     7.40,     0.00,     1.77,     1.91,    26.80,     5.31,     6.37,     2.34,     1.52,     0.44,     0.00,     0.00,     0.00,     0.00,     0.00,     0.00,     5.40,  -999.99
cty,18009,MD: Calvert County,1987,09,PRCP,     0.00,     0.00,     0.00,     0.00,     0.00,     9.00,     9.97,     6.00,    31.33,     0.23,     0.00,     7.86,    32.09,    10.67,     0.00,     0.90,     0.00,    15.29,     2.10,     8.83,     4.85,     0.02,     0.00,     0.00,     0.00,     0.00,     0.00,     0.00,     0.00,     3.74,  -999.99
cty,18011,MD: Caroline County,1987,09,PRCP,     1.92,     0.00,     0.00,     0.00,     0.00,     2.36,     4.13,     3.58,    21.69,     0.00,     0.00,     0.00,    14.40,     9.01,     0.00,     0.61,     0.00,     9.99,     3.40,     2.89,     1.87,     0.81,     0.68,     0.00,     0.00,     0.00,     0.00,     0.00,     0.00,     1.55,  -999.99
cty,18013,MD: Carroll County,1987,09,PRCP,     1.26,     0.00,     0.00,     0.00,     0.00,    10.59,    14.49,    14.47,    48.53,     0.00,     0.13,    13.10,    28.07,     4.48,     0.00,     1.88,     2.66,    26.12,     3.96,     8.07,     2.49,     1.44,     0.71,     0.00,     0.00,     0.00,     0.00,     0.00,     0.00,     8.42,  -999.99
cty,18015,MD: Cecil County,1987,09,PRCP,     5.35,     0.00,     0.00,     0.00,     0.00,     5.49,    12.89,    10.30,    67.73,     0.00,     0.00,     0.08,    27.80,    15.45,     0.00,     1.28,     0.00,    28.93,    10.58,     3.65,     1.41,     1.96,     1.24,     0.00,     0.00,     0.00,     0.00,     0.00,     0.00,     3.52,  -999.99
cty,18017,MD: Charles County,1987,09,PRCP,     0.00,     0.00,     0.00,     0.00,     0.86,    15.71,    11.94,    10.49,    38.04,     0.00,     0.00,    14.26,    29.56,     7.99,     0.22,     0.76,     0.00,    14.83,     1.08,    14.18,     7.42,     0.00,     0.00,     0.00,     0.00,     0.00,     0.00,     0.00,     0.00,     6.20,  -999.99
cty,18019,MD: Dorchester County,1987,09,PRCP,     1.17,     0.00,     0.00,     0.00,     0.00,     3.47,     4.63,     3.28,    18.26,     0.01,     0.00,     0.09,    17.48,     9.25,     0.00,     0.03,     0.00,     8.03,     2.17,     4.31,     2.97,     0.42,     0.17,     0.00,     0.00,     0.00,     0.00,     0.00,     0.00,     1.58,  -999.99
cty,18021,MD: Frederick County,1987,09,PRCP,     0.19,     0.00,     0.00,     0.00,     0.00,    12.75,    13.74,    19.53,    40.80,     0.00,     0.53,    14.97,    19.51,     2.61,     0.00,     1.81,     2.98,    22.80,     2.39,     9.65,     3.33,     0.95,     0.49,     0.00,     0.00,     0.00,     0.00,     0.00,     0.00,     9.04,  -999.99
cty,18023,MD: Garrett County,1987,09,PRCP,     2.57,     0.00,     0.00,     0.00,     0.00,    21.34,     8.30,    29.81,     7.67,     0.00,     0.00,    13.24,     7.84,     0.22,     0.00,     0.00,     1.29,    16.48,     3.60,     9.80,     2.74,     0.81,     3.83,     0.00,     1.11,     0.00,     0.00,     0.00,     0.00,    19.34,  -999.99
cty,18025,MD: Harford County,1987,09,PRCP,     4.25,     0.00,     0.00,     0.00,     0.00,     8.44,    15.96,    11.58,    72.57,     0.00,     0.00,     5.39,    31.79,    11.37,     0.00,     1.69,     0.85,    30.19,     8.37,     5.00,     1.89,     1.89,     0.77,     0.00,     0.00,     0.00,     0.00,     0.00,     0.00,     4.56,  -999.99
cty,18027,MD: Howard County,1987,09,PRCP,     0.00,     0.00,     0.00,     0.00,     0.00,    13.43,    16.27,    15.50,    53.96,     0.00,     0.00,    14.38,    30.07,     6.08,     0.00,     2.10,     2.33,    27.08,     3.37,     9.42,     3.69,     1.16,     0.09,     0.00,     0.00,     0.00,     0.00,     0.00,     0.00,     7.01,  -999.99
cty,18029,MD: Kent County,1987,09,PRCP,     3.61,     0.00,     0.00,     0.00,     0.00,     5.20,    10.41,     7.52,    54.45,     0.00,     0.00,     1.03,    28.08,    14.00,     0.00,     1.66,     0.00,    24.91,     7.09,     4.65,     2.23,     1.70,     1.06,     0.00,     0.00,     0.00,     0.00,     0.00,     0.00,     3.78,  -999.99
cty,18031,MD: Montgomery County,1987,09,PRCP,     0.00,     0.00,     0.00,     0.00,     0.04,    15.71,    15.41,    18.74,    52.58,     0.00,     0.10,    17.12,    26.92,     4.82,     0.04,     2.02,     2.53,    25.23,     2.27,    12.18,     5.12,     0.85,     0.08,     0.00,     0.00,     0.00,     0.00,     0.00,     0.00,     8.69,  -999.99
cty,18033,MD: Prince George's County,1987,09,PRCP,     0.00,     0.00,     0.00,     0.00,     0.00,    10.96,    11.98,     9.10,    37.96,     0.00,     0.00,    11.92,    28.78,     6.99,     0.00,     1.52,     0.31,    19.55,     1.97,     9.19,     4.14,     0.48,     0.00,     0.00,     0.00,     0.00,     0.00,     0.00,     0.00,     5.32,  -999.99
cty,18035,MD: Queen Anne's County,1987,09,PRCP,     2.86,     0.00,     0.00,     0.00,     0.00,     4.57,     8.53,     6.33,    43.62,     0.00,     0.00,     0.37,    25.70,    13.38,     0.00,     1.54,     0.00,    20.43,     5.83,     4.62,     2.48,     1.43,     0.93,     0.00,     0.00,     0.00,     0.00,     0.00,     0.00,     3.20,  -999.99
cty,18037,MD: St. Mary's County,1987,09,PRCP,     0.16,     0.00,     0.00,     0.00,     0.02,    10.74,     9.81,     6.01,    28.36,     0.54,     0.00,     7.30,    31.36,    11.06,     0.00,     0.13,     0.00,    11.80,     1.78,    10.86,     6.18,     0.00,     0.00,     0.00,     0.00,     0.00,     0.00,     0.00,     0.00,     3.77,  -999.99
cty,18039,MD: Somerset County,1987,09,PRCP,     2.79,     0.00,     0.00,     0.00,     0.00,     4.51,     5.54,     4.30,    18.13,     0.00,     0.00,     0.00,    18.92,    14.03,     0.00,     0.00,     0.00,     6.98,     2.75,     6.29,     4.61,     0.76,     0.18,     0.00,     0.00,     0.00,     0.00,     0.00,     0.00,     1.77,  -999.99
cty,18041,MD: Talbot County,1987,09,PRCP,     0.85,     0.00,     0.00,     0.00,     0.00,     3.11,     4.85,     3.41,    21.49,     0.00,     0.00,     0.45,    16.66,     7.87,     0.00,     0.77,     0.00,    10.08,     2.44,     3.48,     2.13,     0.66,     0.26,     0.00,     0.00,     0.00,     0.00,     0.00,     0.00,     1.78,  -999.99
cty,18043,MD: Washington County,1987,09,PRCP,     0.46,     0.00,     0.00,     0.00,     0.00,    11.71,    11.52,    22.35,    28.02,     0.00,     0.00,    12.58,    13.19,     1.08,     0.00,     1.11,     3.34,    18.98,     2.06,     9.39,     2.93,     0.93,     0.67,     0.00,     0.05,     0.00,     0.00,     0.00,     0.00,    11.05,  -999.99
cty,18045,MD: Wicomico County,1987,09,PRCP,     2.41,     0.00,     0.00,     0.00,     0.00,     2.71,     3.75,     3.92,    16.63,     0.00,     0.00,     0.00,    14.57,    11.89,     0.00,     0.00,     0.00,     6.86,     3.06,     4.32,     3.27,     0.84,     0.75,     0.00,     0.00,     0.00,     0.00,     0.00,     0.00,     1.42,  -999.99
cty,18047,MD: Worcester County,1987,09,PRCP,     3.17,     0.00,     0.00,     0.00,     0.00,     2.47,     3.38,     4.17,    13.34,     0.00,     0.00,     0.00,    11.94,    13.42,     0.00,     0.00,     0.00,     5.82,     3.36,     4.48,     3.20,     1.03,     0.89,     0.00,     0.00,     0.00,     0.00,     0.00,     0.00,     1.12,  -999.99
cty,18510,MD: Baltimore city,1987,09,PRCP,     0.00,     0.00,     0.00,     0.00,     0.00,     9.32,    14.00,    10.78,    52.36,     0.00,     0.00,     8.78,    28.81,     7.44,     0.00,     1.69,     1.31,    25.27,     4.23,     6.36,     2.56,     1.32,     0.07,     0.00,     0.00,     0.00,     0.00,     0.00,     0.00,     4.84,  -999.99
cty,18511,DC: District of Columbia,1987,09,PRCP,     0.00,     0.00,     0.00,     0.00,     0.00,    12.80,    12.68,    11.85,    41.68,     0.00,     0.00,    13.80,    26.60,     5.81,     0.00,     1.57,     1.06,    20.22,     1.78,    10.23,     4.69,     0.38,     0.00,     0.00,     0.00,     0.00,     0.00,     0.00,     0.00,     6.00,  -999.99
cty,19001,MA: Barnstable County,1987,09,PRCP,    14.89,     0.00,     0.00,     0.00,     0.00,     0.00,     3.21,     2.52,    11.75,     0.00,     0.00,     0.00,     0.00,    37.43,     0.00,     0.00,     3.19,     3.20,    16.21,    51.70,    22.07,     0.97,     0.46,     0.00,     0.00,     0.00,     0.00,     0.00,     0.00,     2.27,  -999.99
cty,19003,MA: Berkshire County,1987,09,PRCP,     7.94,     0.00,     0.03,     0.00,     0.00,     0.00,     5.52,     6.95,    44.49,     0.73,     0.02,     1.18,    14.07,    39.27,     0.00,     0.11,     1.57,    14.75,    36.01,     3.88,     0.99,     0.00,     0.05,     0.06,     0.00,     0.00,     0.00,     0.00,     0.00,     0.00,  -999.99
cty,19005,MA: Bristol County,1987,09,PRCP,    12.48,     0.00,     0.00,     0.00,     0.00,     0.02,     3.81,     4.06,    15.08,     0.00,     0.00,     0.00,     0.09,    43.33,     0.00,     0.00,     2.03,     6.05,    28.60,    42.64,     8.93,     1.42,     2.85,     0.00,     0.00,     0.00,     0.00,     0.00,     0.00,     3.93,  -999.99
cty,19007,MA: Dukes County,1987,09,PRCP,    14.96,     0.20,     0.00,     0.00,     0.00,     0.00,     3.69,     3.47,     9.68,     0.00,     0.00,     0.00,     0.00,    36.26,     0.16,     0.00,     3.85,     4.48,    19.72,    47.88,    13.25,     1.15,     1.16,     0.00,     0.00,     0.00,     0.00,     0.12,     0.00,     2.43,  -999.99
cty,19009,MA: Essex County,1987,09,PRCP,     7.66,     0.00,     0.00,     0.00,     0.00,     0.00,     1.78,     2.59,    30.51,     1.93,     0.05,     0.06,     0.00,    51.42,     0.00,     0.00,     0.00,     3.44,    21.62,    34.27,    30.18,     0.61,     0.78,     0.00,     0.00,     0.00,     0.00,     0.00,     0.00,     3.63,  -999.99
cty,19011,MA: Franklin County,1987,09,PRCP,     5.89,     0.00,     0.01,     0.00,     0.00,     0.01,     3.41,     4.32,    38.60,     1.45,     0.33,     1.08,     9.37,    45.45,     0.00,     0.09,     0.00,    12.83,    38.81,     7.56,     3.12,     0.00,     0.33,     0.02,     0.00,     0.00,     0.00,     0.00,     0.00,     0.19,  -999.99
cty,19013,MA: Hampden County,1987,09,PRCP,     6.48,     0.00,     0.00,     0.00,     0.00,     0.00,     3.92,     3.83,    29.49,     1.26,     0.00,     1.16,     8.40,    46.15,     0.00,     0.00,     1.11,    14.28,    39.13,     5.38,     1.66,     0.00,     0.45,     0.00,     0.00,     0.00,     0.00,     0.00,     0.00,     0.87,  -999.99
cty,19015,MA: Hampshire County,1987,09,PRCP,     6.22,     0.00,     0.00,     0.00,     0.00,     0.00,     3.72,     4.08,    34.41,     1.41,     0.06,     1.17,     8.89,    47.66,     0.00,     0.01,     0.27,    14.26,    41.08,     6.31,     2.26,     0.00,     0.34,     0.00,     0.00,     0.00,     0.00,     0.00,     0.00,     0.46,  -999.99
cty,19017,MA: Middlesex County,1987,09,PRCP,     6.35,     0.00,     0.00,     0.00,     0.00,     0.00,     2.23,     3.25,    25.68,     1.36,     0.00,     0.03,     0.56,    44.74,     0.00,     0.00,     0.00,     5.90,    28.40,    25.69,    13.02,     0.64,     1.27,     0.00,     0.00,     0.00,     0.00,     0.00,     0.00,     3.37,  -999.99
cty,19019,MA: Nantucket County,1987,09,PRCP,    15.66,     0.00,     0.00,     0.00,     0.00,     0.00,     3.55,     2.75,     9.62,     0.00,     0.00,     0.00,     0.00,    37.07,     0.00,     0.00,     4.45,     3.33,    14.98,    50.41,    23.05,     1.35,     0.34,     0.00,     0.00,     0.00,     0.00,     0.00,     0.00,     2.07,  -999.99
cty,19021,MA: Norfolk County,1987,09,PRCP,    10.01,     0.00,     0.00,     0.00,     0.00,     0.00,     3.28,     3.69,    21.13,     0.81,     0.00,     0.01,     0.03,    47.56,     0.01,     0.00,     0.09,     6.02,    31.16,    37.98,    11.53,     1.10,     2.58,     0.00,     0.00,     0.00,     0.00,     0.00,     0.00,     4.34,  -999.99
cty,19023,MA: Plymouth County,1987,09,PRCP,    13.26,     0.00,     0.00,     0.00,     0.00,     0.00,     3.36,     3.31,    14.93,     0.04,     0.00,     0.00,     0.00,    42.40,     0.00,     0.00,     1.59,     4.27,    22.41,    48.76,    15.72,     1.09,     2.18,     0.00,     0.00,     0.00,     0.00,     0.00,     0.00,     3.26,  -999.99
cty,19025,MA: Suffolk County,1987,09,PRCP,     9.91,     0.00,     0.00,     0.00,     0.00,     0.00,     2.80,     3.35,    24.38,     1.47,     0.00,     0.00,     0.23,    50.24,     0.00,     0.00,     0.00,     5.00,    28.25,    40.97,    17.75,     0.96,     2.18,     0.00,     0.00,     0.00,     0.00,     0.00,     0.00,     4.30,  -999.99
cty,19027,MA: Worcester County,1987,09,PRCP,     5.64,     0.00,     0.00,     0.00,     0.00,     0.00,     3.03,     3.34,    25.53,     1.32,     0.00,     0.03,     3.56,    40.54,     0.00,     0.02,     0.34,     8.47,    34.91,    13.47,     4.31,     0.29,     1.05,     0.00,     0.00,     0.00,     0.00,     0.00,     0.00,     2.47,  -999.99
cty,20001,MI: Alcona County,1987,09,PRCP,     0.69,     0.00,     0.82,     0.00,     0.00,     0.00,     0.00,     3.49,     4.33,     0.00,     6.37,     4.11,     1.88,     3.24,     0.00,     0.00,     7.90,    24.41,     6.18,     4.60,     8.39,     3.02,     0.03,     0.00,     0.00,     0.03,     0.00,     1.31,     5.87,    11.00,  -999.99
cty,20003,MI: Alger County,1987,09,PRCP,     1.13,     0.92,     0.00,     0.00,     0.00,     0.00,     1.39,     0.00,     0.00,     0.00,     2.00,     5.82,     7.24,     0.00,     0.00,     0.00,     6.98,     7.50,    18.89,    16.29,     3.52,     1.88,     0.00,     0.00,     0.00,     0.00,     0.78,     0.00,     2.14,     3.20,  -999.99
cty,20005,MI: Allegan County,1987,09,PRCP,     0.00,     5.58,     0.00,     0.00,     0.00,     0.00,     0.00,    11.69,     2.04,     0.00,     9.11,     0.00,     4.28,     0.30,     9.62,     5.01,    12.23,    11.79,     4.62,     1.58,    15.07,     4.04,     0.27,     0.00,     0.00,     0.00,     0.00,     0.00,    18.69,     1.92,  -999.99
cty,20007,MI: Alpena County,1987,09,PRCP,     1.12,     0.00,     0.00,     0.00,     0.00,     0.00,     0.00,     2.93,     4.00,     0.00,     5.46,     5.21,     1.77,     3.52,     0.00,     0.00,     5.88,    21.27,     7.09,     7.03,     9.70,     4.19,     0.54,     0.00,     0.00,     0.14,     0.00,     1.81,     5.37,    10.53,  -999.99
cty,20009,MI: Antrim County,1987,09,PRCP,     1.42,     1.61,     1.19,     0.00,     0.00,     0.00,     2.43,     6.22,     0.35,     0.00,     6.30,     4.01,     3.29,     2.50,     0.00,     0.00,     9.32,    18.00,    11.37,     7.86,     6.22,     2.30,     0.00,     0.00,     0.00,     0.00,     0.00,     0.00,     7.73,     5.56,  -999.99
cty,20011,MI: Arenac County,1987,09,PRCP,     0.00,     1.80,     1.08,     0.00,     0.00,     0.00,     0.00,     5.81,     3.47,     0.00,     7.78,     1.96,     2.13,     2.59,     0.00,     0.00,    12.28,    26.59,     4.54,     1.77,     6.42,     1.60,     0.00,     0.00,     0.00,     0.00,     0.00,     0.00,     8.07,     9.75,  -999.99
cty,20013,MI: Baraga County,1987,09,PRCP,     0.00,     0.55,     0.00,     0.00,     1.17,     1.65,     0.00,     0.00,     2.01,     0.00,     5.96,     4.91,    10.67,     0.00,     0.00,     0.00,     7.54,     4.85,    20.08,     7.46,     3.27,     1.07,     0.00,     0.00,     0.00,     0.00,     1.50,     0.00,     0.76,     1.66,  -999.99
cty,20015,MI: Barry County,1987,09,PRCP,     0.00,     3.29,     0.00,     0.00,     0.00,     0.00,     0.00,    10.31,     2.49,     0.00,    11.93,     0.00,     5.17,     1.18,     9.43,     5.28,    10.18,     9.58,     3.65,     0.51,     7.45,     2.64,     0.14,     0.00,     0.00,     0.00,     0.00,     0.00,    18.04,     3.05,  -999.99
cty,20017,MI: Bay County,1987,09,PRCP,     0.00,     6.88,     0.30,     0.00,     0.00,     0.00,     0.00,     6.31,     4.19,     0.00,    12.20,     1.60,     4.19,     2.29,     1.59,     0.60,    15.62,    25.58,     3.91,     1.18,     5.94,     1.22,     0.00,     0.00,     0.00,     0.00,     0.58,     0.60,     9.57,    10.09,  -999.99
cty,20019,MI: Benzie County,1987,09,PRCP,     0.83,     6.29,     0.36,     0.00,     0.00,     0.00,     2.23,     4.71,     0.00,     0.00,     5.16,     3.45,     4.24,     1.79,     0.61,     0.00,    12.94,    16.28,    12.30,     6.85,     5.57,     1.53,     0.00,     0.00,     0.00,     0.00,     0.00,     0.00,     6.46,     2.95,  -999.99
cty,20021,MI: Berrien County,1987,09,PRCP,     0.00,     2.13,     0.00,     0.00,     0.00,     0.00,     0.00,     6.77,     1.91,     0.00,     7.54,     0.00,     0.38,     0.00,     4.03,     4.56,    15.22,     8.60,     2.99,     0.00,     9.77,     5.85,     0.00,     0.00,     0.00,     0.00,     0.00,     0.00,    17.80,     1.49,  -999.99
cty,20023,MI: Branch County,1987,09,PRCP,     0.02,     0.95,     0.00,     0.00,     0.00,     0.00,     0.00,     2.28,     4.56,     0.00,    18.53,     0.03,     4.98,     0.00,     7.21,    10.57,     9.45,     8.05,     2.75,     0.02,     3.10,     2.60,     0.00,     0.00,     0.00,     0.00,     0.00,     0.00,    16.98,     5.04,  -999.99
cty,20025,MI: Calhoun County,1987,09,PRCP,     0.05,     2.18,     0.00,     0.00,     0.00,     0.00,     0.00,     6.67,     4.70,     0.00,    20.47,     0.08,     6.62,     0.00,    10.97,     9.94,    11.48,    10.12,     3.41,     0.07,     5.01,     2.81,     0.00,     0.00,     0.00,     0.00,     0.00,     0.00,    20.17,     5.56,  -999.99
cty,20027,MI: Cass County,1987,09,PRCP,     0.00,     1.96,     0.00,     0.00,     0.00,     0.00,     0.00,     6.73,     3.09,     0.00,    13.05,     0.00,     0.86,     0.00,     4.61,     5.59,    13.29,     9.45,     3.18,     0.00,     9.64,     5.31,     0.00,     0.00,     0.00,     0.00,     0.00,     0.00,    20.29,     2.79,  -999.99
cty,20029,MI: Charlevoix County,1987,09,PRCP,     1.33,     0.76,     0.78,     0.00,     0.00,     0.00,     2.61,     5.12,     0.08,     0.00,     5.45,     4.13,     2.67,     2.29,     0.00,     0.00,     6.58,    15.71,    10.87,     8.76,     6.51,     2.30,     0.00,     0.00,     0.00,     0.00,     0.00,     0.17,     6.75,     4.92,  -999.99
cty,20031,MI: Cheboygan County,1987,09,PRCP,     1.19,     0.04,     0.00,     0.00,     0.00,     0.00,     1.12,     3.37,     0.11,     0.25,     5.22,     4.70,     1.86,     2.70,     0.00,     0.27,     3.94,    14.19,     9.70,    10.04,     7.65,     2.61,     0.00,     0.00,     0.00,     0.00,     0.05,     1.27,     5.43,     5.34,  -999.99
cty,20033,MI: Chippewa County,1987,09,PRCP,     1.40,     0.42,     0.00,     0.00,     0.00,     0.00,     0.00,     1.33,     0.81,     0.00,     3.43,     5.27,     4.11,     1.96,     0.00,     0.00,     1.92,     7.48,     9.15,    17.13,     3.36,     1.44,     0.00,     0.00,     0.01,     0.00,     0.26,     1.08,     3.65,     3.79,  -999.99
cty,20035,MI: Clare County,1987,09,PRCP,     0.00,     7.56,     0.05,     0.00,     0.00,     0.00,     0.00,    11.62,     1.16,     0.00,     5.62,     1.33,     1.95,     3.46,     0.76,     0.00,    14.91,    25.13,     6.51,     2.90,     5.76,     2.43,     0.00,     0.00,     0.00,     0.00,     0.00,     0.00,    10.39,     5.85,  -999.99
cty,20037,MI: Clinton County,1987,09,PRCP,     0.00,     4.99,     0.00,     0.00,     0.00,     0.00,     0.00,    10.29,     3.57,     0.00,    15.76,     0.00,     6.59,     2.33,     7.64,     4.66,    14.49,    13.22,     3.08,     0.47,     5.39,     2.42,     0.00,     0.00,     0.00,     0.00,     0.39,     0.00,    14.64,     7.35,  -999.99
cty,20039,MI: Crawford County,1987,09,PRCP,     1.19,     0.94,     1.08,     0.00,     0.00,     0.00,     0.71,     7.28,     1.17,     0.09,     5.73,     3.06,     1.50,     3.83,     0.00,     0.00,    11.26,    23.06,     8.65,     4.89,     7.61,     3.25,     0.00,     0.00,     0.00,     0.00,     0.00,     0.00,     8.47,     7.89,  -999.99
cty,20041,MI: Delta County,1987,09,PRCP,     0.54,     1.50,     0.00,     0.00,     0.00,     0.07,     2.52,     0.00,     0.00,     0.00,     0.65,     5.40,     6.21,     0.00,     0.00,     0.00,    13.47,     9.12,    19.28,    11.37,     4.46,     1.68,     0.00,     0.00,     0.00,     0.00,     0.43,     0.00,     2.21,     2.70,  -999.99
cty,20043,MI: Dickinson County,1987,09,PRCP,     0.00,     1.67,     0.00,     0.00,     0.00,     0.00,     0.00,     0.00,     0.00,     0.00,     0.03,     4.04,     6.94,     0.00,     0.00,     0.00,    14.59,     6.49,    15.50,     4.76,     4.08,     1.14,     0.00,     0.00,     0.00,     0.00,     0.43,     0.00,     1.06,     1.26,  -999.99
cty,20045,MI: Eaton County,1987,09,PRCP,     0.01,     3.38,     0.00,     0.00,     0.00,     0.00,     0.00,     9.11,     4.06,     0.01,    18.47,     0.02,     7.61,     1.29,    10.73,     7.45,    12.66,    10.79,     3.31,     0.01,     5.28,     3.09,     0.01,     0.00,     0.00,     0.00,     0.02,     0.01,    17.78,     6.30,  -999.99
cty,20047,MI: Emmet County,1987,09,PRCP,     1.33,     0.35,     0.03,     0.00,     0.00,     0.02,     2.62,     4.12,     0.00,     0.86,     4.99,     4.61,     2.55,     2.31,     0.00,     1.08,     4.56,    13.90,    11.00,    11.23,     6.35,     2.19,     0.00,     0.00,     0.00,     0.00,     0.00,     1.22,     5.90,     4.51,  -999.99
cty,20049,MI: Genesee County,1987,09,PRCP,     0.24,     5.70,     0.00,     0.00,     0.00,     0.00,     0.00,     3.87,     7.51,     0.12,    20.03,     2.36,     8.36,     0.00,     4.94,     5.53,    15.96,    20.99,     3.20,     0.27,     4.06,     0.76,     0.00,     0.00,     0.00,     0.00,     0.82,     0.00,     7.80,    12.16,  -999.99
cty,20051,MI: Gladwin County,1987,09,PRCP,     0.00,     3.98,     0.29,     0.00,     0.00,     0.00,     0.00,     9.13,     1.67,     0.00,     5.44,     1.40,     0.67,     2.93,     0.16,     0.00,    12.90,    23.91,     4.76,     1.77,     5.97,     1.97,     0.00,     0.00,     0.00,     0.00,     0.00,     0.00,     9.09,     7.13,  -999.99
cty,20053,MI: Gogebic County,1987,09,PRCP,     0.00,     1.35,     0.00,     0.00,     0.00,     6.23,     0.03,     1.25,     1.65,     0.00,    10.05,     3.32,     9.60,     0.00,     0.00,     0.00,     7.18,     7.67,    14.49,     4.02,     6.09,     0.35,     0.00,     0.00,     0.00,     0.00,     0.00,     0.00,     0.00,     1.42,  -999.99
cty,20055,MI: Grand Traverse County,1987,09,PRCP,     1.00,     4.59,     1.02,     0.00,     0.00,     0.00,     2.22,     6.04,     0.26,     0.00,     5.86,     3.19,     3.56,     2.36,     0.01,     0.00,    11.16,    18.17,    11.40,     6.37,     5.32,     2.06,     0.00,     0.00,     0.00,     0.00,     0.00,     0.00,     7.36,     4.23,  -999.99
cty,20057,MI: Gratiot County,1987,09,PRCP,     0.00,     9.10,     0.00,     0.00,     0.00,     0.00,     0.00,    12.15,     2.18,     0.00,     9.60,     0.00,     3.56,     2.78,     4.12,     1.55,    14.82,    16.83,     3.36,     1.11,     5.60,     1.74,     0.00,     0.00,     0.00,     0.00,     0.51,     0.00,    12.03,     6.48,  -999.99
cty,20059,MI: Hillsdale County,1987,09,PRCP,     0.00,     0.92,     0.00,     0.00,     0.00,     0.00,     0.00,     0.04,     3.50,     0.00,    13.75,     0.00,     5.74,     0.06,     5.41,    11.73,     9.23,     7.43,     2.25,     0.00,     2.31,     2.14,     0.00,     0.00,     0.00,     0.00,     0.00,     0.00,     8.50,     6.04,  -999.99
cty,20061,MI: Houghton County,1987,09,PRCP,     0.00,     1.08,     0.00,     0.00,     0.20,     2.23,     0.00,     0.00,     1.83,     0.00,     6.02,     4.08,    10.49,     0.00,     0.00,     0.00,     6.05,     4.79,    18.59,     6.71,     3.34,     0.95,     0.00,     0.00,     0.00,     0.00,     1.10,     0.00,     0.29,     1.37,  -999.99
cty,20063,MI: Huron County,1987,09,PRCP,     0.00,     1.41,     0.11,     0.00,     0.00,     0.00,     0.00,     3.39,    11.33,     0.00,    15.89,     4.43,     5.24,     0.66,     0.05,     2.81,    14.21,    30.87,     5.10,     2.57,     4.70,     0.42,     0.00,     0.00,     0.00,     0.00,     0.30,     2.58,     6.29,    15.46,  -999.99
cty,20065,MI: Ingham County,1987,09,PRCP,     0.00,     2.45,     0.00,     0.00,     0.00,     0.00,     0.00,     5.17,     4.50,     0.00,    17.02,     0.00,     6.69,     0.06,     8.24,     7.51,    13.24,    10.83,     2.46,     0.00,     4.07,     1.94,     0.03,     0.00,     0.00,     0.00,     0.15,     0.00,    10.62,     7.57,  -999.99
cty,20067,MI: Ionia County,1987,09,PRCP,     0.02,     4.84,     0.00,     0.00,     0.00,     0.00,     0.04,    12.44,     1.96,     0.04,     9.92,     0.04,     5.01,     2.29,     7.40,     3.45,    11.69,    11.09,     3.68,     1.30,     5.99,     2.27,     0.00,     0.00,     0.00,     0.00,     0.00,     0.04,    15.26,     3.79,  -999.99
cty,20069,MI: Iosco County,1987,09,PRCP,     0.00,     0.07,     1.85,     0.00,     0.00,     0.00,     0.00,     4.09,     4.33,     0.00,     7.15,     2.89,     2.06,     2.68,     0.00,     0.00,     9.98,    26.35,     5.10,     2.79,     6.77,     1.81,     0.20,     0.00,     0.00,     0.00,     0.00,     0.37,     6.57,    10.51,  -999.99
cty,20071,MI: Iron County,1987,09,PRCP,     0.00,     1.42,     0.00,     0.00,     0.00,     0.19,     0.00,     0.00,     0.16,     0.00,     2.74,     3.11,     7.74,     0.00,     0.00,     0.00,     9.32,     4.80,    13.06,     3.07,     2.55,     0.64,     0.00,     0.00,     0.00,     0.00,     0.49,     0.00,     0.00,     0.91,  -999.99
cty,20073,MI: Isabella County,1987,09,PRCP,     0.00,     9.87,     0.00,     0.00,     0.00,     0.00,     0.00,    12.74,     1.24,     0.00,     5.98,     0.00,     2.17,     3.19,     2.45,     0.00,    14.39,    20.75,     4.87,     1.99,     5.72,     2.02,     0.00,     0.00,     0.00,     0.00,     0.11,     0.00,    10.94,     5.04,  -999.99
cty,20075,MI: Jackson County,1987,09,PRCP,     0.00,     1.79,     0.00,     0.00,     0.00,     0.00,     0.00,     2.55,     4.01,     0.00,    15.80,     0.00,     6.30,     0.00,     7.92,    10.33,    11.58,     9.37,     2.44,     0.00,     3.38,     2.05,     0.00,     0.00,     0.00,     0.00,     0.00,     0.00,     9.30,     6.93,  -999.99
cty,20077,MI: Kalamazoo County,1987,09,PRCP,     0.00,     2.78,     0.00,     0.00,     0.00,     0.00,     0.00,     8.51,     3.70,     0.00,    16.10,     0.00,     4.21,     0.00,     9.11,     7.10,    11.26,    10.62,     3.82,     0.00,     8.61,     3.60,     0.04,     0.00,     0.00,     0.00,     0.00,     0.00,    22.16,     3.28,  -999.99
cty,20079,MI: Kalkaska County,1987,09,PRCP,     1.24,     2.70,     1.14,     0.00,     0.00,     0.00,     1.87,     7.25,     0.94,     0.00,     6.57,     3.15,     2.93,     3.02,     0.00,     0.00,    11.77,    20.65,    10.10,     5.80,     5.69,     2.39,     0.00,     0.00,     0.00,     0.00,     0.00,     0.00,     8.43,     6.12,  -999.99
cty,20081,MI: Kent County,1987,09,PRCP,     0.00,     5.65,     0.00,     0.00,     0.00,     0.00,     0.00,    12.11,     1.34,     0.00,     6.48,     0.00,     4.24,     1.88,     6.96,     2.75,    11.11,    10.88,     4.52,     2.15,     9.05,     2.03,     0.00,     0.00,     0.00,     0.00,     0.00,     0.00,    14.21,     1.86,  -999.99
cty,20083,MI: Keweenaw County,1987,09,PRCP,     0.00,     0.74,     0.00,     0.34,     0.93,     3.95,     0.13,     0.00,     1.85,     0.00,     6.35,     4.73,    11.96,     0.00,     0.00,     0.00,     3.85,     4.41,    20.95,    12.59,     3.01,     1.01,     0.00,     0.00,     0.00,     0.00,     1.48,     0.00,     1.43,     1.74,  -999.99
cty,20085,MI: Lake County,1987,09,PRCP,     0.00,     9.32,     0.00,     0.00,     0.00,     0.00,     0.56,     7.89,     1.53,     0.00,     8.32,     2.50,     4.88,     2.42,     2.79,     0.09,    16.98,    20.74,    10.31,     5.81,     7.57,     1.59,     0.00,     0.00,     0.00,     0.00,     0.00,     0.00,    10.28,     3.16,  -999.99
cty,20087,MI: Lapeer County,1987,09,PRCP,     0.02,     5.38,     0.00,     0.00,     0.01,     0.00,     0.02,     2.48,     7.68,     0.00,    15.38,     3.29,     6.34,     0.00,     3.06,     4.90,    13.69,    23.52,     3.65,     0.86,     3.07,     0.18,     0.00,     0.00,     0.00,     0.00,     0.75,     0.91,     4.38,    11.96,  -999.99
cty,20089,MI: Leelanau County,1987,09,PRCP,     1.07,     3.99,     1.47,     0.00,     0.00,     0.00,     2.93,     5.88,     0.00,     0.00,     4.39,     3.77,     3.87,     1.95,     0.00,     0.00,    11.10,    16.82,    13.47,     8.04,     5.44,     2.17,     0.00,     0.00,     0.00,     0.00,     0.00,     0.00,     6.48,     3.55,  -999.99
cty,20091,MI: Lenawee County,1987,09,PRCP,     0.00,     1.10,     0.00,     0.00,     0.00,     0.00,     0.00,     0.00,     2.26,     0.00,    10.00,     0.07,     5.42,     0.00,     4.36,    13.24,    10.22,     9.49,     2.42,     0.00,     2.34,     1.76,     0.00,     0.00,     0.00,     0.00,     0.00,     0.00,     3.96,     6.71,  -999.99
cty,20093,MI: Livingston County,1987,09,PRCP,     0.00,     2.44,     0.00,     0.00,     0.00,     0.00,     0.00,     2.84,     4.27,     0.00,    13.57,     0.44,     5.31,     0.00,     6.18,     6.77,    12.59,    12.04,     2.23,     0.00,     3.25,     1.00,     0.01,     0.00,     0.00,     0.00,     0.36,     0.00,     5.70,     7.59,  -999.99
cty,20095,MI: Luce County,1987,09,PRCP,     1.17,     1.13,     0.00,     0.00,     0.00,     0.00,     0.20,     0.02,     0.00,     0.00,     2.14,     3.99,     5.00,     1.14,     0.00,     0.00,     2.18,     5.51,     9.92,    16.30,     1.56,     1.13,     0.00,     0.00,     0.00,     0.00,     0.00,     0.00,     2.25,     2.35,  -999.99
cty,20097,MI: Mackinac County,1987,09,PRCP,     1.20,     0.60,     0.00,     0.00,     0.00,     0.00,     0.77,     1.40,     0.00,     0.00,     2.74,     4.13,     3.80,     1.47,     0.00,     0.00,     2.73,     7.66,     9.59,    14.05,     2.75,     1.32,     0.00,     0.00,     0.00,     0.00,     0.03,     0.57,     3.31,     2.93,  -999.99
cty,20099,MI: Macomb County,1987,09,PRCP,     0.00,     3.33,     0.00,     0.00,     0.00,     0.00,     0.00,     0.00,     4.76,     0.00,     8.55,     4.45,     4.31,     0.00,     3.71,     7.12,    13.07,    22.75,     4.09,     0.51,     3.02,     0.61,     0.01,     0.00,     0.00,     0.00,     0.00,     0.28,     0.17,     9.85,  -999.99
cty,20101,MI: Manistee County,1987,09,PRCP,     0.06,     8.13,     0.00,     0.00,     0.00,     0.00,     1.82,     4.76,     0.14,     0.00,     6.14,     3.03,     4.34,     1.84,     1.73,     0.00,    14.41,    16.72,    11.05,     6.02,     6.32,     1.23,     0.00,     0.00,     0.00,     0.00,     0.00,     0.00,     7.24,     2.53,  -999.99
cty,20103,MI: Marquette County,1987,09,PRCP,     0.22,     0.92,     0.15,     0.00,     0.02,     0.06,     0.10,     0.00,     0.04,     0.00,     1.29,     5.88,     9.65,     0.00,     0.00,     0.00,    10.21,     7.00,    21.64,    10.57,     5.25,     2.15,     0.00,     0.00,     0.00,     0.00,     0.89,     0.00,     1.54,     2.34,  -999.99
cty,20105,MI: Mason County,1987,09,PRCP,     0.00,     5.79,     0.00,     0.00,     0.00,     0.00,     0.37,     4.89,     0.62,     0.00,     6.72,     2.39,     4.22,     1.88,     2.79,     1.42,    14.95,    15.22,    10.08,     5.57,     8.11,     1.34,     0.00,     0.00,     0.00,     0.00,     0.00,     0.00,     7.52,     1.86,  -999.99
cty,20107,MI: Mecosta County,1987,09,PRCP,     0.00,    10.35,     0.00,     0.00,     0.00,     0.00,     0.00,    12.58,     1.20,     0.00,     6.31,     0.00,     3.07,     2.90,     3.30,     0.03,    15.30,    20.70,     6.50,     3.34,     6.52,     2.10,     0.00,     0.00,     0.00,     0.00,     0.02,     0.00,    11.78,     3.46,  -999.99
cty,20109,MI: Menominee County,1987,09,PRCP,     0.00,     4.45,     0.00,     0.00,     0.00,     0.00,     0.00,     0.00,     0.00,     0.00,     0.02,     3.94,     5.33,     0.00,     0.00,     0.00,    19.36,     8.65,    16.62,     5.72,     4.66,     1.31,     0.00,     0.00,     0.00,     0.00,     0.06,     0.00,     1.73,     1.41,  -999.99
cty,20111,MI: Midland County,1987,09,PRCP,     0.00,     8.03,     0.00,     0.00,     0.00,     0.00,     0.00,     9.91,     2.25,     0.00,     8.47,     0.55,     2.77,     2.79,     2.07,     0.02,    14.90,    21.97,     3.91,     1.27,     5.90,     1.59,     0.00,     0.00,     0.00,     0.00,     0.41,     0.00,    10.45,     7.60,  -999.99
cty,20113,MI: Missaukee County,1987,09,PRCP,     0.60,     5.34,     0.63,     0.00,     0.00,     0.00,     1.49,     8.66,     0.97,     0.00,     5.97,     2.14,     2.34,     3.23,     0.00,     0.02,    13.10,    23.18,     8.54,     4.27,     5.15,     2.50,     0.00,     0.00,     0.00,     0.00,     0.00,     0.00,     9.00,     5.63,  -999.99
cty,20115,MI: Monroe County,1987,09,PRCP,     0.00,     1.24,     0.00,     0.00,     0.00,     0.00,     0.00,     0.00,     1.99,     0.00,     6.41,     2.14,     4.91,     0.00,     4.33,    12.64,     9.83,    12.77,     3.03,     0.00,     2.26,     1.22,     0.00,     0.00,     0.00,     0.00,     0.00,     0.00,     0.91,     6.63,  -999.99
cty,20117,MI: Montcalm County,1987,09,PRCP,     0.00,     8.29,     0.00,     0.00,     0.00,     0.00,     0.00,    13.24,     1.35,     0.00,     6.81,     0.00,     3.45,     2.64,     4.71,     1.57,    13.29,    15.08,     4.57,     2.07,     6.41,     1.93,     0.00,     0.00,     0.00,     0.00,     0.06,     0.00,    12.73,     3.45,  -999.99
cty,20119,MI: Montmorency County,1987,09,PRCP,     1.07,     0.00,     0.01,     0.00,     0.00,     0.00,     0.00,     3.63,     1.58,     0.00,     5.05,     4.27,     0.51,     3.55,     0.00,     0.00,     5.81,    18.42,     7.59,     6.18,     9.92,     4.03,     0.00,     0.00,     0.00,     0.00,     0.00,     0.74,     5.67,     7.78,  -999.99
cty,20121,MI: Muskegon County,1987,09,PRCP,     0.00,     4.75,     0.00,     0.00,     0.00,     0.00,     0.00,     8.38,     1.76,     0.00,     7.07,     0.00,     4.13,     1.81,     5.93,     3.16,    14.33,    12.77,     6.75,     3.97,    12.11,     2.08,     0.00,     0.00,     0.00,     0.00,     0.00,     0.00,    11.29,     1.31,  -999.99
cty,20123,MI: Newaygo County,1987,09,PRCP,     0.00,     6.36,     0.00,     0.00,     0.00,     0.00,     0.00,     8.89,     1.53,     0.00,     7.10,     0.04,     4.07,     2.09,     4.22,     1.65,    14.21,    15.28,     7.11,     4.18,     8.67,     1.63,     0.00,     0.00,     0.00,     0.00,     0.00,     0.00,    10.45,     1.97,  -999.99
cty,20125,MI: Oakland County,1987,09,PRCP,     0.00,     3.21,     0.00,     0.00,     0.00,     0.00,     0.00,     0.87,     4.32,     0.02,    10.27,     2.42,     4.46,     0.00,     4.64,     6.15,    11.93,    16.23,     2.89,     0.01,     2.75,     0.57,     0.01,     0.00,     0.00,     0.00,     0.12,     0.03,     2.80,     8.17,  -999.99
cty,20127,MI: Oceana County,1987,09,PRCP,     0.00,     3.35,     0.00,     0.00,     0.00,     0.00,     0.00,     5.81,     1.78,     0.00,     7.30,     0.77,     4.14,     1.78,     4.06,     2.76,    14.57,    13.30,     8.16,     4.84,     9.54,     1.48,     0.00,     0.00,     0.00,     0.00,     0.00,     0.00,     8.29,     1.43,  -999.99
cty,20129,MI: Ogemaw County,1987,09,PRCP,     0.20,     0.90,     0.74,     0.00,     0.00,     0.00,     0.11,     7.74,     2.20,     0.00,     5.32,     2.37,     0.15,     3.40,     0.00,     0.00,    11.64,    27.28,     5.97,     2.71,     7.50,     2.64,     0.02,     0.00,     0.00,     0.00,     0.00,     0.00,     8.49,     9.24,  -999.99
cty,20131,MI: Ontonagon County,1987,09,PRCP,     0.00,     1.49,     0.00,     0.00,     0.00,     3.47,     0.40,     0.15,     1.74,     0.00,     8.16,     3.37,     9.24,     0.00,     0.00,     0.00,     5.50,     5.41,    15.28,     4.35,     4.63,     0.40,     0.00,     0.00,     0.00,     0.00,     0.33,     0.00,     0.00,     1.32,  -999.99
cty,20133,MI: Osceola County,1987,09,PRCP,     0.00,    11.38,     0.00,     0.00,     0.00,     0.00,     0.55,    12.18,     1.21,     0.00,     6.84,     1.37,     3.13,     3.42,     2.02,     0.00,    17.62,    27.48,     9.10,     4.77,     6.12,     2.56,     0.00,     0.00,     0.00,     0.00,     0.05,     0.00,    11.60,     4.66,  -999.99
cty,20135,MI: Oscoda County,1987,09,PRCP,     1.02,     0.12,     0.58,     0.00,     0.00,     0.00,     0.24,     5.46,     1.96,     0.00,     5.69,     3.54,     0.06,     3.83,     0.00,     0.00,     8.98,    23.72,     7.21,     4.43,     9.28,     3.68,     0.00,     0.00,     0.00,     0.00,     0.00,     0.05,     7.21,     9.35,  -999.99
cty,20137,MI: Otsego County,1987,09,PRCP,     1.14,     0.23,     0.35,     0.00,     0.00,     0.00,     1.25,     4.45,     0.77,     0.00,     5.12,     3.70,     1.60,     3.06,     0.00,     0.00,     6.27,    16.22,     8.41,     6.20,     7.55,     3.03,     0.00,     0.00,     0.00,     0.00,     0.00,     0.12,     5.94,     6.04,  -999.99
cty,20139,MI: Ottawa County,1987,09,PRCP,     0.00,     6.46,     0.00,     0.00,     0.00,     0.00,     0.00,    11.17,     1.69,     0.00,     7.26,     0.00,     4.34,     1.75,     8.18,     3.80,    13.33,    12.43,     5.69,     2.87,    14.59,     3.01,     0.00,     0.00,     0.00,     0.00,     0.00,     0.00,    15.20,     1.48,  -999.99
cty,20141,MI: Presque Isle County,1987,09,PRCP,     1.10,     0.00,     0.00,     0.00,     0.00,     0.00,     0.00,     2.57,     2.30,     0.00,     4.79,     5.12,     1.70,     2.93,     0.00,     0.00,     4.07,    15.65,     7.48,     8.51,     8.44,     3.31,     0.03,     0.00,     0.00,     0.04,     0.00,     1.47,     4.78,     7.44,  -999.99
cty,20143,MI: Roscommon County,1987,09,PRCP,     0.53,     2.86,     0.77,     0.00,     0.00,     0.00,     0.11,     9.76,     1.37,     0.00,     5.94,     2.31,     1.32,     3.87,     0.00,     0.00,    13.92,    26.81,     7.62,     3.54,     7.08,     2.95,     0.00,     0.00,     0.00,     0.00,     0.00,     0.00,     9.98,     8.15,  -999.99
cty,20145,MI: Saginaw County,1987,09,PRCP,     0.00,     7.21,     0.02,     0.00,     0.00,     0.00,     0.00,     6.98,     5.03,     0.00,    16.43,     0.93,     6.11,     1.78,     3.69,     2.76,    17.09,    21.62,     3.32,     0.86,     5.56,     1.11,     0.00,     0.00,     0.00,     0.00,     0.84,     0.37,    10.84,    10.44,  -999.99
cty,20147,MI: St. Clair County,1987,09,PRCP,     0.00,     2.70,     0.75,     0.00,     0.00,     0.00,     0.01,     0.41,     5.54,     0.00,     8.25,     5.99,     4.15,     0.00,     1.52,     5.69,    11.96,    24.06,     4.12,     1.60,     2.90,     0.59,     0.49,     0.00,     0.00,     0.00,     0.03,     1.90,     0.98,    10.38,  -999.99
cty,20149,MI: St. Joseph County,1987,09,PRCP,     0.00,     0.93,     0.00,     0.00,     0.00,     0.01,     0.00,     4.31,     4.05,     0.00,    15.89,     0.00,     2.46,     0.00,     4.98,     6.80,     9.46,     7.93,     2.73,     0.00,     4.37,     3.16,     0.00,     0.00,     0.00,     0.00,     0.00,     0.00,    18.97,     3.13,  -999.99
cty,20151,MI: Sanilac County,1987,09,PRCP,     0.00,     2.22,     0.01,     0.00,     0.00,     0.00,     0.00,     2.74,     9.52,     0.00,    13.53,     5.02,     4.97,     0.00,     0.46,     4.03,    13.67,    27.91,     4.57,     2.00,     3.50,     0.28,     0.01,     0.00,     0.00,     0.00,     0.36,     2.41,     4.22,    13.39,  -999.99
cty,20153,MI: Schoolcraft County,1987,09,PRCP,     1.00,     0.97,     0.00,     0.00,     0.01,     0.02,     1.99,     0.00,     0.00,     0.00,     1.63,     3.94,     4.45,     0.00,     0.00,     0.03,     4.78,     7.14,    12.96,    12.89,     1.95,     1.31,     0.00,     0.00,     0.00,     0.00,     0.37,     0.00,     2.05,     2.50,  -999.99
cty,20155,MI: Shiawassee County,1987,09,PRCP,     0.00,     2.78,     0.00,     0.00,     0.00,     0.00,     0.00,     5.84,     5.01,     0.00,    17.94,     0.74,     7.06,     0.50,     6.04,     5.09,    15.42,    14.74,     2.64,     0.04,     4.90,     1.22,     0.19,     0.00,     0.00,     0.00,     0.62,     0.00,    10.43,     9.49,  -999.99
cty,20157,MI: Tuscola County,1987,09,PRCP,     0.09,     6.56,     0.00,     0.00,     0.00,     0.00,     0.00,     3.57,     9.47,     0.00,    19.40,     2.89,     7.61,     0.17,     2.08,     3.19,    15.18,    27.67,     3.92,     1.21,     4.01,     0.39,     0.00,     0.00,     0.00,     0.00,     1.00,     1.67,     7.39,    13.93,  -999.99
cty,20159,MI: Van Buren County,1987,09,PRCP,     0.06,     4.01,     0.00,     0.00,     0.00,     0.00,     0.00,     9.52,     2.56,     0.00,    11.55,     0.00,     3.10,     0.00,     7.62,     5.69,    13.21,    11.35,     4.12,     0.21,    14.67,     5.22,     0.08,     0.00,     0.00,     0.00,     0.00,     0.00,    20.06,     2.48,  -999.99
cty,20161,MI: Washtenaw County,1987,09,PRCP,     0.00,     2.04,     0.00,     0.00,     0.00,     0.00,     0.00,     0.88,     3.29,     0.00,    11.42,     0.42,     4.75,     0.00,     6.63,    10.18,    12.73,    12.07,     2.55,     0.00,     3.08,     1.31,     0.00,     0.00,     0.00,     0.00,     0.11,     0.00,     4.28,     7.20,  -999.99
cty,20163,MI: Wayne County,1987,09,PRCP,     0.00,     1.99,     0.00,     0.00,     0.00,     0.00,     0.00,     0.00,     2.91,     0.00,     6.73,     2.54,     3.91,     0.10,     5.21,     8.76,    10.61,    15.22,     3.07,     0.08,     2.60,     0.71,     0.00,     0.00,     0.00,     0.00,     0.00,     0.00,     0.62,     7.06,  -999.99
cty,20165,MI: Wexford County,1987,09,PRCP,     0.60,     7.41,     0.33,     0.00,     0.00,     0.00,     1.78,     6.55,     1.05,     0.00,     6.78,     2.72,     3.92,     2.36,     0.78,     0.00,    13.13,    19.75,     9.98,     5.40,     4.98,     1.78,     0.00,     0.00,     0.00,     0.00,     0.00,     0.00,     8.22,     4.04,  -999.99
cty,21001,MN: Aitkin County,1987,09,PRCP,     0.00,     0.00,     0.00,     0.12,     9.42,     2.89,     0.09,     2.92,     0.32,     3.21,     4.08,     0.73,     2.06,     0.00,     0.00,     0.04,     3.86,    14.78,    17.97,     7.67,     0.99,     0.00,     0.00,     0.00,     0.00,     0.00,     0.00,     0.02,     1.37,     0.00,  -999.99
cty,21003,MN: Anoka County,1987,09,PRCP,     0.00,     0.00,     0.00,     0.00,     0.00,     2.92,     0.00,     1.92,     0.00,     0.00,     5.08,     5.83,     3.19,     0.00,     0.00,     0.12,    14.47,     8.27,     8.21,     6.99,     1.78,     0.00,     0.00,     0.00,     0.00,     0.00,     0.00,     0.00,     0.74,     0.03,  -999.99
cty,21005,MN: Becker County,1987,09,PRCP,     0.00,     0.00,     0.00,     1.38,    11.04,     2.42,     0.13,     1.72,     0.65,     1.44,     0.99,     2.43,     3.84,     0.00,     0.00,     0.00,     0.23,    11.98,    16.47,     4.14,     0.00,     0.00,     0.00,     0.02,     0.00,     0.00,     0.00,     0.06,     2.75,     0.00,  -999.99
cty,21007,MN: Beltrami County,1987,09,PRCP,     0.00,     0.00,     2.59,     2.62,     3.27,     2.22,     0.06,     2.23,     1.15,     2.51,     3.10,     0.61,     3.49,     0.00,     0.00,     0.00,     0.00,    12.63,    20.25,     5.75,     0.01,     0.00,     0.00,     0.00,     0.00,     0.00,     0.00,     0.00,     1.99,     0.00,  -999.99
cty,21009,MN: Benton County,1987,09,PRCP,     0.00,     0.00,     0.00,     0.00,     3.42,     0.82,     0.00,     1.82,     0.00,     0.24,     2.62,     3.43,     1.54,     0.00,     0.00,     0.00,    10.33,     8.95,    10.84,     5.07,     0.39,     0.00,     0.00,     0.00,     0.00,     0.00,     0.00,     0.00,     0.95,     0.00,  -999.99
cty,21011,MN: Big Stone County,1987,09,PRCP,     0.00,     0.00,     0.00,     0.00,    19.45,     1.56,     0.00,     0.00,     0.02,     0.00,     1.65,     4.38,     1.40,     0.00,     0.00,     0.53,    18.74,     3.29,     8.42,     2.99,     0.00,     0.00,     0.00,     0.00,     0.00,     0.00,     0.00,     0.00,     2.79,     0.00,  -999.99
cty,21013,MN: Blue Earth County,1987,09,PRCP,     0.00,     0.00,     0.00,     0.00,     0.00,     0.97,     0.00,     4.38,     0.00,     0.00,     5.23,     7.55,     5.14,     0.00,     3.30,     3.55,    10.22,     1.79,     4.86,     6.65,     0.22,     0.00,     0.00,     0.00,     0.00,     0.00,     0.00,     0.00,     0.00,     0.00,  -999.99
cty,21015,MN: Brown County,1987,09,PRCP,     0.00,     0.00,     0.00,     0.00,     0.00,     0.10,     0.00,     3.21,     0.00,     0.90,     5.59,     8.81,     2.13,     0.00,     1.16,     5.00,    11.54,     2.64,     6.00,     4.53,     0.00,     0.00,     0.00,     0.00,     0.00,     0.00,     0.00,     0.00,     0.05,     0.00,  -999.99
cty,21017,MN: Carlton County,1987,09,PRCP,     0.00,     0.00,     0.00,     0.00,     5.78,     5.46,     0.02,     2.53,     0.00,     3.79,     4.20,     0.13,     1.57,     0.00,     0.00,     0.00,     4.14,    12.31,    12.41,     7.60,     2.00,     0.00,     0.00,     0.00,     0.00,     0.00,     0.00,     0.00,     1.41,     0.00,  -999.99
cty,21019,MN: Carver County,1987,09,PRCP,     0.00,     0.00,     0.00,     0.00,     0.00,     1.15,     0.00,     2.28,     0.00,     0.03,     3.99,     7.37,     2.17,     0.00,     0.00,     0.64,    12.21,     4.28,     6.00,     6.02,     0.62,     0.00,     0.00,     0.00,     0.00,     0.00,     0.00,     0.00,     0.00,     0.00,  -999.99
cty,21021,MN: Cass County,1987,09,PRCP,     0.00,     0.02,     0.00,     0.07,    15.25,     3.32,     0.00,     2.38,     1.16,     2.28,     3.65,     0.22,     2.61,     0.00,     0.00,     0.00,     1.10,    19.15,    26.75,     8.98,     0.03,     0.00,     0.00,     0.01,     0.00,     0.00,     0.00,     0.00,     1.65,     0.00,  -999.99
cty,21023,MN: Chippewa County,1987,09,PRCP,     0.00,     0.00,     0.00,     0.00,     4.28,     0.00,     0.00,     0.79,     0.00,     0.89,     3.42,     5.20,     0.00,     0.00,     0.00,     4.23,    17.79,     4.49,     8.09,     2.90,     0.00,     0.00,     0.00,     0.00,     0.00,     0.00,     0.00,     0.23,     1.36,     0.00,  -999.99
cty,21025,MN: Chisago County,1987,09,PRCP,     0.00,     0.00,     0.00,     0.00,     0.15,     4.74,     0.00,     1.75,     0.00,     0.90,     6.56,     4.33,     3.02,     0.00,     0.00,     0.40,    15.48,    12.49,     9.30,     7.99,     2.62,     0.00,     0.00,     0.00,     0.00,     0.00,     0.00,     0.05,     1.39,     0.00,  -999.99
cty,21027,MN: Clay County,1987,09,PRCP,     0.00,     0.00,     0.00,     0.00,     6.33,     3.89,     0.00,     0.13,     0.00,     0.42,     0.00,     3.20,     4.07,     0.00,     0.00,     0.00,     0.00,     5.89,    12.63,     2.26,     0.00,     0.00,     0.00,     0.00,     0.00,     0.00,     0.00,     0.00,     5.51,     0.00,  -999.99
cty,21029,MN: Clearwater County,1987,09,PRCP,     0.00,     0.00,     1.60,     1.56,     2.60,     1.70,     0.00,     1.86,     0.89,     1.70,     1.76,     1.05,     3.22,     0.00,     0.00,     0.00,     0.00,    11.20,    16.83,     3.57,     0.04,     0.00,     0.00,     0.00,     0.00,     0.00,     0.00,     0.00,     1.97,     0.00,  -999.99
cty,21031,MN: Cook County,1987,09,PRCP,     0.00,     1.13,     0.00,     2.71,     1.41,    13.76,     1.74,     3.82,     0.74,     4.57,     7.57,     2.58,     9.05,     0.00,     0.00,     0.00,     1.50,     4.94,    15.42,    13.68,     1.17,     0.00,     0.00,     0.00,     0.00,     0.00,     0.55,     0.00,     1.22,     0.41,  -999.99
cty,21033,MN: Cottonwood County,1987,09,PRCP,     0.00,     0.00,     0.00,     0.00,     0.00,     0.29,     0.02,     3.43,     0.00,     1.22,     4.94,     7.96,     3.07,     0.00,     6.50,    10.42,    12.33,     2.00,     6.18,     3.25,     0.00,     0.00,     0.00,     0.00,     0.00,     0.00,     0.00,     0.00,     0.00,     0.00,  -999.99
cty,21035,MN: Crow Wing County,1987,09,PRCP,     0.00,     0.00,     0.00,     0.00,    13.42,     2.06,     0.00,     2.70,     0.44,     1.99,     3.99,     1.08,     2.35,     0.00,     0.00,     0.00,     4.71,    19.03,    25.43,     8.62,     0.19,     0.00,     0.00,     0.00,     0.00,     0.00,     0.00,     0.00,     1.60,     0.00,  -999.99
cty,21037,MN: Dakota County,1987,09,PRCP,     0.00,     0.00,     0.00,     0.00,     0.00,     2.80,     0.00,     1.44,     0.00,     0.00,     3.75,     3.25,     2.61,     0.00,     0.00,     1.51,     6.58,     2.62,     3.44,     5.07,     1.38,     0.00,     0.00,     0.00,     0.00,     0.00,     0.00,     0.00,     0.00,     0.00,  -999.99
cty,21039,MN: Dodge County,1987,09,PRCP,     0.00,     0.00,     0.00,     0.00,     0.00,     6.80,     0.00,     4.16,     0.00,     0.00,     5.16,     2.54,     5.00,     0.03,     2.61,     2.99,     5.76,     1.49,     3.13,     7.95,     1.71,     0.02,     0.00,     0.00,     0.00,     0.00,     0.00,     0.00,     0.00,     0.00,  -999.99
cty,21041,MN: Douglas County,1987,09,PRCP,     0.00,     0.00,     0.00,     0.00,    14.53,     1.45,     0.00,     0.37,     0.00,     1.01,     1.93,     2.92,     3.04,     0.00,     0.00,     0.00,    11.52,     9.28,    13.68,     4.25,     0.00,     0.00,     0.00,     0.00,     0.00,     0.00,     0.00,     0.00,     2.31,     0.00,  -999.99
cty,21043,MN: Faribault County,1987,09,PRCP,     0.00,     0.00,     0.00,     0.00,     0.00,     1.32,     1.82,     4.81,     0.00,     0.00,     4.97,     4.95,     8.78,     0.05,     5.27,     4.04,     9.26,     0.71,     3.63,     6.44,     0.05,     0.00,     0.00,     0.00,     0.00,     0.00,     0.00,     0.00,     0.00,     0.00,  -999.99
cty,21045,MN: Fillmore County,1987,09,PRCP,     0.00,     0.00,     0.00,     0.00,     0.00,     7.03,     2.20,     7.19,     0.00,     0.00,     3.18,     0.09,     7.51,     0.00,     0.90,     5.11,     6.40,     1.83,     2.67,     8.41,     2.70,     0.59,     0.00,     0.00,     0.00,     0.00,     0.00,     0.11,     0.00,     0.00,  -999.99
cty,21047,MN: Freeborn County,1987,09,PRCP,     0.00,     0.00,     0.00,     0.00,     0.00,     3.90,     0.34,     5.70,     0.00,     0.00,     5.09,     3.12,     9.42,     0.00,     5.32,     3.32,     7.95,     0.75,     3.38,     8.49,     0.95,     0.00,     0.00,     0.00,     0.00,     0.00,     0.00,     0.00,     0.02,     0.00,  -999.99
cty,21049,MN: Goodhue County,1987,09,PRCP,     0.00,     0.00,     0.00,     0.00,     0.00,     6.98,     0.00,     2.17,     0.00,     0.00,     5.43,     2.64,     2.89,     0.00,     0.54,     2.33,     5.69,     2.43,     3.09,     6.38,     2.04,     0.00,     0.00,     0.00,     0.00,     0.00,     0.00,     0.00,     0.00,     0.00,  -999.99
cty,21051,MN: Grant County,1987,09,PRCP,     0.00,     0.00,     0.00,     0.00,    17.71,     1.99,     0.00,     0.00,     0.00,     0.23,     0.97,     2.99,     3.46,     0.00,     0.00,     0.00,    11.93,     5.14,     9.98,     3.35,     0.00,     0.00,     0.00,     0.00,     0.00,     0.00,     0.00,     0.00,     2.96,     0.00,  -999.99
cty,21053,MN: Hennepin County,1987,09,PRCP,     0.00,     0.00,     0.00,     0.00,     0.00,     1.71,     0.00,     1.80,     0.00,     0.00,     3.81,     5.60,     2.45,     0.00,     0.00,     0.44,    11.14,     4.86,     5.97,     5.67,     1.01,     0.00,     0.00,     0.00,     0.00,     0.00,     0.00,     0.00,     0.00,     0.00,  -999.99
cty,21055,MN: Houston County,1987,09,PRCP,     0.00,     0.00,     0.00,     0.00,     0.00,     4.53,     2.15,     5.87,     0.00,     0.00,     1.75,     0.00,     7.16,     0.86,     0.00,     6.14,     9.34,     2.70,     2.47,     6.70,     2.72,     0.22,     0.00,     0.00,     0.00,     0.00,     0.00,     0.00,     0.01,     0.00,  -999.99
cty,21057,MN: Hubbard County,1987,09,PRCP,     0.00,     0.00,     0.00,     0.00,    11.79,     2.85,     0.00,     2.21,     1.45,     1.98,     2.52,     0.20,     3.43,     0.00,     0.00,     0.00,     0.00,    19.21,    25.05,     7.18,     0.01,     0.00,     0.00,     0.02,     0.00,     0.00,     0.00,     0.00,     1.97,     0.04,  -999.99
cty,21059,MN: Isanti County,1987,09,PRCP,     0.00,     0.00,     0.00,     0.00,     0.66,     2.88,     0.00,     2.14,     0.00,     0.75,     5.31,     5.52,     2.89,     0.00,     0.00,     0.00,    16.55,    12.30,    11.17,     7.76,     1.87,     0.00,     0.00,     0.00,     0.00,     0.00,     0.00,     0.00,     1.27,     0.00,  -999.99
cty,21061,MN: Itasca County,1987,09,PRCP,     0.00,     0.00,     0.59,     1.51,    11.48,     4.67,     0.01,     3.19,     1.45,     3.66,     4.69,     0.00,     2.72,     0.00,     0.00,     0.00,     0.00,    13.01,    21.36,     9.27,     0.28,     0.00,     0.00,     0.00,     0.00,     0.00,     0.00,     0.00,     1.49,     0.00,  -999.99
cty,21063,MN: Jackson County,1987,09,PRCP,     0.00,     0.00,     0.00,     0.00,     0.00,     0.31,     2.27,     4.77,     0.00,     1.51,     4.84,     8.63,     6.08,     0.00,    20.99,    16.71,    16.95,     1.83,     6.26,     3.77,     0.00,     0.00,     0.00,     0.00,     0.00,     0.00,     0.00,     0.00,     0.00,     0.00,  -999.99
cty,21065,MN: Kanabec County,1987,09,PRCP,     0.00,     0.00,     0.00,     0.00,     2.57,     2.28,     0.59,     1.94,     0.05,     2.53,     3.98,     3.14,     1.87,     0.00,     0.00,     0.11,    11.66,    13.47,    11.65,     6.64,     1.46,     0.00,     0.00,     0.00,     0.00,     0.00,     0.00,     0.04,     1.22,     0.00,  -999.99
cty,21067,MN: Kandiyohi County,1987,09,PRCP,     0.00,     0.00,     0.00,     0.00,     2.26,     0.00,     0.00,     1.80,     0.00,     0.83,     2.88,     5.14,     0.17,     0.00,     0.00,     1.13,    13.43,     5.61,     7.21,     3.59,     0.11,     0.00,     0.00,     0.00,     0.00,     0.00,     0.00,     0.00,     1.10,     0.00,  -999.99
cty,21069,MN: Kittson County,1987,09,PRCP,     0.00,     0.00,     0.41,     0.00,     0.00,     0.00,     0.00,     0.00,     0.02,     1.55,     1.54,     2.86,     2.37,     0.02,     0.00,     0.00,     0.00,     1.16,    11.49,     0.23,     0.00,     0.00,     0.00,     0.01,     0.00,     0.00,     0.00,     0.00,     2.81,     0.00,  -999.99
cty,21071,MN: Koochiching County,1987,09,PRCP,     0.00,     0.00,     2.05,     2.13,     4.01,     3.62,     0.02,     2.95,     1.55,     3.12,     5.00,     0.74,     2.93,     0.00,     0.00,     0.00,     0.00,     8.62,    17.47,     7.72,     0.03,     0.00,     0.00,     0.00,     0.00,     0.00,     0.00,     0.10,     1.47,     0.00,  -999.99
cty,21073,MN: Lac qui Parle County,1987,09,PRCP,     0.00,     0.00,     0.00,     0.00,    13.46,     0.24,     0.00,     0.00,     0.05,     0.07,     2.59,     5.80,     0.00,     0.00,     0.00,     4.85,    19.79,     3.50,     8.03,     2.74,     0.00,     0.00,     0.00,     0.00,     0.00,     0.00,     0.00,     0.03,     0.97,     0.00,  -999.99
cty,21075,MN: Lake County,1987,09,PRCP,     0.04,     0.29,     0.04,     3.71,     2.29,    11.01,     1.71,     3.27,     0.90,     4.06,     5.73,     1.26,     4.13,     0.03,     0.00,     0.00,     1.40,     6.17,    11.55,    10.24,     1.14,     0.00,     0.00,     0.00,     0.00,     0.00,     0.20,     0.00,     1.17,     0.00,  -999.99
cty,21077,MN: Lake of the Woods County,1987,09,PRCP,     0.00,     0.00,     1.98,     0.89,     0.86,     1.31,     0.00,     1.22,     0.65,     1.94,     2.33,     1.50,     2.60,     0.00,     0.00,     0.00,     0.00,     5.06,    12.47,     2.83,     0.00,     0.00,     0.00,     0.00,     0.00,     0.00,     0.00,     0.10,     1.52,     0.00,  -999.99
cty,21079,MN: Le Sueur County,1987,09,PRCP,     0.00,     0.00,     0.00,     0.00,     0.00,     1.44,     0.00,     3.32,     0.00,     0.00,     4.59,     7.11,     3.77,     0.00,     1.54,     2.22,    10.94,     2.53,     5.14,     6.97,     0.75,     0.00,     0.00,     0.00,     0.00,     0.00,     0.02,     0.00,     0.00,     0.00,  -999.99
cty,21081,MN: Lincoln County,1987,09,PRCP,     0.00,     0.00,     0.00,     0.00,     9.71,     0.04,     0.12,     0.00,     0.09,     0.07,     2.97,     8.15,     0.68,     0.00,     0.00,    11.39,    19.78,     2.68,     6.98,     2.64,     0.00,     0.00,     0.00,     0.00,     0.00,     0.00,     0.00,     0.00,     0.00,     0.00,  -999.99
cty,21083,MN: Lyon County,1987,09,PRCP,     0.00,     0.00,     0.00,     0.02,     3.24,     0.00,     0.08,     1.52,     0.00,     0.99,     4.02,     7.28,     0.10,     0.00,     0.00,    10.03,    16.46,     2.78,     7.37,     2.52,     0.00,     0.00,     0.00,     0.00,     0.00,     0.00,     0.00,     0.00,     0.02,     0.00,  -999.99
cty,21085,MN: McLeod County,1987,09,PRCP,     0.00,     0.00,     0.00,     0.00,     0.00,     0.43,     0.00,     2.58,     0.00,     0.04,     3.90,     8.20,     1.24,     0.00,     0.00,     0.51,    12.86,     4.87,     6.22,     5.36,     0.10,     0.00,     0.00,     0.00,     0.00,     0.00,     0.00,     0.00,     0.13,     0.00,  -999.99
cty,21087,MN: Mahnomen County,1987,09,PRCP,     0.00,     0.00,     0.48,     1.33,     3.12,     1.66,     0.00,     1.48,     0.16,     1.21,     0.87,     1.97,     2.93,     0.00,     0.00,     0.00,     0.00,     7.99,    12.03,     2.34,     0.02,     0.00,     0.00,     0.00,     0.00,     0.00,     0.00,     0.00,     2.26,     0.00,  -999.99
cty,21089,MN: Marshall County,1987,09,PRCP,     0.00,     0.00,     1.88,     0.24,     0.00,     0.66,     0.02,     0.56,     0.00,     1.61,     1.65,     2.81,     3.17,     0.00,     0.00,     0.00,     0.00,     3.91,    13.89,     0.93,     0.00,     0.00,     0.00,     0.00,     0.01,     0.00,     0.00,     0.00,     3.66,     0.01,  -999.99
cty,21091,MN: Martin County,1987,09,PRCP,     0.00,     0.00,     0.00,     0.00,     0.00,     0.16,     3.11,     4.42,     0.00,     0.95,     6.11,     7.96,     7.02,     0.00,    13.86,     8.44,    12.53,     1.37,     5.29,     5.20,     0.00,     0.00,     0.00,     0.00,     0.00,     0.00,     0.00,     0.00,     0.00,     0.00,  -999.99
cty,21093,MN: Meeker County,1987,09,PRCP,     0.00,     0.00,     0.00,     0.00,     0.51,     0.07,     0.00,     2.29,     0.00,     0.11,     3.03,     6.17,     0.50,     0.00,     0.00,     0.07,    12.69,     6.58,     7.10,     4.60,     0.00,     0.00,     0.00,     0.00,     0.00,     0.00,     0.00,     0.03,     0.95,     0.00,  -999.99
cty,21095,MN: Mille Lacs County,1987,09,PRCP,     0.00,     0.00,     0.00,     0.01,     2.92,     1.35,     0.09,     1.88,     0.03,     1.52,     3.18,     3.24,     1.76,     0.00,     0.00,     0.04,    10.13,    11.31,    11.67,     5.76,     0.79,     0.00,     0.00,     0.00,     0.00,     0.00,     0.00,     0.02,     1.02,     0.00,  -999.99
cty,21097,MN: Morrison County,1987,09,PRCP,     0.00,     0.00,     0.00,     0.00,     8.52,     0.93,     0.00,     1.85,     0.00,     0.71,     2.54,     2.37,     1.73,     0.00,     0.00,     0.00,     7.76,    11.68,    15.72,     5.55,     0.15,     0.00,     0.00,     0.00,     0.00,     0.00,     0.00,     0.00,     1.20,     0.00,  -999.99
cty,21099,MN: Mower County,1987,09,PRCP,     0.00,     0.00,     0.00,     0.00,     0.00,     6.81,     0.20,     6.34,     0.00,     0.00,     4.69,     1.57,     7.80,     0.21,     4.37,     3.64,     6.52,     1.08,     2.91,     9.34,     1.79,     0.13,     0.00,     0.00,     0.00,     0.00,     0.00,     0.00,     0.00,     0.00,  -999.99
cty,21101,MN: Murray County,1987,09,PRCP,     0.00,     0.00,     0.00,     0.00,     0.48,     0.00,     0.45,     2.66,     0.00,     0.85,     3.36,     6.96,     2.66,     0.00,     4.25,    15.11,    16.76,     1.98,     5.86,     2.44,     0.00,     0.00,     0.00,     0.00,     0.00,     0.00,     0.00,     0.00,     0.01,     0.00,  -999.99
cty,21103,MN: Nicollet County,1987,09,PRCP,     0.00,     0.00,     0.00,     0.00,     0.00,     0.67,     0.00,     4.08,     0.00,     0.08,     5.66,    10.29,     3.09,     0.00,     0.79,     3.16,    13.25,     3.25,     6.44,     6.92,     0.19,     0.00,     0.00,     0.00,     0.00,     0.00,     0.00,     0.00,     0.00,     0.00,  -999.99
cty,21105,MN: Nobles County,1987,09,PRCP,     0.00,     0.00,     0.00,     0.00,     0.00,     0.00,     0.68,     3.49,     0.00,     0.66,     2.62,     6.34,     4.46,     0.00,    14.91,    21.79,    20.53,     1.66,     4.98,     2.44,     0.00,     0.00,     0.00,     0.00,     0.00,     0.00,     0.00,     0.00,     0.08,     0.00,  -999.99
cty,21107,MN: Norman County,1987,09,PRCP,     0.00,     0.00,     0.49,     0.00,     0.96,     2.74,     0.00,     0.65,     0.00,     0.54,     0.00,     2.91,     3.17,     0.00,     0.00,     0.00,     0.00,     6.90,    12.07,     1.55,     0.03,     0.00,     0.00,     0.00,     0.00,     0.00,     0.00,     0.00,     4.72,     0.00,  -999.99
cty,21109,MN: Olmsted County,1987,09,PRCP,     0.00,     0.00,     0.00,     0.00,     0.00,    11.34,     0.28,     5.28,     0.00,     0.00,     5.56,     2.13,     4.79,     0.15,     0.65,     4.40,     5.85,     2.33,     3.41,     8.94,     2.89,     0.21,     0.00,     0.00,     0.00,     0.00,     0.00,     0.00,     0.00,     0.00,  -999.99
cty,21111,MN: Otter Tail County,1987,09,PRCP,     0.00,     0.00,     0.00,     0.01,    16.08,     2.23,     0.00,     0.58,     0.00,     1.06,     0.94,     2.54,     3.64,     0.00,     0.00,     0.00,     5.01,     9.26,    13.87,     3.94,     0.01,     0.00,     0.00,     0.00,     0.00,     0.00,     0.00,     0.00,     2.70,     0.00,  -999.99
cty,21113,MN: Pennington County,1987,09,PRCP,     0.00,     0.00,     2.47,     0.41,     0.00,     1.34,     0.00,     1.47,     0.06,     1.60,     1.39,     2.21,     3.09,     0.00,     0.00,     0.00,     0.00,     6.24,    13.70,     1.40,     0.00,     0.00,     0.00,     0.00,     0.00,     0.00,     0.00,     0.00,     3.01,     0.00,  -999.99
cty,21115,MN: Pine County,1987,09,PRCP,     0.00,     0.00,     0.00,     0.00,     2.54,     5.67,     0.07,     2.01,     0.00,     3.17,     5.38,     2.40,     1.97,     0.02,     0.00,     0.00,     9.82,    14.35,    11.22,     7.91,     2.43,     0.00,     0.00,     0.00,     0.00,     0.00,     0.00,     0.00,     1.52,     0.00,  -999.99
cty,21117,MN: Pipestone County,1987,09,PRCP,     0.00,     0.00,     0.00,     0.00,     2.76,     0.00,     0.43,     0.00,     0.00,     0.00,     2.69,     7.46,     3.32,     0.00,     0.90,    19.78,    25.24,     2.06,     5.47,     2.59,     0.03,     0.00,     0.00,     0.00,     0.00,     0.00,     0.00,     0.00,     0.00,     0.00,  -999.99
cty,21119,MN: Polk County,1987,09,PRCP,     0.00,     0.03,     1.62,     0.22,     0.12,     1.60,     0.12,     1.47,     0.15,     0.81,     0.67,     3.03,     3.16,     0.00,     0.00,     0.09,     0.07,     6.71,    13.27,     1.37,     0.01,     0.00,     0.00,     0.00,     0.00,     0.00,     0.00,     0.10,     4.31,     0.00,  -999.99
cty,21121,MN: Pope County,1987,09,PRCP,     0.00,     0.00,     0.00,     0.00,    10.06,     0.40,     0.00,     0.49,     0.00,     1.03,     2.61,     3.92,     2.55,     0.00,     0.00,     0.00,    17.40,     8.20,    12.25,     4.09,     0.00,     0.00,     0.00,     0.00,     0.00,     0.00,     0.00,     0.00,     2.21,     0.00,  -999.99
cty,21123,MN: Ramsey County,1987,09,PRCP,     0.00,     0.00,     0.00,     0.00,     0.00,     2.36,     0.00,     1.25,     0.00,     0.00,     3.70,     3.66,     2.48,     0.00,     0.00,     1.23,     8.49,     4.34,     4.36,     4.93,     1.41,     0.00,     0.00,     0.00,     0.00,     0.00,     0.00,     0.00,     0.00,     0.00,  -999.99
cty,21125,MN: Red Lake County,1987,09,PRCP,     0.00,     0.00,     2.20,     0.15,     0.00,     1.42,     0.00,     1.63,     0.02,     1.42,     1.13,     2.17,     2.90,     0.00,     0.00,     0.00,     0.00,     6.45,    12.61,     1.38,     0.00,     0.00,     0.00,     0.00,     0.00,     0.00,     0.00,     0.00,     2.97,     0.00,  -999.99
cty,21127,MN: Redwood County,1987,09,PRCP,     0.00,     0.00,     0.00,     0.00,     0.14,     0.05,     0.04,     2.83,     0.02,     1.33,     5.50,     8.13,     0.29,     0.00,     0.00,     7.52,    14.63,     3.16,     7.41,     3.42,     0.01,     0.00,     0.00,     0.00,     0.00,     0.00,     0.00,     0.00,     0.01,     0.00,  -999.99
cty,21129,MN: Renville County,1987,09,PRCP,     0.00,     0.00,     0.00,     0.00,     0.77,     0.00,     0.00,     3.12,     0.00,     1.29,     5.30,     9.69,     0.01,     0.09,     0.00,     3.92,    17.81,     5.41,     8.09,     5.15,     0.14,     0.00,     0.00,     0.00,     0.00,     0.00,     0.00,     0.00,     0.72,     0.00,  -999.99
cty,21131,MN: Rice County,1987,09,PRCP,     0.00,     0.00,     0.00,     0.00,     0.00,     3.15,     0.00,     2.83,     0.00,     0.00,     4.69,     4.75,     4.52,     0.00,     1.88,     2.40,     9.49,     2.23,     4.53,     7.48,     1.31,     0.00,     0.00,     0.00,     0.00,     0.00,     0.00,     0.00,     0.20,     0.00,  -999.99
cty,21133,MN: Rock County,1987,09,PRCP,     0.00,     0.00,     0.00,     0.00,     0.03,     0.00,     0.00,     0.27,     0.00,     0.00,     1.10,     4.90,     3.26,     0.00,     5.90,    21.18,    24.06,     1.47,     3.61,     1.82,     0.00,     0.00,     0.00,     0.00,     0.00,     0.00,     0.00,     0.00,     0.00,     0.00,  -999.99
cty,21135,MN: Roseau County,1987,09,PRCP,     0.00,     0.00,     1.17,     0.00,     0.11,     0.48,     0.00,     0.01,     0.00,     1.62,     1.50,     1.87,     2.67,     0.00,     0.00,     0.00,     0.02,     2.99,    11.55,     0.95,     0.00,     0.00,     0.00,     0.00,     0.00,     0.00,     0.00,     0.03,     2.14,     0.00,  -999.99
cty,21137,MN: St. Louis County,1987,09,PRCP,     0.06,     0.02,     1.70,     4.27,     7.15,     6.90,     1.65,     3.98,     1.46,     4.59,     5.29,     0.35,     2.76,     0.00,     0.00,     0.00,     0.99,     8.52,    14.43,     9.41,     1.26,     0.00,     0.00,     0.00,     0.00,     0.00,     0.02,     0.01,     1.52,     0.02,  -999.99
cty,21139,MN: Scott County,1987,09,PRCP,     0.00,     0.00,     0.00,     0.00,     0.00,     1.79,     0.00,     2.39,     0.00,     0.00,     4.39,     6.37,     3.09,     0.00,     0.00,     1.73,    10.99,     3.34,     5.40,     6.59,     0.98,     0.00,     0.00,     0.00,     0.00,     0.00,     0.00,     0.00,     0.00,     0.00,  -999.99
cty,21141,MN: Sherburne County,1987,09,PRCP,     0.00,     0.00,     0.00,     0.00,     0.76,     1.16,     0.00,     1.86,     0.00,     0.00,     3.27,     4.94,     1.84,     0.00,     0.00,     0.00,    12.19,     7.73,     8.80,     5.43,     0.72,     0.00,     0.00,     0.00,     0.00,     0.00,     0.00,     0.00,     0.87,     0.00,  -999.99
cty,21143,MN: Sibley County,1987,09,PRCP,     0.00,     0.00,     0.00,     0.00,     0.00,     0.62,     0.00,     3.45,     0.00,     0.15,     5.20,    10.23,     2.09,     0.00,     0.00,     2.33,    14.47,     4.31,     6.81,     6.68,     0.23,     0.00,     0.00,     0.00,     0.00,     0.00,     0.00,     0.00,     0.00,     0.00,  -999.99
cty,21145,MN: Stearns County,1987,09,PRCP,     0.00,     0.00,     0.00,     0.00,     6.14,     0.13,     0.00,     1.99,     0.00,     0.25,     2.66,     4.19,     1.51,     0.00,     0.00,     0.00,    13.50,     9.69,    12.65,     5.19,     0.02,     0.00,     0.00,     0.00,     0.00,     0.00,     0.00,     0.00,     1.41,     0.00,  -999.99
cty,21147,MN: Steele County,1987,09,PRCP,     0.00,     0.00,     0.00,     0.00,     0.00,     3.44,     0.00,     3.52,     0.00,     0.00,     4.19,     3.08,     5.45,     0.00,     2.81,     2.45,     6.85,     1.26,     3.18,     6.90,     1.07,     0.00,     0.00,     0.00,     0.00,     0.00,     0.00,     0.00,     0.27,     0.00,  -999.99
cty,21149,MN: Stevens County,1987,09,PRCP,     0.00,     0.00,     0.00,     0.00,    16.05,     1.54,     0.00,     0.00,     0.00,     0.00,     2.02,     3.95,     2.82,     0.00,     0.00,     0.00,    18.34,     5.18,    10.35,     3.45,     0.08,     0.00,     0.00,     0.00,     0.00,     0.00,     0.00,     0.00,     2.78,     0.00,  -999.99
cty,21151,MN: Swift County,1987,09,PRCP,     0.00,     0.00,     0.00,     0.28,     7.39,     0.19,     0.00,     0.20,     0.00,     0.55,     2.65,     4.15,     0.43,     0.00,     0.00,     2.82,    18.45,     5.11,     8.85,     2.96,     0.00,     0.00,     0.00,     0.00,     0.00,     0.00,     0.00,     0.15,     1.81,     0.00,  -999.99
cty,21153,MN: Todd County,1987,09,PRCP,     0.00,     0.00,     0.00,     0.00,    13.44,     1.14,     0.00,     1.56,     0.00,     0.79,     2.12,     2.39,     2.29,     0.00,     0.00,     0.00,     8.04,    12.68,    17.57,     5.18,     0.02,     0.00,     0.00,     0.00,     0.00,     0.00,     0.00,     0.00,     1.77,     0.00,  -999.99
cty,21155,MN: Traverse County,1987,09,PRCP,     0.00,     0.00,     0.00,     0.00,    21.24,     2.65,     0.00,     0.00,     0.00,     0.00,     0.54,     4.01,     2.96,     0.00,     0.00,     0.05,    13.18,     3.17,     9.36,     3.18,     0.00,     0.00,     0.00,     0.00,     0.00,     0.00,     0.00,     0.02,     3.80,     0.00,  -999.99
cty,21157,MN: Wabasha County,1987,09,PRCP,     0.00,     0.00,     0.00,     0.00,     0.01,    15.33,     0.00,     3.57,     0.00,     0.00,     6.48,     2.49,     3.08,     0.00,     0.12,     4.29,     7.33,     4.13,     3.89,     8.49,     3.81,     0.04,     0.00,     0.00,     0.00,     0.00,     0.00,     0.00,     0.00,     0.00,  -999.99
cty,21159,MN: Wadena County,1987,09,PRCP,     0.00,     0.00,     0.00,     0.00,    18.68,     2.68,     0.00,     2.03,     0.18,     1.56,     2.50,     1.24,     3.66,     0.00,     0.00,     0.00,     2.85,    19.28,    25.44,     7.08,     0.00,     0.00,     0.00,     0.00,     0.00,     0.00,     0.00,     0.00,     2.34,     0.00,  -999.99
cty,21161,MN: Waseca County,1987,09,PRCP,     0.00,     0.00,     0.00,     0.00,     0.00,     1.94,     0.00,     3.81,     0.00,     0.00,     4.29,     4.54,     5.73,     0.00,     2.89,     2.56,     8.34,     1.39,     3.71,     6.76,     0.75,     0.00,     0.00,     0.00,     0.00,     0.00,     0.00,     0.00,     0.11,     0.00,  -999.99
cty,21163,MN: Washington County,1987,09,PRCP,     0.00,     0.00,     0.00,     0.00,     0.00,     3.32,     0.00,     1.12,     0.00,     0.10,     4.34,     3.15,     2.64,     0.00,     0.00,     1.37,     8.57,     5.24,     4.32,     5.31,     1.83,     0.01,     0.00,     0.00,     0.00,     0.00,     0.00,     0.00,     0.27,     0.00,  -999.99
cty,21165,MN: Watonwan County,1987,09,PRCP,     0.00,     0.00,     0.00,     0.00,     0.00,     0.00,     0.16,     3.24,     0.00,     0.71,     5.66,     7.74,     3.45,     0.09,     4.26,     5.70,     9.30,     1.68,     5.06,     4.34,     0.00,     0.00,     0.00,     0.00,     0.00,     0.00,     0.00,     0.00,     0.00,     0.00,  -999.99
cty,21167,MN: Wilkin County,1987,09,PRCP,     0.00,     0.00,     0.00,     0.00,    15.88,     3.79,     0.01,     0.05,     0.00,     0.28,     0.00,     3.26,     4.28,     0.00,     0.00,     0.00,     3.86,     3.72,    10.50,     2.83,     0.03,     0.00,     0.00,     0.00,     0.00,     0.00,     0.01,     0.00,     4.78,     0.00,  -999.99
cty,21169,MN: Winona County,1987,09,PRCP,     0.00,     0.00,     0.00,     0.00,     0.00,     8.96,     0.89,     4.80,     0.00,     0.00,     2.97,     0.59,     4.47,     0.01,     0.00,     5.11,     6.80,     3.23,     3.03,     6.71,     2.89,     0.11,     0.00,     0.00,     0.00,     0.00,     0.00,     0.01,     0.00,     0.00,  -999.99
cty,21171,MN: Wright County,1987,09,PRCP,     0.00,     0.00,     0.00,     0.00,     0.03,     0.83,     0.00,     1.87,     0.00,     0.00,     3.12,     5.71,     1.46,     0.00,     0.00,     0.00,    11.30,     5.71,     6.87,     4.92,     0.44,     0.00,     0.00,     0.00,     0.00,     0.00,     0.00,     0.00,     0.45,     0.00,  -999.99
cty,21173,MN: Yellow Medicine County,1987,09,PRCP,     0.00,     0.00,     0.00,     0.00,     6.76,     0.00,     0.02,     0.69,     0.27,     0.68,     3.79,     6.89,     0.00,     0.00,     0.00,     6.84,    17.98,     3.48,     7.94,     2.73,     0.00,     0.00,     0.00,     0.00,     0.00,     0.00,     0.00,     0.01,     0.02,     0.00,  -999.99
cty,22001,MS: Adams County,1987,09,PRCP,     1.64,     0.00,     0.00,     0.00,     0.00,     0.00,     0.00,     0.00,     0.00,     2.44,     4.86,    11.74,     0.00,     0.00,     0.00,     0.00,     1.17,     9.24,    24.48,     1.27,     0.00,     0.00,     0.00,     0.00,     0.00,     0.00,     0.00,     0.00,     0.00,     0.00,  -999.99
cty,22003,MS: Alcorn County,1987,09,PRCP,     0.00,     0.00,     0.00,     0.00,     0.00,     0.00,     0.07,     2.27,     0.00,     0.35,    36.57,     9.37,     3.42,     0.00,     0.00,     0.19,     0.00,     0.11,     9.77,     0.00,     0.00,     0.00,     0.00,     0.00,     0.00,     0.00,     0.00,     0.08,     1.07,     3.95,  -999.99
cty,22005,MS: Amite County,1987,09,PRCP,     2.29,     0.01,     0.00,     0.00,     0.00,     0.00,     0.00,     0.00,     0.00,     2.92,     0.30,     9.98,     0.00,     0.00,     0.00,     0.00,     3.38,    13.39,    20.13,     2.88,     0.00,     0.00,     0.00,     0.00,     0.00,     0.00,     0.00,     0.00,     0.00,     0.00,  -999.99
cty,22007,MS: Attala County,1987,09,PRCP,     0.00,     0.00,     0.00,     0.00,     0.00,     0.00,     0.00,     0.02,     0.00,     0.00,     5.94,     7.66,     8.72,     0.00,     0.00,     0.00,     0.00,     0.00,    18.36,     0.00,     0.00,     0.00,     0.00,     0.00,     0.00,     0.00,     0.00,     0.00,     0.00,     0.45,  -999.99
cty,22009,MS: Benton County,1987,09,PRCP,     0.00,     0.00,     0.00,     0.00,     0.00,     0.00,     0.00,     3.03,     0.00,     0.06,    33.71,     5.55,     5.30,     0.04,     0.00,     4.01,     0.00,     0.00,    10.69,     0.00,     0.00,     0.00,     0.00,     0.00,     0.00,     0.00,     0.00,     0.00,     2.92,     0.28,  -999.99
cty,22011,MS: Bolivar County,1987,09,PRCP,     0.00,     0.00,     0.00,     0.00,     0.00,     0.00,     0.00,     0.00,     0.00,     0.00,    21.20,     3.06,    22.70,     0.00,     0.00,     0.00,     0.00,     0.28,    22.23,     0.00,     0.00,     0.00,     0.00,     0.00,     0.00,     0.00,     0.00,     0.00,     0.00,     0.00,  -999.99
cty,22013,MS: Calhoun County,1987,09,PRCP,     0.00,     0.00,     0.00,     0.00,     0.00,     0.00,     0.00,     0.00,     0.35,     0.00,    22.78,     7.19,     6.54,     0.00,     0.00,     0.07,     0.00,     0.00,    13.78,     0.00,     0.00,     0.00,     0.00,     0.00,     0.00,     0.00,     0.00,     0.00,     0.00,     0.04,  -999.99
cty,22015,MS: Carroll County,1987,09,PRCP,     0.00,     0.00,     0.00,     0.00,     0.00,     0.00,     0.00,     0.00,     0.00,     0.06,     7.50,     3.73,    11.97,     0.00,     0.00,     0.00,     0.00,     0.00,    14.85,     0.00,     0.00,     0.00,     0.00,     0.00,     0.00,     0.00,     0.00,     0.00,     0.00,     0.14,  -999.99
cty,22017,MS: Chickasaw County,1987,09,PRCP,     0.00,     0.00,     0.00,     0.00,     0.00,     0.00,     0.00,     0.00,     0.00,     0.00,    37.81,    11.61,     8.33,     0.00,     0.00,     0.00,     0.00,     0.00,    17.30,     0.46,     0.00,     0.00,     0.00,     0.00,     0.00,     0.00,     0.00,     0.00,     0.00,     1.71,  -999.99
cty,22019,MS: Choctaw County,1987,09,PRCP,     0.00,     0.00,     0.00,     0.00,     0.00,     0.00,     0.00,     0.15,     0.00,     0.00,    11.55,     9.38,    10.44,     0.00,     0.00,     0.00,     0.00,     0.00,    19.83,     0.00,     0.00,     0.00,     0.00,     0.00,     0.00,     0.00,     0.00,     0.00,     0.00,     2.26,  -999.99
cty,22021,MS: Claiborne County,1987,09,PRCP,     0.15,     0.00,     0.00,     0.00,     0.00,     0.00,     0.00,     0.00,     0.00,     2.62,     3.61,     8.80,     0.00,     0.00,     0.00,     0.00,     0.00,     5.73,    15.75,     0.00,     0.00,     0.00,     0.00,     0.00,     0.00,     0.00,     0.00,     0.00,     0.00,     0.00,  -999.99
cty,22023,MS: Clarke County,1987,09,PRCP,     1.82,     0.00,     0.00,     0.00,     0.00,     0.00,     3.76,     3.42,     0.10,     0.07,     0.00,    11.76,     0.00,     0.00,     0.00,     0.06,     0.06,    15.05,    22.98,     0.00,     0.00,     0.00,     0.00,     0.00,     0.00,     0.00,     0.00,     0.00,     0.23,    14.02,  -999.99
cty,22025,MS: Clay County,1987,09,PRCP,     0.00,     0.00,     0.00,     0.00,     0.00,     0.00,     0.38,     0.00,     0.06,     0.00,    17.46,     6.94,     6.55,     0.00,     0.00,     0.00,     0.00,     0.00,    11.74,     0.00,     0.00,     0.00,     0.00,     0.00,     0.00,     0.00,     0.00,     0.00,     0.00,     3.02,  -999.99
cty,22027,MS: Coahoma County,1987,09,PRCP,     0.00,     0.00,     0.00,     0.00,     0.00,     0.00,     0.00,     0.15,     0.00,     0.00,    11.46,     1.45,     7.22,     0.00,     0.00,     0.09,     0.00,     0.00,     9.40,     0.00,     0.00,     0.00,     0.00,     0.00,     0.00,     0.00,     0.00,     0.00,     0.10,     0.00,  -999.99
cty,22029,MS: Copiah County,1987,09,PRCP,     1.20,     0.00,     0.00,     0.00,     0.00,     0.00,     0.00,     0.03,     0.05,     2.20,     2.73,     9.65,     0.00,     0.00,     0.00,     0.00,     0.07,     7.03,    12.97,     0.00,     0.00,     0.00,     0.00,     0.00,     0.00,     0.00,     0.00,     0.00,     0.00,     0.00,  -999.99
cty,22031,MS: Covington County,1987,09,PRCP,     1.53,     0.00,     0.00,     0.00,     0.00,     0.00,     0.00,     0.00,     0.09,     1.23,     0.00,     7.35,     0.00,     0.00,     0.00,     0.00,     0.00,     8.58,     9.18,     1.28,     0.00,     0.00,     0.00,     0.00,     0.00,     0.00,     0.00,     0.00,     0.00,     3.81,  -999.99
cty,22033,MS: DeSoto County,1987,09,PRCP,     0.00,     0.00,     0.00,     0.00,     0.00,     0.00,     0.00,     6.18,     0.00,     0.00,    23.80,     2.59,     8.28,     0.00,     0.00,     7.67,     0.00,     0.00,    11.84,     0.00,     0.00,     0.00,     0.00,     0.00,     0.00,     0.00,     0.00,     0.00,     6.77,     0.00,  -999.99
cty,22035,MS: Forrest County,1987,09,PRCP,     3.16,     0.00,     0.00,     0.00,     0.00,     0.00,     0.00,     0.03,     0.04,     0.04,     0.00,     7.75,     0.00,     0.00,     0.00,     0.00,     0.00,    16.67,    11.95,     6.79,     0.00,     0.00,     0.00,     0.00,     0.00,     0.00,     0.00,     0.00,     0.00,     8.31,  -999.99
cty,22037,MS: Franklin County,1987,09,PRCP,     1.64,     0.00,     0.00,     0.00,     0.00,     0.00,     0.00,     0.00,     0.00,     3.23,     2.77,     8.95,     0.00,     0.00,     0.00,     0.00,     0.14,     9.29,    18.18,     1.38,     0.00,     0.00,     0.00,     0.00,     0.00,     0.00,     0.00,     0.00,     0.00,     0.05,  -999.99
cty,22039,MS: George County,1987,09,PRCP,     2.79,     0.00,     0.00,     0.00,     0.00,     0.00,     0.00,     0.00,     0.00,     0.00,     0.00,    10.45,     1.51,     0.00,     0.00,     0.00,     0.00,    19.58,    10.94,     6.52,     0.00,     0.00,     0.00,     0.00,     0.00,     0.00,     0.00,     0.00,     1.00,    13.09,  -999.99
cty,22041,MS: Greene County,1987,09,PRCP,     3.84,     0.00,     0.00,     0.00,     0.00,     0.00,     0.00,     0.00,     0.00,     0.00,     0.00,    10.19,     0.00,     0.00,     0.00,     0.00,     0.00,    30.04,    17.79,     6.29,     0.00,     0.00,     0.00,     0.00,     0.00,     0.00,     0.00,     0.00,     0.00,    15.14,  -999.99
cty,22043,MS: Grenada County,1987,09,PRCP,     0.00,     0.00,     0.00,     0.00,     0.00,     0.00,     0.00,     0.00,     0.00,     0.00,    14.11,     4.44,    10.21,     0.00,     0.00,     0.00,     0.00,     0.00,    14.35,     0.00,     0.00,     0.00,     0.00,     0.00,     0.00,     0.00,     0.00,     0.00,     0.00,     0.02,  -999.99
cty,22045,MS: Hancock County,1987,09,PRCP,     2.25,     0.00,     0.00,     0.00,     0.00,     0.00,     0.00,     0.09,     0.00,     0.08,     0.00,     6.64,     0.18,     0.02,     0.00,     0.00,     0.09,     8.84,     8.41,     5.12,     0.01,     0.00,     0.00,     0.00,     0.00,     0.00,     0.00,     0.00,     0.16,     8.16,  -999.99
cty,22047,MS: Harrison County,1987,09,PRCP,     2.57,     0.00,     0.00,     0.00,     0.00,     0.00,     0.00,     0.00,     0.00,     0.00,     0.12,     7.78,     0.31,     0.00,     0.00,     0.00,     0.00,    10.67,     8.68,     6.11,     0.00,     0.00,     0.00,     0.00,     0.00,     0.00,     0.00,     0.00,     2.49,    11.95,  -999.99
cty,22049,MS: Hinds County,1987,09,PRCP,     0.03,     0.00,     0.00,     0.00,     0.00,     0.00,     0.00,     0.00,     0.00,     0.05,     4.36,    10.94,     0.00,     0.00,     0.00,     0.00,     0.00,     5.67,    16.82,     0.14,     0.00,     0.00,     0.00,     0.00,     0.00,     0.00,     0.00,     0.00,     0.00,     0.00,  -999.99
cty,22051,MS: Holmes County,1987,09,PRCP,     0.00,     0.00,     0.00,     0.00,     0.00,     0.00,     0.00,     0.35,     0.00,     0.00,     4.42,     3.77,     7.09,     0.00,     0.00,     0.00,     0.00,     0.00,    12.98,     0.00,     0.00,     0.00,     0.00,     0.00,     0.00,     0.00,     0.00,     0.00,     0.06,     0.00,  -999.99
cty,22053,MS: Humphreys County,1987,09,PRCP,     0.16,     0.00,     0.00,     0.00,     0.00,     0.00,     0.00,     0.00,     0.00,     0.00,     3.80,     2.55,     2.95,     0.00,     0.00,     0.00,     0.00,     0.00,    10.11,     0.00,     0.00,     0.03,     0.00,     0.00,     0.00,     0.00,     0.00,     0.00,     0.00,     0.00,  -999.99
cty,22055,MS: Issaquena County,1987,09,PRCP,     0.02,     0.00,     0.00,     0.00,     0.00,     0.00,     0.00,     0.00,     2.62,     3.13,     8.06,     9.20,     0.00,     0.01,     0.00,     0.00,     0.00,     0.00,    22.16,     0.00,     0.00,     0.00,     0.00,     0.00,     0.00,     0.00,     0.00,     0.00,     0.00,     0.00,  -999.99
cty,22057,MS: Itawamba County,1987,09,PRCP,     0.00,     0.00,     0.00,     0.00,     0.01,     0.00,     0.10,     0.09,     0.30,     0.05,    37.52,     9.77,     3.18,     0.00,     0.00,     0.00,     0.00,     0.05,     8.30,     0.28,     0.00,     0.00,     0.00,     0.00,     0.00,     0.00,     0.00,     0.00,     0.00,     3.66,  -999.99
cty,22059,MS: Jackson County,1987,09,PRCP,     0.93,     0.00,     0.00,     0.00,     0.01,     0.00,     0.00,     0.04,     0.11,     0.00,     0.10,     9.34,     3.60,     0.00,     0.00,     0.00,     0.00,     9.48,     6.06,     3.81,     0.00,     0.00,     0.00,     0.00,     0.00,     0.00,     0.00,     0.00,     4.91,    11.89,  -999.99
cty,22061,MS: Jasper County,1987,09,PRCP,     1.24,     0.00,     0.00,     0.00,     0.00,     0.00,     0.00,     1.21,     0.87,     0.19,     0.00,    11.59,     0.00,     0.12,     0.00,     0.05,     0.00,    10.52,    16.95,     0.00,     0.00,     0.00,     0.00,     0.00,     0.00,     0.00,     0.00,     0.00,     0.00,     9.27,  -999.99
cty,22063,MS: Jefferson County,1987,09,PRCP,     1.20,     0.00,     0.00,     0.00,     0.00,     0.00,     0.00,     0.00,     0.00,     3.08,     3.89,     9.65,     0.00,     0.00,     0.07,     0.00,     0.00,     7.53,    18.76,     0.00,     0.00,     0.00,     0.00,     0.00,     0.00,     0.00,     0.00,     0.00,     0.00,     0.00,  -999.99
cty,22065,MS: Jefferson Davis County,1987,09,PRCP,     1.93,     0.00,     0.00,     0.00,     0.00,     0.00,     0.00,     0.00,     0.00,     2.71,     0.00,     9.09,     0.00,     0.00,     0.00,     0.00,     0.00,    10.51,    10.61,     1.70,     0.00,     0.00,     0.00,     0.00,     0.00,     0.00,     0.00,     0.00,     0.00,     2.05,  -999.99
cty,22067,MS: Jones County,1987,09,PRCP,     2.02,     0.00,     0.00,     0.00,     0.00,     0.00,     0.00,     0.00,     0.29,     0.00,     0.00,     6.52,     0.00,     0.00,     0.00,     0.12,     0.00,    13.62,    12.13,     2.72,     0.00,     0.00,     0.00,     0.00,     0.00,     0.00,     0.00,     0.00,     0.00,     8.11,  -999.99
cty,22069,MS: Kemper County,1987,09,PRCP,     0.00,     0.00,     0.00,     0.00,     0.00,     0.00,    12.43,     1.14,     0.36,     0.00,     0.00,    14.64,     0.17,     2.70,     0.00,     0.00,     0.00,     2.66,    28.92,     0.00,     0.00,     0.00,     0.00,     0.00,     0.00,     0.00,     0.00,     0.00,     0.00,    14.90,  -999.99
cty,22071,MS: Lafayette County,1987,09,PRCP,     0.00,     0.00,     0.00,     0.00,     0.00,     0.00,     0.00,     1.37,     0.00,     0.00,    30.82,     6.14,     4.87,     0.00,     0.00,     4.30,     0.00,     0.00,    12.86,     0.00,     0.00,     0.00,     0.00,     0.00,     0.00,     0.00,     0.00,     0.03,     0.00,     0.00,  -999.99
cty,22073,MS: Lamar County,1987,09,PRCP,     2.87,     0.00,     0.00,     0.00,     0.00,     0.00,     0.00,     0.02,     0.13,     0.32,     0.00,     7.56,     0.00,     0.00,     0.00,     0.00,     0.00,    13.46,    10.22,     5.56,     0.00,     0.00,     0.00,     0.00,     0.00,     0.00,     0.00,     0.00,     0.00,     5.33,  -999.99
cty,22075,MS: Lauderdale County,1987,09,PRCP,     0.03,     0.00,     0.00,     0.00,     0.00,     0.00,    10.81,     5.07,     0.00,     0.18,     0.00,    19.60,     0.00,     0.00,     0.00,     1.14,     0.00,    10.89,    34.09,     0.00,     0.00,     0.00,     0.00,     0.00,     0.00,     0.00,     0.00,     0.00,     0.00,    19.29,  -999.99
cty,22077,MS: Lawrence County,1987,09,PRCP,     2.58,     0.00,     0.00,     0.00,     0.00,     0.00,     0.00,     0.00,     0.00,     4.08,     0.00,    12.12,     0.00,     0.00,     0.00,     0.00,     0.15,    14.18,    14.80,     1.53,     0.00,     0.00,     0.00,     0.00,     0.00,     0.00,     0.00,     0.00,     0.00,     0.21,  -999.99
cty,22079,MS: Leake County,1987,09,PRCP,     0.00,     0.00,     0.00,     0.00,     0.00,     0.00,     0.00,     0.03,     0.00,     0.06,     4.12,    14.57,     0.79,     0.02,     0.06,     0.64,     0.00,     1.76,    22.77,     0.06,     0.00,     0.00,     0.00,     0.00,     0.00,     0.00,     0.00,     0.00,     0.00,     1.54,  -999.99
cty,22081,MS: Lee County,1987,09,PRCP,     0.00,     0.00,     0.00,     0.00,     0.00,     0.00,     0.00,     0.00,     0.19,     0.00,    38.53,     9.00,     3.81,     0.06,     0.00,     0.00,     0.00,     0.00,    10.23,     0.33,     0.00,     0.00,     0.00,     0.00,     0.00,     0.00,     0.00,     0.00,     0.00,     2.43,  -999.99
cty,22083,MS: Leflore County,1987,09,PRCP,     0.00,     0.00,     0.00,     0.00,     0.00,     0.00,     0.00,     0.05,     0.00,     0.00,     7.57,     2.24,    10.87,     0.00,     0.00,     0.00,     0.00,     0.00,    11.21,     0.00,     0.00,     0.00,     0.00,     0.00,     0.00,     0.00,     0.00,     0.01,     0.01,     0.00,  -999.99
cty,22085,MS: Lincoln County,1987,09,PRCP,     3.32,     0.00,     0.00,     0.00,     0.00,     0.00,     0.00,     0.00,     0.00,     6.22,     2.05,    17.58,     0.00,     0.00,     0.02,     0.00,     0.00,    19.63,    25.90,     2.10,     0.00,     0.00,     0.00,     0.00,     0.00,     0.00,     0.00,     0.00,     0.20,     0.00,  -999.99
cty,22087,MS: Lowndes County,1987,09,PRCP,     0.00,     0.00,     0.00,     0.00,     0.00,     0.00,     6.42,     0.00,     0.00,     0.00,    18.48,     9.52,     7.33,     0.45,     0.00,     0.00,     0.00,     0.00,    15.12,     0.00,     0.00,     0.00,     0.00,     0.00,     0.00,     0.00,     0.00,     0.00,     0.00,     6.17,  -999.99
cty,22089,MS: Madison County,1987,09,PRCP,     0.00,     0.00,     0.00,     0.00,     0.00,     0.00,     0.00,     0.02,     0.00,     0.00,     4.23,     9.17,     0.00,     0.00,     0.02,     0.08,     0.00,     2.81,    16.27,     0.00,     0.00,     0.00,     0.00,     0.00,     0.00,     0.00,     0.00,     0.00,     0.00,     0.00,  -999.99
cty,22091,MS: Marion County,1987,09,PRCP,     2.54,     0.00,     0.00,     0.00,     0.00,     0.00,     0.00,     0.00,     0.87,     2.31,     0.00,     8.37,     0.00,     0.00,     0.00,     0.00,     0.00,    13.40,    11.03,     3.74,     0.00,     0.00,     0.00,     0.00,     0.00,     0.00,     0.00,     0.00,     0.00,     3.40,  -999.99
cty,22093,MS: Marshall County,1987,09,PRCP,     0.00,     0.00,     0.00,     0.00,     0.00,     0.00,     0.01,     3.92,     0.00,     0.01,    25.26,     3.46,     5.64,     0.00,     0.01,     4.96,     0.00,     0.00,     9.59,     0.00,     0.00,     0.00,     0.00,     0.00,     0.00,     0.00,     0.00,     0.00,     3.45,     0.00,  -999.99
cty,22095,MS: Monroe County,1987,09,PRCP,     0.00,     0.00,     0.00,     0.00,     0.00,     0.00,     0.30,     0.00,     0.00,     0.00,    28.95,     9.04,     4.96,     0.00,     0.00,     0.00,     0.00,     0.00,     9.94,     0.00,     0.00,     0.00,     0.00,     0.00,     0.00,     0.00,     0.00,     0.00,     0.00,     3.58,  -999.99
cty,22097,MS: Montgomery County,1987,09,PRCP,     0.00,     0.00,     0.00,     0.00,     0.00,     0.00,     0.00,     0.00,     0.00,     0.00,     8.54,     4.69,     9.85,     0.00,     0.00,     0.00,     0.00,     0.00,    14.24,     0.00,     0.00,     0.00,     0.00,     0.00,     0.00,     0.00,     0.00,     0.00,     0.00,     0.15,  -999.99
cty,22099,MS: Neshoba County,1987,09,PRCP,     0.00,     0.00,     0.00,     0.00,     0.00,     0.00,     1.18,     0.09,     0.00,     0.00,     0.95,    13.73,     1.94,     0.02,     0.01,     0.00,     0.00,     2.53,    22.27,     0.01,     0.00,     0.00,     0.00,     0.00,     0.00,     0.00,     0.00,     0.00,     0.00,     7.83,  -999.99
cty,22101,MS: Newton County,1987,09,PRCP,     0.05,     0.00,     0.00,     0.00,     0.00,     0.00,     0.71,     1.58,     0.28,     0.00,     0.00,    19.59,     0.00,     0.00,     0.00,     2.45,     0.00,     8.53,    25.97,     0.00,     0.00,     0.00,     0.00,     0.00,     0.00,     0.00,     0.00,     0.00,     0.00,    11.46,  -999.99
cty,22103,MS: Noxubee County,1987,09,PRCP,     0.00,     0.00,     0.00,     0.00,     0.00,     0.00,     9.60,     0.05,     0.19,     0.00,     6.39,     8.87,     5.36,     2.99,     0.00,     0.00,     0.00,     0.00,    19.57,     0.08,     0.00,     0.00,     0.00,     0.00,     0.00,     0.00,     0.00,     0.00,     0.00,     9.06,  -999.99
cty,22105,MS: Oktibbeha County,1987,09,PRCP,     0.00,     0.00,     0.00,     0.00,     0.00,     0.00,     0.89,     0.00,     0.00,     0.00,    11.58,     7.01,     6.99,     0.00,     0.00,     0.00,     0.00,     0.00,    14.15,     0.00,     0.00,     0.00,     0.00,     0.00,     0.00,     0.00,     0.00,     0.00,     0.00,     4.12,  -999.99
cty,22107,MS: Panola County,1987,09,PRCP,     0.00,     0.00,     0.00,     0.00,     0.00,     0.00,     0.00,     6.84,     0.00,     0.00,    29.38,     4.38,     8.07,     0.00,     0.00,     5.20,     0.00,     0.04,    15.83,     0.00,     0.00,     0.00,     0.00,     0.00,     0.00,     0.00,     0.00,     0.00,     0.23,     0.00,  -999.99
cty,22109,MS: Pearl River County,1987,09,PRCP,     2.03,     0.00,     0.00,     0.00,     0.00,     0.00,     0.00,     0.00,     0.00,     0.01,     0.00,     5.54,     0.00,     0.00,     0.00,     0.00,     0.02,     9.61,     7.70,     4.27,     0.00,     0.00,     0.00,     0.00,     0.00,     0.00,     0.00,     0.00,     0.00,     4.65,  -999.99
cty,22111,MS: Perry County,1987,09,PRCP,     3.67,     0.00,     0.00,     0.00,     0.00,     0.00,     0.00,     0.00,     0.00,     0.00,     0.00,     9.00,     0.00,     0.00,     0.00,     0.00,     0.00,    24.24,    15.87,     8.18,     0.00,     0.00,     0.00,     0.00,     0.00,     0.00,     0.00,     0.00,     0.46,    12.91,  -999.99
cty,22113,MS: Pike County,1987,09,PRCP,     4.30,     0.00,     0.00,     0.00,     0.00,     0.00,     0.00,     0.00,     0.00,     6.25,     0.09,    18.57,     0.00,     0.00,     0.00,     0.00,     4.63,    29.51,    29.31,     5.44,     0.00,     0.00,     0.00,     0.00,     0.00,     0.00,     0.00,     0.00,     0.09,     0.07,  -999.99
cty,22115,MS: Pontotoc County,1987,09,PRCP,     0.00,     0.00,     0.00,     0.00,     0.00,     0.00,     0.00,     0.00,     0.00,     0.00,    36.26,     8.76,     4.43,     0.00,     0.00,     0.42,     0.00,     0.00,    12.65,     0.25,     0.00,     0.00,     0.00,     0.00,     0.00,     0.00,     0.00,     0.02,     0.00,     0.64,  -999.99
cty,22117,MS: Prentiss County,1987,09,PRCP,     0.00,     0.00,     0.00,     0.00,     0.00,     0.00,     0.00,     0.38,     0.47,     0.12,    46.23,    10.94,     3.46,     0.00,     0.00,     0.00,     0.00,     0.00,    10.60,     0.05,     0.00,     0.00,     0.00,     0.00,     0.00,     0.00,     0.00,     0.00,     0.00,     3.83,  -999.99
cty,22119,MS: Quitman County,1987,09,PRCP,     0.00,     0.00,     0.00,     0.00,     0.00,     0.00,     0.00,     2.24,     0.00,     0.00,    15.42,     2.08,     7.21,     0.00,     0.00,     1.33,     0.00,     0.00,    10.64,     0.00,     0.00,     0.00,     0.00,     0.00,     0.00,     0.00,     0.00,     0.00,     0.05,     0.00,  -999.99
cty,22121,MS: Rankin County,1987,09,PRCP,     0.20,     0.00,     0.00,     0.00,     0.00,     0.00,     0.00,     0.05,     0.00,     0.00,     3.06,    16.54,     0.00,     0.00,     0.13,     0.45,     0.00,     8.56,    19.66,     0.00,     0.00,     0.00,     0.00,     0.00,     0.00,     0.00,     0.00,     0.00,     0.00,     0.00,  -999.99
cty,22123,MS: Scott County,1987,09,PRCP,     0.00,     0.00,     0.00,     0.00,     0.00,     0.00,     0.00,     0.00,     0.00,     0.00,     0.42,    22.47,     0.00,     0.00,     0.00,     3.46,     0.00,     8.04,    24.03,     0.00,     0.00,     0.00,     0.00,     0.00,     0.00,     0.00,     0.00,     0.00,     0.00,     2.91,  -999.99
cty,22125,MS: Sharkey County,1987,09,PRCP,     0.09,     0.00,     0.00,     0.00,     0.00,     0.00,     0.00,     0.00,     1.69,     2.10,     7.70,     7.07,     0.00,     0.00,     0.00,     0.00,     0.00,     0.00,    20.42,     0.00,     0.00,     0.00,     0.00,     0.00,     0.00,     0.00,     0.00,     0.00,     0.08,     0.00,  -999.99
cty,22127,MS: Simpson County,1987,09,PRCP,     2.01,     0.00,     0.00,     0.00,     0.00,     0.00,     0.00,     0.00,     0.27,     1.29,     0.45,    16.13,     0.00,     0.00,     0.00,     0.00,     0.00,    11.26,    17.57,     0.00,     0.00,     0.00,     0.00,     0.00,     0.00,     0.00,     0.00,     0.00,     0.00,     0.31,  -999.99
cty,22129,MS: Smith County,1987,09,PRCP,     1.31,     0.00,     0.00,     0.00,     0.00,     0.00,     0.00,     0.00,     0.00,     0.22,     0.00,    19.03,     0.00,     0.00,     0.00,     1.41,     0.00,    11.52,    20.58,     0.00,     0.00,     0.00,     0.00,     0.00,     0.00,     0.00,     0.00,     0.00,     0.00,     5.86,  -999.99
cty,22131,MS: Stone County,1987,09,PRCP,     2.59,     0.00,     0.00,     0.00,     0.00,     0.00,     0.00,     0.00,     0.00,     0.00,     0.00,     7.25,     0.00,     0.00,     0.00,     0.00,     0.00,    13.75,     9.39,     6.45,     0.00,     0.00,     0.00,     0.00,     0.00,     0.00,     0.00,     0.00,     0.00,     9.74,  -999.99
cty,22133,MS: Sunflower County,1987,09,PRCP,     0.00,     0.00,     0.00,     0.00,     0.00,     0.00,     0.00,     0.00,     0.00,     0.00,     9.20,     1.90,    11.51,     0.00,     0.00,     0.00,     0.00,     0.05,    11.30,     0.00,     0.00,     0.00,     0.00,     0.00,     0.00,     0.00,     0.00,     0.00,     0.02,     0.00,  -999.99
cty,22135,MS: Tallahatchie County,1987,09,PRCP,     0.00,     0.00,     0.00,     0.00,     0.00,     0.00,     0.00,     0.80,     0.00,     0.00,    13.87,     2.63,     9.74,     0.00,     0.00,     0.41,     0.00,     0.05,    11.63,     0.00,     0.00,     0.00,     0.00,     0.00,     0.00,     0.00,     0.00,     0.01,     0.00,     0.00,  -999.99
cty,22137,MS: Tate County,1987,09,PRCP,     0.00,     0.00,     0.00,     0.00,     0.00,     0.00,     0.00,     5.30,     0.00,     0.00,    23.62,     2.87,     6.77,     0.04,     0.00,     5.39,     0.00,     0.00,    11.47,     0.00,     0.00,     0.00,     0.00,     0.00,     0.00,     0.00,     0.00,     0.03,     3.77,     0.00,  -999.99
cty,22139,MS: Tippah County,1987,09,PRCP,     0.00,     0.00,     0.00,     0.00,     0.00,     0.00,     0.00,     1.56,     0.00,     0.00,    40.20,     7.87,     4.34,     0.00,     0.00,     1.55,     0.00,     0.00,    11.00,     0.00,     0.00,     0.00,     0.00,     0.00,     0.00,     0.00,     0.00,     0.00,     0.97,     1.76,  -999.99
cty,22141,MS: Tishomingo County,1987,09,PRCP,     0.00,     0.00,     0.00,     0.00,     0.01,     0.00,     0.00,     1.56,     0.00,     0.15,    39.60,    11.60,     2.50,     0.52,     0.00,     0.00,     0.00,     0.10,     8.96,     0.00,     0.00,     0.00,     0.00,     0.00,     0.00,     0.00,     0.00,     0.00,     0.00,     6.16,  -999.99
cty,22143,MS: Tunica County,1987,09,PRCP,     0.00,     0.00,     0.00,     0.00,     0.00,     0.00,     0.00,     3.26,     0.00,     0.00,    14.88,     1.67,     5.50,     0.00,     0.00,     3.84,     0.00,     0.00,     9.22,     0.00,     0.00,     0.00,     0.00,     0.00,     0.00,     0.00,     0.00,     0.00,     3.28,     0.00,  -999.99
cty,22145,MS: Union County,1987,09,PRCP,     0.00,     0.00,     0.00,     0.00,     0.00,     0.00,     0.00,     0.03,     0.00,     0.00,    41.01,     8.25,     4.11,     0.00,     0.00,     1.60,     0.00,     0.00,    11.99,     0.00,     0.00,     0.00,     0.00,     0.00,     0.00,     0.00,     0.00,     0.00,     0.00,     0.64,  -999.99
cty,22147,MS: Walthall County,1987,09,PRCP,     2.98,     0.00,     0.00,     0.00,     0.00,     0.00,     0.00,     0.00,     0.81,     3.80,     0.00,    11.31,     0.00,     0.00,     0.00,     0.00,     0.38,    17.95,    15.74,     4.00,     0.00,     0.00,     0.00,     0.00,     0.00,     0.00,     0.00,     0.00,     0.00,     1.25,  -999.99
cty,22149,MS: Warren County,1987,09,PRCP,     0.00,     0.00,     0.00,     0.00,     0.00,     0.00,     0.00,     0.00,     0.59,     2.45,     7.80,    15.01,     0.00,     0.00,     0.00,     0.00,     0.00,     5.68,    28.10,     0.00,     0.00,     0.00,     0.00,     0.00,     0.00,     0.00,     0.00,     0.00,     0.00,     0.00,  -999.99
cty,22151,MS: Washington County,1987,09,PRCP,     0.00,     0.00,     0.00,     0.00,     0.00,     0.00,     0.00,     0.00,     0.00,     0.03,     8.30,     2.61,     7.02,     0.00,     0.00,     0.00,     0.00,     0.00,    12.98,     0.00,     0.00,     0.01,     0.00,     0.00,     0.00,     0.00,     0.00,     0.00,     0.00,     0.00,  -999.99
cty,22153,MS: Wayne County,1987,09,PRCP,     3.20,     0.00,     0.00,     0.00,     0.00,     0.00,     0.62,     0.16,     0.00,     0.02,     0.00,     9.01,     0.00,     0.00,     0.00,     0.00,     0.00,    25.98,    21.60,     0.86,     0.00,     0.00,     0.00,     0.00,     0.00,     0.00,     0.00,     0.00,     0.06,    15.25,  -999.99
cty,22155,MS: Webster County,1987,09,PRCP,     0.00,     0.00,     0.00,     0.00,     0.00,     0.03,     0.00,     0.00,     0.06,     0.08,    13.97,     7.34,     8.23,     0.00,     0.00,     0.00,     0.00,     0.09,    14.59,     0.00,     0.00,     0.00,     0.00,     0.00,     0.00,     0.00,     0.00,     0.00,     0.00,     0.18,  -999.99
cty,22157,MS: Wilkinson County,1987,09,PRCP,     1.61,     0.00,     0.00,     0.00,     0.00,     0.00,     0.00,     0.00,     0.00,     1.12,     2.33,     7.86,     0.01,     0.00,     0.00,     0.01,     2.39,     6.46,    18.33,     1.99,     0.00,     0.00,     0.00,     0.00,     0.00,     0.00,     0.00,     0.00,     0.10,     0.00,  -999.99
cty,22159,MS: Winston County,1987,09,PRCP,     0.00,     0.00,     0.00,     0.00,     0.00,     0.00,     1.76,     0.06,     0.00,     0.00,     7.36,     9.61,     7.25,     0.06,     0.00,     0.00,     0.00,     0.15,    19.86,     0.04,     0.00,     0.00,     0.00,     0.00,     0.00,     0.00,     0.00,     0.00,     0.00,     5.78,  -999.99
cty,22161,MS: Yalobusha County,1987,09,PRCP,     0.00,     0.00,     0.00,     0.00,     0.00,     0.00,     0.00,     0.39,     0.00,     0.03,    17.59,     4.11,     5.73,     0.00,     0.00,     1.15,     0.00,     0.00,    11.28,     0.00,     0.00,     0.00,     0.00,     0.00,     0.00,     0.00,     0.00,     0.00,     0.00,     0.00,  -999.99
cty,22163,MS: Yazoo County,1987,09,PRCP,     0.00,     0.00,     0.00,     0.00,     0.00,     0.00,     0.00,     0.01,     0.19,     0.25,     4.82,     6.66,     0.00,     0.00,     0.00,     0.00,     0.00,     0.37,    16.07,     0.00,     0.00,     0.00,     0.00,     0.00,     0.00,     0.00,     0.00,     0.00,     0.00,     0.00,  -999.99
cty,23001,MO: Adair County,1987,09,PRCP,     0.00,     0.00,     0.00,     0.00,     0.00,     0.60,     6.93,     1.57,     0.00,     0.00,     0.74,     1.82,     0.00,     0.00,    20.49,    12.49,     7.87,     0.00,     0.00,     0.00,     0.00,     0.00,     0.00,     0.00,     0.00,     0.00,     0.00,     0.00,     4.97,     0.00,  -999.99
cty,23003,MO: Andrew County,1987,09,PRCP,     0.00,     0.00,     0.00,     0.00,     0.00,     9.65,     7.04,     4.55,     0.00,    16.42,     0.00,     0.00,     0.00,     0.00,    16.26,    15.55,     2.23,     0.00,     0.00,     0.00,     0.00,     0.00,     0.00,     0.00,     0.00,     0.00,     0.00,     0.00,     0.00,     0.00,  -999.99
cty,23005,MO: Atchison County,1987,09,PRCP,     0.00,     0.00,     0.00,     0.00,     0.00,    10.80,     5.93,     4.76,     0.00,    31.62,     0.00,     0.00,     0.00,     0.00,     9.11,    40.14,     3.32,     0.00,     0.00,     0.00,     0.00,     0.00,     0.00,     0.00,     0.00,     0.00,     0.00,     0.00,     0.00,     0.00,  -999.99
cty,23007,MO: Audrain County,1987,09,PRCP,     0.00,     0.00,     0.00,     0.00,     0.00,     0.02,     8.22,     3.68,     0.03,     0.02,     0.88,     0.32,     0.00,     0.07,    19.09,    10.91,     3.67,     0.00,     0.02,     0.00,     0.00,     0.00,     0.00,     0.00,     0.00,     0.11,     0.01,     0.00,    11.53,     0.00,  -999.99
cty,23009,MO: Barry County,1987,09,PRCP,     0.00,     0.00,     0.00,     0.00,     0.00,     0.00,     1.33,     3.01,     0.00,     3.90,     0.04,     0.00,     4.04,     0.00,     6.46,    24.71,     0.00,     0.00,     3.16,     0.00,     0.00,     0.00,     0.00,     0.00,     0.00,     0.00,     0.00,     0.00,    14.85,     0.00,  -999.99
cty,23011,MO: Barton County,1987,09,PRCP,     0.00,     0.00,     0.00,     0.00,     0.00,     0.00,     3.28,     6.70,     0.00,     4.72,     0.00,     0.87,     0.00,     0.00,    12.20,    21.62,     0.00,     0.00,     3.61,     0.00,     0.00,     0.00,     0.00,     0.00,     0.00,     0.00,     0.00,     2.64,    22.74,     0.00,  -999.99
cty,23013,MO: Bates County,1987,09,PRCP,     0.00,     0.00,     0.00,     0.00,     0.00,     0.00,     4.11,     3.05,     0.00,     4.38,     0.00,     5.80,     0.00,     0.00,    10.72,    16.54,     0.00,     0.00,     2.23,     0.00,     0.00,     0.00,     0.00,     0.00,     0.00,     0.00,     0.00,     0.60,    16.02,     0.00,  -999.99
cty,23015,MO: Benton County,1987,09,PRCP,     0.00,     0.00,     0.00,     0.00,     0.00,     0.00,     6.42,     3.99,     0.00,     0.00,     0.00,     2.18,     0.00,     0.00,    30.98,    17.38,     1.28,     0.00,     2.21,     0.00,     0.00,     0.00,     0.00,     0.00,     0.00,     0.00,     0.00,     0.00,    22.54,     0.00,  -999.99
cty,23017,MO: Bollinger County,1987,09,PRCP,     0.00,     0.00,     0.00,     0.00,     0.00,     0.00,     0.00,     0.09,     0.00,     0.00,     7.69,     0.00,     3.33,     0.00,     0.00,    25.63,    12.58,     0.00,     0.00,     0.00,     0.00,     0.00,     0.00,     0.00,     0.00,     0.00,     0.00,     0.00,    33.33,     0.00,  -999.99
cty,23019,MO: Boone County,1987,09,PRCP,     0.00,     0.00,     0.00,     0.00,     0.00,     0.00,    10.56,     3.28,     0.00,     0.00,     0.00,     1.44,     0.00,     0.06,    25.47,    13.33,     2.95,     0.03,     0.08,     0.00,     0.00,     0.00,     0.00,     0.00,     0.00,     0.22,     0.02,     0.00,    13.72,     0.00,  -999.99
cty,23021,MO: Buchanan County,1987,09,PRCP,     0.00,     0.00,     0.00,     0.00,     0.00,     8.00,     8.04,     4.21,     0.00,    15.57,     0.00,     0.00,     0.00,     0.00,    30.06,    11.68,     1.99,     0.00,     0.00,     0.00,     0.00,     0.00,     0.00,     0.00,     0.00,     0.00,     0.00,     0.00,     0.17,     0.00,  -999.99
cty,23023,MO: Butler County,1987,09,PRCP,     0.00,     0.00,     0.00,     0.00,     0.00,     0.00,     0.00,     1.06,     0.01,     0.00,    10.02,     0.00,     5.28,     0.00,     0.00,    37.21,     6.08,     0.00,     0.01,     0.00,     0.00,     0.00,     0.00,     0.00,     0.00,     0.00,     0.00,     0.00,    23.52,     0.00,  -999.99
cty,23025,MO: Caldwell County,1987,09,PRCP,     0.00,     0.00,     0.00,     0.00,     0.00,     3.42,    12.52,     0.37,     0.00,     3.60,     0.00,     0.00,     0.00,     0.00,    26.07,    15.70,     5.46,     0.00,     0.00,     0.00,     0.00,     0.00,     0.00,     0.00,     0.00,     0.00,     0.00,     0.00,     4.82,     0.00,  -999.99
cty,23027,MO: Callaway County,1987,09,PRCP,     0.00,     0.00,     0.00,     0.00,     0.00,     0.01,     7.98,     3.88,     0.00,     0.01,     1.07,     0.12,     0.00,     0.64,    19.54,    12.16,     2.88,     0.30,     0.00,     0.00,     0.00,     0.00,     0.00,     0.00,     0.00,     0.05,     0.00,     0.03,    16.75,     0.00,  -999.99
cty,23029,MO: Camden County,1987,09,PRCP,     0.00,     0.00,     0.00,     0.00,     0.00,     0.00,     4.14,     4.03,     0.00,     0.00,     0.01,     0.00,     0.00,     0.00,    34.10,    14.78,     0.05,     0.00,     1.80,     0.00,     0.00,     0.00,     0.00,     0.00,     0.00,     0.00,     0.00,     0.00,    19.12,     0.00,  -999.99
cty,23031,MO: Cape Girardeau County,1987,09,PRCP,     0.00,     0.00,     0.00,     0.00,     0.00,     0.00,     0.00,     0.00,     0.00,     0.00,     4.70,     0.00,     1.25,     0.00,     0.00,    17.89,    17.42,     0.00,     0.00,     0.00,     0.00,     0.00,     0.00,     0.00,     0.00,     0.00,     0.00,     0.00,    33.49,     0.00,  -999.99
cty,23033,MO: Carroll County,1987,09,PRCP,     0.00,     0.00,     0.00,     0.00,     0.00,     0.36,    16.01,     0.01,     0.00,     0.00,     0.00,     2.94,     0.00,     0.00,    30.39,    17.25,     6.67,     0.00,     0.02,     0.00,     0.00,     0.00,     0.00,     0.00,     0.00,     0.00,     0.00,     0.00,     9.52,     0.00,  -999.99
cty,23035,MO: Carter County,1987,09,PRCP,     0.00,     0.00,     0.00,     0.00,     0.00,     0.00,     0.00,     2.63,     0.09,     0.00,     6.57,     0.00,     5.32,     0.00,     0.60,    20.79,     2.56,     0.00,     0.00,     0.00,     0.00,     0.00,     0.00,     0.00,     0.00,     0.00,     0.00,     0.00,    15.08,     0.00,  -999.99
cty,23037,MO: Cass County,1987,09,PRCP,     0.00,     0.00,     0.00,     0.00,     0.00,     0.00,     5.07,     1.45,     0.00,     3.83,     0.00,     4.38,     0.00,     0.00,    11.95,    11.89,     0.01,     0.00,     1.44,     0.00,     0.00,     0.00,     0.00,     0.00,     0.00,     0.00,     0.00,     0.00,     8.86,     0.00,  -999.99
cty,23039,MO: Cedar County,1987,09,PRCP,     0.00,     0.00,     0.00,     0.00,     0.00,     0.00,     3.31,     6.98,     0.00,     2.17,     0.00,     0.70,     0.00,     0.00,    25.05,    21.03,     0.00,     0.00,     3.44,     0.00,     0.00,     0.00,     0.00,     0.00,     0.00,     0.00,     0.00,     0.00,    24.10,     0.00,  -999.99
cty,23041,MO: Chariton County,1987,09,PRCP,     0.00,     0.00,     0.00,     0.00,     0.00,     0.00,    14.45,     1.18,     0.00,     0.00,     0.00,     3.15,     0.00,     0.00,    26.97,    15.65,     5.94,     0.02,     0.00,     0.00,     0.00,     0.00,     0.00,     0.00,     0.00,     0.08,     0.00,     0.09,     9.47,     0.00,  -999.99
cty,23043,MO: Christian County,1987,09,PRCP,     0.00,     0.00,     0.00,     0.00,     0.00,     0.00,     1.26,     5.12,     0.00,     1.18,     1.33,     0.00,     3.65,     0.00,    36.80,    27.03,     0.00,     0.00,     2.37,     0.00,     0.00,     0.00,     0.00,     0.00,     0.00,     0.00,     0.00,     0.00,    13.60,     0.00,  -999.99
cty,23045,MO: Clark County,1987,09,PRCP,     0.00,     0.00,     0.00,     0.00,     0.00,     0.00,     6.46,     4.33,     0.00,     0.00,     1.55,     2.64,     0.00,     0.00,    23.12,    17.57,    16.12,     0.00,     0.00,     0.00,     0.00,     0.00,     0.00,     0.00,     0.00,     0.00,     0.00,     0.00,     7.27,     0.00,  -999.99
cty,23047,MO: Clay County,1987,09,PRCP,     0.00,     0.00,     0.00,     0.00,     0.00,     3.47,    10.29,     1.24,     0.00,     7.39,     0.01,     0.09,     0.00,     0.00,    34.27,    12.88,     2.70,     0.00,     0.00,     0.00,     0.00,     0.00,     0.00,     0.00,     0.00,     0.00,     0.00,     0.01,     4.59,     0.00,  -999.99
cty,23049,MO: Clinton County,1987,09,PRCP,     0.00,     0.00,     0.00,     0.00,     0.01,     5.21,     9.76,     2.21,     0.02,     7.67,     0.00,     0.00,     0.00,     0.07,    28.44,    12.81,     2.94,     0.00,     0.00,     0.00,     0.00,     0.00,     0.00,     0.00,     0.00,     0.00,     0.00,     0.00,     2.82,     0.00,  -999.99
cty,23051,MO: Cole County,1987,09,PRCP,     0.00,     0.00,     0.00,     0.00,     0.00,     0.15,     6.19,     3.04,     0.00,     0.06,     0.12,     0.00,     0.00,     0.19,    22.96,    11.54,     1.78,     0.11,     0.02,     0.00,     0.00,     0.00,     0.00,     0.00,     0.00,     0.00,     0.00,     0.15,    16.13,     0.00,  -999.99
cty,23053,MO: Cooper County,1987,09,PRCP,     0.00,     0.00,     0.00,     0.00,     0.00,     0.00,    12.04,     2.77,     0.00,     0.00,     0.00,     3.38,     0.00,     0.00,    32.86,    14.74,     2.65,     0.00,     1.49,     0.00,     0.00,     0.00,     0.00,     0.00,     0.00,     0.00,     0.00,     0.00,    16.66,     0.00,  -999.99
cty,23055,MO: Crawford County,1987,09,PRCP,     0.00,     0.00,     0.00,     0.00,     0.00,     0.00,     1.38,     3.05,     0.00,     0.00,     4.04,     0.00,     0.00,     0.00,     4.97,     7.34,     3.27,     0.00,     0.00,     0.00,     0.00,     0.00,     0.00,     0.00,     0.00,     0.00,     0.00,     0.00,    20.07,     0.00,  -999.99
cty,23057,MO: Dade County,1987,09,PRCP,     0.00,     0.00,     0.00,     0.00,     0.00,     0.00,     3.56,     8.60,     0.00,     3.41,     0.18,     0.00,     0.00,     0.00,    30.28,    28.82,     0.00,     0.00,     4.50,     0.06,     0.00,     0.00,     0.00,     0.00,     0.00,     0.00,     0.00,     0.00,    28.25,     0.00,  -999.99
cty,23059,MO: Dallas County,1987,09,PRCP,     0.00,     0.00,     0.00,     0.00,     0.00,     0.00,     2.45,     4.56,     0.00,     0.00,     0.00,     0.00,     0.00,     0.00,    36.52,    15.83,     0.00,     0.03,     1.98,     0.04,     0.00,     0.00,     0.00,     0.00,     0.00,     0.00,     0.00,     0.00,    15.52,     0.00,  -999.99
cty,23061,MO: Daviess County,1987,09,PRCP,     0.00,     0.00,     0.00,     0.00,     0.00,     3.07,     6.93,     1.29,     0.00,     3.01,     0.00,     0.00,     0.00,     0.00,    13.17,    11.14,     3.97,     0.00,     0.00,     0.00,     0.00,     0.00,     0.00,     0.00,     0.00,     0.00,     0.00,     0.00,     2.29,     0.00,  -999.99
cty,23063,MO: DeKalb County,1987,09,PRCP,     0.00,     0.00,     0.00,     0.00,     0.00,     6.91,     8.40,     2.96,     0.00,     8.89,     0.00,     0.00,     0.00,     0.00,    18.92,    14.00,     2.98,     0.00,     0.00,     0.00,     0.00,     0.00,     0.00,     0.00,     0.00,     0.00,     0.00,     0.00,     0.53,     0.00,  -999.99
cty,23065,MO: Dent County,1987,09,PRCP,     0.00,     0.00,     0.00,     0.00,     0.00,     0.00,     0.04,     4.22,     0.00,     0.13,     5.43,     0.00,     1.64,     0.00,     7.78,    13.08,     2.11,     0.00,     0.00,     0.00,     0.00,     0.00,     0.00,     0.00,     0.00,     0.00,     0.00,     0.00,    21.52,     0.00,  -999.99
cty,23067,MO: Douglas County,1987,09,PRCP,     0.00,     0.00,     0.00,     0.00,     0.00,     0.00,     0.01,     6.58,     0.00,     0.10,     3.37,     0.00,     6.23,     0.00,    31.88,    25.66,     0.00,     0.00,     1.72,     0.00,     0.00,     0.00,     0.00,     0.00,     0.00,     0.00,     0.00,     0.00,    12.74,     0.00,  -999.99
cty,23069,MO: Dunklin County,1987,09,PRCP,     0.00,     0.00,     0.00,     0.00,     0.00,     0.00,     0.00,     0.60,     0.00,     0.00,     6.86,     0.00,     2.60,     0.00,     0.00,    25.63,     5.21,     0.00,     1.17,     0.00,     0.00,     0.00,     0.00,     0.00,     0.00,     0.00,     0.00,     0.00,    16.65,     0.00,  -999.99
cty,23071,MO: Franklin County,1987,09,PRCP,     0.00,     0.00,     0.00,     0.00,     0.00,     0.00,     2.72,     3.43,     0.00,     0.00,     4.05,     0.00,     0.01,     0.00,     4.67,     5.36,     5.85,     0.00,     0.01,     0.00,     0.00,     0.00,     0.00,     0.00,     0.00,     0.00,     0.01,     0.00,    25.76,     0.00,  -999.99
cty,23073,MO: Gasconade County,1987,09,PRCP,     0.00,     0.00,     0.00,     0.00,     0.00,     0.00,     4.01,     3.49,     0.03,     0.00,     3.62,     0.00,     0.04,     0.00,     8.11,     7.55,     3.43,     0.00,     0.04,     0.00,     0.00,     0.00,     0.00,     0.00,     0.00,     0.00,     0.00,     0.00,    21.00,     0.00,  -999.99
cty,23075,MO: Gentry County,1987,09,PRCP,     0.00,     0.00,     0.00,     0.00,     0.00,     6.84,     5.95,     2.66,     0.00,     9.69,     0.00,     0.00,     0.00,     0.00,    10.39,    16.13,     3.30,     0.00,     0.00,     0.00,     0.00,     0.00,     0.00,     0.00,     0.00,     0.00,     0.00,     0.00,     0.00,     0.00,  -999.99
cty,23077,MO: Greene County,1987,09,PRCP,     0.00,     0.00,     0.00,     0.00,     0.00,     0.00,     2.43,     6.89,     0.00,     1.43,     0.02,     0.00,     0.25,     0.06,    45.32,    28.69,     0.00,     0.00,     3.35,     0.00,     0.00,     0.00,     0.00,     0.00,     0.00,     0.00,     0.00,     0.06,    20.11,     0.00,  -999.99
cty,23079,MO: Grundy County,1987,09,PRCP,     0.00,     0.00,     0.00,     0.00,     0.00,     2.35,     7.39,     0.10,     0.00,     1.48,     0.00,     0.00,     0.00,     0.00,    14.66,    13.15,     6.62,     0.00,     0.00,     0.00,     0.00,     0.00,     0.00,     0.00,     0.00,     0.00,     0.00,     0.00,     3.75,     0.00,  -999.99
cty,23081,MO: Harrison County,1987,09,PRCP,     0.00,     0.00,     0.00,     0.00,     0.00,     3.84,     4.30,     0.42,     0.00,     4.18,     0.00,     0.00,     0.00,     0.00,     8.96,    13.19,     4.51,     0.00,     0.00,     0.00,     0.00,     0.00,     0.00,     0.00,     0.00,     0.00,     0.00,     0.00,     0.45,     0.00,  -999.99
cty,23083,MO: Henry County,1987,09,PRCP,     0.00,     0.00,     0.00,     0.00,     0.00,     0.00,     5.32,     2.79,     0.00,     0.50,     0.00,     3.60,     0.00,     0.02,    15.79,    14.71,     0.29,     0.00,     1.87,     0.00,     0.00,     0.00,     0.00,     0.00,     0.00,     0.00,     0.00,     0.02,    17.25,     0.00,  -999.99
cty,23085,MO: Hickory County,1987,09,PRCP,     0.00,     0.00,     0.00,     0.00,     0.00,     0.00,     3.40,     4.74,     0.00,     0.00,     0.00,     0.00,     0.00,     0.00,    32.11,    16.20,     0.00,     0.00,     2.30,     0.00,     0.00,     0.00,     0.00,     0.00,     0.00,     0.00,     0.00,     0.00,    19.22,     0.00,  -999.99
cty,23087,MO: Holt County,1987,09,PRCP,     0.00,     0.00,     0.00,     0.00,     0.00,    12.64,     7.02,     6.31,     0.00,    26.02,     0.00,     0.00,     0.00,     0.00,    14.71,    22.49,     2.17,     0.00,     0.00,     0.00,     0.00,     0.00,     0.00,     0.00,     0.00,     0.00,     0.00,     0.00,     0.00,     0.00,  -999.99
cty,23089,MO: Howard County,1987,09,PRCP,     0.00,     0.00,     0.00,     0.00,     0.00,     0.00,    12.37,     2.21,     0.00,     0.00,     0.00,     3.06,     0.00,     0.00,    26.70,    12.96,     3.26,     0.00,     0.34,     0.00,     0.00,     0.00,     0.00,     0.00,     0.00,     0.16,     0.00,     0.00,    11.73,     0.00,  -999.99
cty,23091,MO: Howell County,1987,09,PRCP,     0.00,     0.00,     0.00,     0.00,     0.00,     0.00,     0.00,     3.48,     0.00,     0.03,     3.86,     0.00,     4.34,     0.00,     7.28,    13.51,     0.01,     0.00,     0.64,     0.00,     0.00,     0.00,     0.00,     0.00,     0.00,     0.00,     0.00,     0.01,     9.16,     0.00,  -999.99
cty,23093,MO: Iron County,1987,09,PRCP,     0.00,     0.00,     0.00,     0.00,     0.00,     0.00,     0.02,     2.19,     0.00,     0.05,     4.94,     0.00,     2.40,     0.01,     1.26,    10.96,     3.53,     0.00,     0.00,     0.00,     0.00,     0.00,     0.00,     0.00,     0.00,     0.00,     0.00,     0.02,    18.77,     0.00,  -999.99
cty,23095,MO: Jackson County,1987,09,PRCP,     0.00,     0.00,     0.00,     0.00,     0.00,     0.70,     8.20,     0.73,     0.01,     5.32,     0.02,     2.84,     0.00,     0.00,    24.21,    11.63,     1.46,     0.00,     0.64,     0.00,     0.00,     0.00,     0.00,     0.00,     0.00,     0.00,     0.00,     0.28,     5.93,     0.00,  -999.99
cty,23097,MO: Jasper County,1987,09,PRCP,     0.00,     0.00,     0.00,     0.00,     0.00,     0.00,     2.69,     5.51,     0.00,     4.84,     0.00,     0.00,     0.00,     0.00,     8.24,    20.12,     0.00,     0.00,     3.71,     0.00,     0.00,     0.00,     0.00,     0.00,     0.00,     0.00,     0.00,     2.74,    20.49,     0.00,  -999.99
cty,23099,MO: Jefferson County,1987,09,PRCP,     0.00,     0.00,     0.00,     0.00,     0.00,     0.00,     0.07,     2.49,     0.00,     0.01,     3.49,     0.00,     0.02,     0.00,     1.78,     4.09,     8.21,     0.00,     0.00,     0.00,     0.00,     0.00,     0.00,     0.00,     0.00,     0.00,     0.00,     0.00,    28.08,     0.00,  -999.99
cty,23101,MO: Johnson County,1987,09,PRCP,     0.00,     0.00,     0.00,     0.00,     0.00,     0.00,     9.57,     1.40,     0.00,     0.44,     0.00,     4.19,     0.00,     0.01,    21.74,    15.40,     2.13,     0.00,     1.65,     0.00,     0.00,     0.00,     0.00,     0.00,     0.00,     0.00,     0.00,     0.01,    13.99,     0.00,  -999.99
cty,23103,MO: Knox County,1987,09,PRCP,     0.00,     0.00,     0.00,     0.00,     0.00,     0.00,     8.12,     2.63,     0.00,     0.00,     0.96,     2.33,     0.00,     0.00,    21.90,    14.49,     9.00,     0.00,     0.00,     0.00,     0.00,     0.00,     0.00,     0.00,     0.00,     0.00,     0.00,     0.00,     5.52,     0.00,  -999.99
cty,23105,MO: Laclede County,1987,09,PRCP,     0.00,     0.00,     0.00,     0.00,     0.00,     0.00,     2.33,     4.24,     0.00,     0.29,     1.20,     0.00,     0.00,     0.65,    32.12,    14.38,     0.00,     0.00,     1.59,     0.00,     0.00,     0.00,     0.00,     0.00,     0.00,     0.00,     0.00,     0.29,    14.91,     0.00,  -999.99
cty,23107,MO: Lafayette County,1987,09,PRCP,     0.00,     0.00,     0.00,     0.00,     0.00,     0.00,    15.45,     0.08,     0.00,     0.79,     0.00,     4.22,     0.00,     0.00,    35.59,    18.21,     4.65,     0.00,     1.51,     0.00,     0.00,     0.00,     0.00,     0.00,     0.00,     0.00,     0.00,     0.00,    12.16,     0.00,  -999.99
cty,23109,MO: Lawrence County,1987,09,PRCP,     0.00,     0.00,     0.00,     0.00,     0.00,     0.00,     2.29,     5.58,     0.00,     3.48,     0.36,     0.03,     0.61,     0.00,    17.80,    25.16,     0.00,     0.00,     3.60,     0.00,     0.00,     0.00,     0.00,     0.00,     0.00,     0.00,     0.00,     0.00,    19.65,     0.00,  -999.99
cty,23111,MO: Lewis County,1987,09,PRCP,     0.00,     0.00,     0.00,     0.00,     0.00,     0.00,     7.33,     5.04,     0.00,     0.00,     1.22,     2.38,     0.00,     0.00,    23.83,    16.39,    11.28,     0.00,     0.00,     0.00,     0.00,     0.00,     0.00,     0.00,     0.00,     0.00,     0.00,     0.00,     7.05,     0.01,  -999.99
cty,23113,MO: Lincoln County,1987,09,PRCP,     0.00,     0.00,     0.00,     0.00,     0.00,     0.00,     2.83,     3.39,     0.00,     0.06,     2.67,     0.00,     0.00,     0.00,     7.12,     5.03,     8.04,     0.07,     0.00,     0.00,     0.00,     0.00,     0.00,     0.00,     0.00,     0.01,     1.09,     0.06,    21.99,     0.00,  -999.99
cty,23115,MO: Linn County,1987,09,PRCP,     0.00,     0.00,     0.00,     0.00,     0.00,     1.07,    12.80,     0.52,     0.00,     0.00,     0.00,     2.42,     0.00,     0.00,    25.44,    17.87,     8.75,     0.00,     0.00,     0.00,     0.00,     0.00,     0.00,     0.00,     0.00,     0.00,     0.00,     0.13,     7.78,     0.00,  -999.99
cty,23117,MO: Livingston County,1987,09,PRCP,     0.00,     0.00,     0.00,     0.12,     0.00,     1.84,    12.87,     0.22,     0.00,     0.34,     0.00,     0.51,     0.00,     0.00,    20.86,    16.11,     7.79,     0.00,     0.00,     0.00,     0.00,     0.00,     0.00,     0.00,     0.00,     0.00,     0.00,     0.00,     6.29,     0.00,  -999.99
cty,23119,MO: McDonald County,1987,09,PRCP,     0.00,     0.00,     0.00,     0.00,     0.00,     0.00,     1.59,     2.72,     0.00,     7.13,     0.00,     0.00,     4.90,     0.00,     2.11,    25.71,     0.00,     0.00,     5.11,     0.00,     0.00,     0.00,     0.00,     0.00,     0.00,     0.00,     0.00,     1.41,    20.25,     0.00,  -999.99
cty,23121,MO: Macon County,1987,09,PRCP,     0.00,     0.00,     0.00,     0.00,     0.00,     0.01,    10.89,     2.01,     0.00,     0.00,     0.00,     2.46,     0.00,     0.00,    23.95,    14.39,     6.75,     0.00,     0.00,     0.00,     0.00,     0.00,     0.00,     0.00,     0.00,     0.00,     0.00,     0.01,     6.94,     0.00,  -999.99
cty,23123,MO: Madison County,1987,09,PRCP,     0.00,     0.00,     0.00,     0.00,     0.00,     0.00,     0.00,     0.91,     0.00,     0.00,     5.20,     0.00,     2.35,     0.00,     0.00,    13.81,     5.70,     0.00,     0.00,     0.00,     0.00,     0.00,     0.00,     0.00,     0.00,     0.00,     0.00,     0.00,    20.89,     0.00,  -999.99
cty,23125,MO: Maries County,1987,09,PRCP,     0.00,     0.00,     0.00,     0.00,     0.00,     0.00,     3.02,     3.15,     0.00,     0.00,     2.72,     0.00,     0.00,     0.00,    12.99,     8.76,     2.04,     0.00,     0.12,     0.00,     0.00,     0.00,     0.00,     0.00,     0.00,     0.00,     0.00,     0.00,    17.21,     0.00,  -999.99
cty,23127,MO: Marion County,1987,09,PRCP,     0.00,     0.00,     0.00,     0.00,     0.00,     0.00,     6.90,     4.86,     0.33,     0.00,     1.00,     1.14,     0.00,     0.00,    22.22,    13.69,     7.61,     0.00,     0.04,     0.00,     0.00,     0.00,     0.00,     0.00,     0.00,     0.00,     0.27,     0.00,     7.89,     0.00,  -999.99
cty,23129,MO: Mercer County,1987,09,PRCP,     0.00,     0.00,     0.00,     0.00,     0.00,     3.02,     4.40,     0.54,     0.00,     2.13,     0.00,     0.00,     0.00,     0.00,    12.48,    12.49,     6.49,     0.00,     0.00,     0.00,     0.00,     0.00,     0.00,     0.00,     0.00,     0.00,     0.00,     0.00,     2.26,     0.00,  -999.99
cty,23131,MO: Miller County,1987,09,PRCP,     0.00,     0.00,     0.00,     0.00,     0.00,     0.03,     4.54,     3.39,     0.00,     0.00,     0.30,     0.00,     0.00,     0.00,    26.88,    12.53,     0.63,     0.00,     1.01,     0.00,     0.00,     0.00,     0.00,     0.00,     0.00,     0.00,     0.00,     0.00,    18.33,     0.00,  -999.99
cty,23133,MO: Mississippi County,1987,09,PRCP,     0.00,     0.00,     0.00,     0.00,     0.00,     0.00,     0.00,     0.10,     0.00,     0.00,     2.00,     0.00,     0.12,     0.00,     0.00,    12.75,    16.52,     0.00,     0.04,     0.00,     0.00,     0.00,     0.00,     0.00,     0.00,     0.00,     0.00,     0.00,    20.46,     1.31,  -999.99
cty,23135,MO: Moniteau County,1987,09,PRCP,     0.00,     0.00,     0.00,     0.00,     0.00,     0.00,     8.30,     2.99,     0.00,     0.00,     0.00,     0.74,     0.00,     0.00,    28.52,    13.09,     1.83,     0.00,     0.93,     0.00,     0.00,     0.00,     0.00,     0.00,     0.00,     0.00,     0.00,     0.00,    16.15,     0.00,  -999.99
cty,23137,MO: Monroe County,1987,09,PRCP,     0.00,     0.00,     0.00,     0.00,     0.00,     0.00,    10.35,     3.87,     0.00,     0.00,     0.14,     1.41,     0.00,     0.00,    23.59,    12.97,     4.89,     0.00,     0.00,     0.00,     0.00,     0.00,     0.00,     0.00,     0.00,     0.04,     0.00,     0.00,     9.07,     0.00,  -999.99
cty,23139,MO: Montgomery County,1987,09,PRCP,     0.00,     0.00,     0.00,     0.00,     0.00,     0.00,     4.50,     3.24,     0.02,     0.00,     2.27,     0.00,     0.00,     0.00,    10.23,     7.32,     3.80,     0.00,     0.00,     0.00,     0.00,     0.00,     0.00,     0.00,     0.00,     0.00,     0.00,     0.00,    15.46,     0.00,  -999.99
cty,23141,MO: Morgan County,1987,09,PRCP,     0.00,     0.00,     0.00,     0.00,     0.00,     0.00,     8.19,     3.83,     0.00,     0.00,     0.00,     1.43,     0.00,     0.00,    36.01,    17.06,     1.82,     0.00,     1.95,     0.00,     0.00,     0.00,     0.00,     0.00,     0.00,     0.00,     0.00,     0.00,    22.00,     0.00,  -999.99
cty,23143,MO: New Madrid County,1987,09,PRCP,     0.00,     0.00,     0.00,     0.00,     0.00,     0.00,     0.00,     0.01,     0.00,     0.01,     3.99,     0.01,     1.80,     0.00,     0.01,    20.39,    11.67,     0.00,     0.28,     0.00,     0.00,     0.00,     0.00,     0.00,     0.00,     0.00,     0.00,     0.01,    20.27,     0.18,  -999.99
cty,23145,MO: Newton County,1987,09,PRCP,     0.00,     0.00,     0.00,     0.00,     0.00,     0.00,     2.01,     3.76,     0.02,     5.63,     0.00,     0.00,     1.33,     0.00,     3.97,    21.16,     0.00,     0.00,     4.14,     0.00,     0.00,     0.00,     0.00,     0.00,     0.00,     0.00,     0.00,     2.17,    19.11,     0.00,  -999.99
cty,23147,MO: Nodaway County,1987,09,PRCP,     0.00,     0.00,     0.00,     0.00,     0.02,     8.00,     4.42,     3.62,     0.03,    16.20,     0.00,     0.00,     0.00,     0.00,     6.14,    21.21,     2.45,     0.00,     0.00,     0.00,     0.00,     0.00,     0.00,     0.00,     0.00,     0.00,     0.01,     0.00,     0.00,     0.00,  -999.99
cty,23149,MO: Oregon County,1987,09,PRCP,     0.00,     0.00,     0.00,     0.00,     0.00,     0.00,     0.00,     3.28,     0.00,     0.15,     5.17,     0.00,     4.71,     0.00,     3.04,    18.26,     0.91,     0.07,     0.20,     0.00,     0.00,     0.00,     0.00,     0.00,     0.00,     0.00,     0.00,     0.00,    11.00,     0.00,  -999.99
cty,23151,MO: Osage County,1987,09,PRCP,     0.00,     0.00,     0.00,     0.00,     0.00,     0.00,     4.55,     3.23,     0.00,     0.00,     2.50,     0.00,     0.00,     0.00,    13.50,     8.97,     2.42,     0.00,     0.00,     0.00,     0.00,     0.00,     0.00,     0.00,     0.00,     0.00,     0.00,     0.00,    17.61,     0.00,  -999.99
cty,23153,MO: Ozark County,1987,09,PRCP,     0.00,     0.00,     0.00,     0.00,     0.00,     0.00,     0.00,     4.68,     0.00,     0.02,     3.71,     0.00,     6.38,     0.00,    23.89,    21.77,     0.00,     0.00,     2.12,     0.00,     0.00,     0.00,     0.00,     0.00,     0.00,     0.00,     0.00,     0.00,    10.73,     0.00,  -999.99
cty,23155,MO: Pemiscot County,1987,09,PRCP,     0.00,     0.00,     0.00,     0.00,     0.00,     0.00,     0.00,     0.72,     0.00,     0.00,     4.26,     0.00,     1.87,     0.00,     0.00,    15.52,     5.52,     0.00,     1.43,     0.00,     0.00,     0.00,     0.00,     0.00,     0.00,     0.00,     0.00,     0.00,    13.34,     0.06,  -999.99
cty,23157,MO: Perry County,1987,09,PRCP,     0.00,     0.00,     0.00,     0.00,     0.00,     0.00,     0.00,     0.00,     0.00,     0.00,     2.55,     0.00,     0.20,     0.00,     0.00,     6.99,     9.78,     0.00,     0.00,     0.00,     0.00,     0.00,     0.00,     0.00,     0.00,     0.00,     0.00,     0.00,    22.22,     0.00,  -999.99
cty,23159,MO: Pettis County,1987,09,PRCP,     0.00,     0.00,     0.00,     0.00,     0.00,     0.00,    12.87,     2.90,     0.00,     0.00,     0.00,     4.29,     0.00,     0.01,    35.59,    18.29,     3.00,     0.00,     2.04,     0.00,     0.00,     0.00,     0.00,     0.00,     0.00,     0.00,     0.00,     0.01,    20.37,     0.00,  -999.99
cty,23161,MO: Phelps County,1987,09,PRCP,     0.00,     0.00,     0.00,     0.00,     0.00,     0.00,     1.59,     3.23,     0.00,     0.02,     3.20,     0.00,     0.00,     0.03,    10.49,     8.85,     1.49,     0.00,     0.03,     0.00,     0.00,     0.00,     0.00,     0.00,     0.00,     0.00,     0.00,     0.00,    16.48,     0.00,  -999.99
cty,23163,MO: Pike County,1987,09,PRCP,     0.00,     0.00,     0.00,     0.00,     0.00,     0.00,     3.22,     3.29,     0.00,     0.01,     1.78,     0.00,     0.00,     0.00,    10.59,     6.50,     5.86,     0.01,     0.03,     0.00,     0.00,     0.00,     0.00,     0.00,     0.00,     0.00,     1.07,     0.01,    13.01,     0.00,  -999.99
cty,23165,MO: Platte County,1987,09,PRCP,     0.00,     0.00,     0.00,     0.00,     0.00,     5.53,     8.38,     3.71,     0.05,    14.90,     0.00,     0.00,     0.00,     0.03,    40.35,    10.02,     1.63,     0.00,     0.00,     0.00,     0.00,     0.00,     0.00,     0.00,     0.00,     0.00,     0.00,     0.00,     2.02,     0.00,  -999.99
cty,23167,MO: Polk County,1987,09,PRCP,     0.00,     0.00,     0.00,     0.00,     0.00,     0.00,     2.64,     6.49,     0.00,     0.37,     0.00,     0.00,     0.00,     0.00,    40.84,    21.52,     0.00,     0.00,     2.97,     0.13,     0.00,     0.00,     0.00,     0.00,     0.00,     0.00,     0.00,     0.00,    20.78,     0.00,  -999.99
cty,23169,MO: Pulaski County,1987,09,PRCP,     0.00,     0.00,     0.00,     0.00,     0.00,     0.00,     1.68,     2.72,     0.00,     0.05,     1.82,     0.00,     0.00,     0.10,    15.73,     8.56,     0.00,     0.00,     0.46,     0.00,     0.00,     0.00,     0.00,     0.00,     0.00,     0.00,     0.00,     0.00,    12.32,     0.00,  -999.99
cty,23171,MO: Putnam County,1987,09,PRCP,     0.00,     0.00,     0.00,     0.00,     0.02,     2.92,     5.75,     1.67,     0.00,     0.51,     1.07,     0.41,     0.00,     0.00,    23.18,    14.36,    10.32,     0.00,     0.00,     0.00,     0.00,     0.00,     0.00,     0.00,     0.00,     0.00,     0.00,     0.00,     4.88,     0.00,  -999.99
cty,23173,MO: Ralls County,1987,09,PRCP,     0.00,     0.00,     0.00,     0.00,     0.00,     0.00,     5.60,     4.05,     0.12,     0.00,     1.43,     0.00,     0.00,     0.00,    17.88,    10.51,     5.27,     0.00,     0.04,     0.00,     0.00,     0.00,     0.00,     0.00,     0.00,     0.00,     0.36,     0.00,     9.18,     0.00,  -999.99
cty,23175,MO: Randolph County,1987,09,PRCP,     0.00,     0.00,     0.00,     0.00,     0.00,     0.00,    11.31,     2.20,     0.00,     0.00,     0.00,     2.40,     0.00,     0.00,    22.76,    12.22,     4.10,     0.00,     0.00,     0.00,     0.00,     0.00,     0.00,     0.00,     0.00,     0.20,     0.00,     0.00,     8.21,     0.00,  -999.99
cty,23177,MO: Ray County,1987,09,PRCP,     0.00,     0.00,     0.00,     0.00,     0.00,     1.82,    14.34,     0.00,     0.00,     2.79,     0.00,     1.04,     0.00,     0.00,    34.70,    17.11,     5.35,     0.00,     0.16,     0.00,     0.00,     0.00,     0.00,     0.00,     0.00,     0.00,     0.00,     0.00,     7.54,     0.00,  -999.99
cty,23179,MO: Reynolds County,1987,09,PRCP,     0.00,     0.00,     0.00,     0.00,     0.00,     0.00,     0.00,     2.29,     0.00,     0.12,     4.90,     0.00,     3.28,     0.02,     1.17,    12.37,     2.47,     0.00,     0.00,     0.00,     0.00,     0.01,     0.00,     0.00,     0.00,     0.00,     0.00,     0.00,    15.51,     0.00,  -999.99
cty,23181,MO: Ripley County,1987,09,PRCP,     0.00,     0.00,     0.00,     0.00,     0.00,     0.00,     0.00,     3.30,     0.00,     0.00,     8.69,     0.00,     6.36,     0.00,     0.20,    32.06,     3.12,     0.00,     0.38,     0.00,     0.00,     0.00,     0.00,     0.00,     0.00,     0.00,     0.00,     0.00,    17.24,     0.00,  -999.99
cty,23183,MO: St. Charles County,1987,09,PRCP,     0.00,     0.00,     0.00,     0.00,     0.00,     0.00,     1.29,     2.88,     0.01,     0.00,     2.70,     0.00,     0.00,     0.00,     3.06,     3.10,     8.69,     0.01,     0.01,     0.00,     0.00,     0.00,     0.00,     0.00,     0.00,     0.00,     0.48,     0.00,    25.22,     0.00,  -999.99
cty,23185,MO: St. Clair County,1987,09,PRCP,     0.00,     0.00,     0.00,     0.00,     0.00,     0.00,     3.32,     4.21,     0.00,     0.71,     0.00,     2.09,     0.00,     0.00,    18.64,    14.83,     0.00,     0.00,     2.25,     0.00,     0.00,     0.00,     0.00,     0.00,     0.00,     0.00,     0.00,     0.00,    18.43,     0.00,  -999.99
cty,23186,MO: Ste. Genevieve County,1987,09,PRCP,     0.00,     0.00,     0.00,     0.00,     0.00,     0.00,     0.00,     1.25,     0.00,     0.03,     3.10,     0.00,     0.41,     0.02,     0.19,     6.26,     7.10,     0.00,     0.00,     0.00,     0.00,     0.00,     0.00,     0.00,     0.00,     0.00,     0.00,     0.02,    23.69,     0.00,  -999.99
cty,23187,MO: St. Francois County,1987,09,PRCP,     0.00,     0.00,     0.00,     0.00,     0.00,     0.00,     0.00,     1.68,     0.00,     0.14,     3.90,     0.00,     1.13,     0.04,     0.83,     7.96,     5.07,     0.00,     0.00,     0.00,     0.00,     0.00,     0.00,     0.00,     0.00,     0.00,     0.00,     0.05,    22.12,     0.00,  -999.99
cty,23189,MO: St. Louis County,1987,09,PRCP,     0.00,     0.00,     0.00,     0.00,     0.00,     0.00,     0.19,     2.79,     0.01,     0.00,     2.81,     0.00,     0.00,     0.00,     1.86,     2.96,    10.35,     0.00,     0.01,     0.00,     0.00,     0.00,     0.00,     0.00,     0.00,     0.00,     0.04,     0.00,    29.30,     0.00,  -999.99
cty,23195,MO: Saline County,1987,09,PRCP,     0.00,     0.00,     0.00,     0.00,     0.00,     0.00,    14.85,     1.40,     0.00,     0.00,     0.00,     4.03,     0.00,     0.00,    31.99,    15.51,     4.20,     0.00,     0.90,     0.00,     0.00,     0.00,     0.00,     0.00,     0.00,     0.00,     0.00,     0.00,    12.92,     0.00,  -999.99
cty,23197,MO: Schuyler County,1987,09,PRCP,     0.00,     0.00,     0.00,     0.00,     0.00,     1.29,     6.08,     2.01,     0.00,     0.00,     1.67,     1.95,     0.00,     0.00,    25.62,    14.85,    12.63,     0.00,     0.00,     0.00,     0.00,     0.00,     0.00,     0.00,     0.00,     0.00,     0.00,     0.00,     5.59,     0.00,  -999.99
cty,23199,MO: Scotland County,1987,09,PRCP,     0.00,     0.00,     0.00,     0.00,     0.00,     0.00,     6.41,     2.64,     0.00,     0.00,     1.66,     2.33,     0.00,     0.00,    23.77,    15.79,    13.90,     0.00,     0.00,     0.00,     0.00,     0.00,     0.00,     0.00,     0.00,     0.00,     0.00,     0.00,     5.93,     0.00,  -999.99
cty,23201,MO: Scott County,1987,09,PRCP,     0.00,     0.00,     0.00,     0.00,     0.00,     0.00,     0.00,     0.00,     0.00,     0.01,     3.25,     0.01,     0.98,     0.00,     0.01,    16.06,    14.46,     0.00,     0.00,     0.00,     0.00,     0.00,     0.00,     0.00,     0.00,     0.00,     0.00,     0.01,    23.15,     0.00,  -999.99
cty,23203,MO: Shannon County,1987,09,PRCP,     0.00,     0.00,     0.00,     0.00,     0.00,     0.00,     0.00,     3.90,     0.00,     0.00,     5.78,     0.00,     4.70,     0.00,     4.78,    16.05,     0.64,     0.00,     0.00,     0.00,     0.00,     0.00,     0.00,     0.00,     0.00,     0.00,     0.00,     0.00,    16.30,     0.00,  -999.99
cty,23205,MO: Shelby County,1987,09,PRCP,     0.00,     0.00,     0.00,     0.00,     0.00,     0.00,    10.27,     3.51,     0.00,     0.00,     0.00,     2.23,     0.00,     0.00,    23.94,    14.08,     6.65,     0.00,     0.00,     0.00,     0.00,     0.00,     0.00,     0.00,     0.00,     0.00,     0.00,     0.00,     6.94,     0.01,  -999.99
cty,23207,MO: Stoddard County,1987,09,PRCP,     0.00,     0.00,     0.00,     0.00,     0.00,     0.00,     0.00,     0.00,     0.00,     0.00,     6.56,     0.00,     2.91,     0.00,     0.00,    28.01,    10.00,     0.00,     0.00,     0.00,     0.00,     0.00,     0.00,     0.00,     0.00,     0.00,     0.00,     0.00,    22.76,     0.00,  -999.99
cty,23209,MO: Stone County,1987,09,PRCP,     0.00,     0.00,     0.00,     0.00,     0.00,     0.00,     0.90,     3.11,     0.00,     2.20,     0.70,     0.00,     3.63,     0.00,    17.39,    22.09,     0.00,     0.04,     2.38,     0.00,     0.00,     0.00,     0.00,     0.00,     0.00,     0.00,     0.01,     0.00,    11.79,     0.00,  -999.99
cty,23211,MO: Sullivan County,1987,09,PRCP,     0.00,     0.00,     0.00,     0.03,     0.00,     2.07,     7.22,     1.14,     0.00,     0.14,     0.12,     0.59,     0.00,     0.00,    19.72,    13.73,     8.00,     0.00,     0.00,     0.00,     0.00,     0.00,     0.00,     0.00,     0.00,     0.00,     0.00,     0.00,     4.97,     0.00,  -999.99
cty,23213,MO: Taney County,1987,09,PRCP,     0.00,     0.00,     0.00,     0.00,     0.00,     0.00,     0.03,     3.50,     0.00,     1.24,     2.24,     0.00,     5.67,     0.00,    28.00,    22.30,     0.00,     0.00,     2.28,     0.00,     0.00,     0.00,     0.00,     0.00,     0.00,     0.00,     0.00,     0.00,    10.87,     0.00,  -999.99
cty,23215,MO: Texas County,1987,09,PRCP,     0.00,     0.00,     0.00,     0.00,     0.00,     0.00,     0.06,     4.86,     0.00,     0.00,     4.50,     0.00,     2.98,     0.01,    15.98,    15.12,     0.01,     0.00,     0.33,     0.00,     0.00,     0.00,     0.00,     0.00,     0.00,     0.00,     0.00,     0.00,    16.34,     0.00,  -999.99
cty,23217,MO: Vernon County,1987,09,PRCP,     0.00,     0.00,     0.00,     0.00,     0.00,     0.00,     3.66,     5.73,     0.00,     4.71,     0.00,     4.39,     0.00,     0.00,    12.99,    20.57,     0.00,     0.00,     3.20,     0.00,     0.00,     0.00,     0.00,     0.00,     0.00,     0.00,     0.00,     2.16,    21.82,     0.00,  -999.99
cty,23219,MO: Warren County,1987,09,PRCP,     0.00,     0.00,     0.00,     0.00,     0.00,     0.00,     2.99,     3.00,     0.01,     0.00,     2.96,     0.00,     0.00,     0.00,     5.61,     4.96,     5.21,     0.00,     0.00,     0.00,     0.00,     0.00,     0.00,     0.00,     0.00,     0.00,     0.00,     0.06,    20.33,     0.00,  -999.99
cty,23221,MO: Washington County,1987,09,PRCP,     0.00,     0.00,     0.00,     0.00,     0.00,     0.00,     0.19,     2.46,     0.00,     0.37,     3.89,     0.00,     0.00,     0.00,     2.63,     5.99,     4.70,     0.00,     0.00,     0.00,     0.00,     0.00,     0.00,     0.00,     0.00,     0.00,     0.00,     0.00,    21.65,     0.00,  -999.99
cty,23223,MO: Wayne County,1987,09,PRCP,     0.00,     0.00,     0.00,     0.00,     0.00,     0.00,     0.00,     0.88,     0.01,     0.00,     7.27,     0.00,     4.07,     0.00,     0.03,    21.79,     4.98,     0.00,     0.02,     0.00,     0.00,     0.00,     0.00,     0.00,     0.00,     0.00,     0.00,     0.00,    20.04,     0.00,  -999.99
cty,23225,MO: Webster County,1987,09,PRCP,     0.00,     0.00,     0.00,     0.00,     0.00,     0.00,     2.14,     6.63,     0.00,     0.00,     1.88,     0.00,     1.93,     0.00,    49.51,    25.63,     0.00,     0.00,     2.53,     0.00,     0.00,     0.00,     0.00,     0.00,     0.00,     0.00,     0.00,     0.00,    16.72,     0.00,  -999.99
cty,23227,MO: Worth County,1987,09,PRCP,     0.00,     0.00,     0.00,     0.00,     0.00,     5.28,     3.38,     0.22,     0.00,     8.90,     0.00,     0.00,     0.00,     0.00,     4.83,    16.29,     3.19,     0.00,     0.00,     0.00,     0.00,     0.00,     0.00,     0.00,     0.00,     0.00,     0.00,     0.00,     0.00,     0.00,  -999.99
cty,23229,MO: Wright County,1987,09,PRCP,     0.00,     0.00,     0.00,     0.00,     0.00,     0.00,     0.81,     6.23,     0.00,     0.00,     3.36,     0.00,     3.04,     0.00,    35.75,    21.22,     0.00,     0.00,     1.88,     0.00,     0.00,     0.00,     0.00,     0.00,     0.00,     0.00,     0.00,     0.00,    15.54,     0.00,  -999.99
cty,23510,MO: St. Louis city,1987,09,PRCP,     0.00,     0.00,     0.00,     0.00,     0.00,     0.00,     0.00,     2.78,     0.00,     0.00,     2.73,     0.00,     0.00,     0.00,     1.35,     3.16,    12.68,     0.00,     0.00,     0.00,     0.00,     0.00,     0.00,     0.00,     0.00,     0.00,     0.00,     0.00,    33.91,     0.00,  -999.99
cty,24001,MT: Beaverhead County,1987,09,PRCP,     0.00,     0.00,     0.00,     0.20,     0.00,     0.00,     0.00,     0.00,     0.00,     0.00,     0.00,     0.00,     0.00,     0.00,     0.00,     0.00,     0.01,     0.06,     0.00,     0.00,     0.02,     0.00,     0.00,     0.00,     0.00,     0.00,     0.04,     0.15,     0.00,     0.00,  -999.99
cty,24003,MT: Big Horn County,1987,09,PRCP,     0.00,     0.00,     0.07,     0.08,    16.66,     0.00,     5.88,     0.00,     0.11,     0.14,     0.00,     0.00,     0.00,     0.00,     0.00,     2.06,     3.72,     0.00,     0.00,     0.00,     0.00,     0.00,     0.00,     0.00,     0.00,     0.00,     0.96,     0.00,     0.00,     0.00,  -999.99
cty,24005,MT: Blaine County,1987,09,PRCP,     0.00,     0.00,     0.00,     0.00,     0.00,     0.00,     1.06,     0.00,     0.00,     0.00,     0.00,     0.00,     0.00,     0.00,     0.00,     3.77,     3.94,     0.00,     0.00,     0.00,     0.00,     0.00,     0.00,     0.00,     0.00,     0.00,     3.16,     5.60,     0.00,     0.00,  -999.99
cty,24007,MT: Broadwater County,1987,09,PRCP,     0.00,     0.00,     0.00,     0.00,     0.10,     0.00,     0.00,     0.00,     0.00,     0.00,     0.00,     0.00,     0.00,     0.00,     0.00,     2.71,     0.72,     0.00,     0.00,     0.00,     0.00,     0.00,     0.00,     0.00,     0.00,     0.00,     8.48,     1.62,     0.00,     0.00,  -999.99
cty,24009,MT: Carbon County,1987,09,PRCP,     0.00,     0.00,     0.01,     0.09,     7.58,     0.00,     3.75,     0.00,     0.04,     0.00,     0.00,     0.00,     0.00,     0.00,     0.00,     1.16,     1.54,     0.00,     0.00,     0.00,     0.00,     0.00,     0.00,     0.00,     0.00,     0.00,     0.47,     0.22,     0.00,     0.00,  -999.99
cty,24011,MT: Carter County,1987,09,PRCP,     0.00,     0.00,     0.00,     1.44,    21.48,     0.68,     2.71,     0.00,     0.00,     0.00,     5.46,     0.00,     0.00,     0.00,     0.00,     0.00,     0.10,     0.03,     0.00,     0.00,     0.00,     0.00,     0.00,     0.00,     0.00,     0.00,     0.02,     0.80,     0.00,     0.00,  -999.99
cty,24013,MT: Cascade County,1987,09,PRCP,     0.00,     0.00,     0.00,     0.00,     0.00,     0.00,     0.32,     0.00,     0.00,     0.00,     0.00,     0.00,     0.00,     0.00,     0.00,     7.82,     4.45,     0.00,     0.00,     0.00,     0.00,     0.00,     0.00,     0.00,     0.00,     0.00,     7.58,     2.67,     0.00,     0.00,  -999.99
cty,24015,MT: Chouteau County,1987,09,PRCP,     0.00,     0.00,     0.00,     0.00,     0.00,     0.00,     0.50,     0.00,     0.00,     0.04,     0.00,     0.00,     0.00,     0.00,     0.00,     5.03,     2.87,     0.00,     0.00,     0.00,     0.00,     0.00,     0.00,     0.00,     0.00,     0.00,     6.46,     2.73,     0.00,     0.00,  -999.99
cty,24017,MT: Custer County,1987,09,PRCP,     0.00,     0.00,     0.00,     0.57,    12.36,     0.28,     2.09,     0.00,     0.00,     0.00,     5.40,     0.04,     0.00,     0.00,     0.00,     0.30,     2.33,     0.24,     0.00,     0.00,     0.00,     0.00,     0.00,     0.00,     0.00,     0.00,     1.27,     4.00,     0.00,     0.00,  -999.99
cty,24019,MT: Daniels County,1987,09,PRCP,     0.00,     0.00,     0.00,     0.00,     0.00,     0.00,     0.13,     0.00,     0.01,     0.00,     3.22,     0.00,     0.00,     0.00,     0.00,     0.02,     4.45,     1.88,     0.00,     0.00,     0.00,     0.00,     0.00,     0.00,     0.00,     0.00,     0.91,    15.60,     0.00,     0.00,  -999.99
cty,24021,MT: Dawson County,1987,09,PRCP,     0.00,     0.00,     0.00,     0.00,     2.82,     0.00,     0.57,     0.00,     0.00,     0.00,     6.63,     0.00,     0.00,     0.00,     0.00,     0.00,     3.31,     2.13,     0.00,     0.00,     0.00,     0.00,     0.00,     0.00,     0.00,     0.00,     1.74,    14.31,     0.00,     0.00,  -999.99
cty,24023,MT: Deer Lodge County,1987,09,PRCP,     0.00,     0.00,     0.00,     0.00,     0.00,     0.00,     0.00,     0.00,     0.00,     0.00,     0.00,     0.00,     0.00,     0.00,     0.00,     0.00,     0.00,     1.58,     0.00,     0.00,     0.00,     0.00,     0.00,     0.00,     0.00,     0.01,     0.38,     1.62,     0.00,     0.00,  -999.99
cty,24025,MT: Fallon County,1987,09,PRCP,     0.00,     0.00,     0.00,     0.09,    12.37,     0.71,     1.33,     0.00,     0.00,     0.00,     6.26,     0.00,     0.00,     0.00,     0.00,     0.00,     0.90,     1.18,     0.00,     0.00,     0.00,     0.00,     0.00,     0.00,     0.00,     0.00,     0.22,     3.71,     0.00,     0.00,  -999.99
cty,24027,MT: Fergus County,1987,09,PRCP,     0.00,     0.01,     0.00,     0.00,     0.00,     0.00,     0.77,     0.00,     0.00,     0.00,     0.00,     0.00,     0.00,     0.01,     0.00,     5.13,     3.13,     0.02,     0.00,     0.00,     0.00,     0.00,     0.00,     0.00,     0.00,     0.00,     2.63,     4.02,     0.00,     0.00,  -999.99
cty,24029,MT: Flathead County,1987,09,PRCP,     0.00,     0.00,     0.01,     0.10,     0.00,     0.00,     0.00,     0.00,     0.00,     0.00,     0.00,     0.00,     0.00,     0.00,     0.00,     0.01,     0.47,     0.00,     0.00,     0.00,     0.00,     0.00,     0.00,     0.00,     0.00,     0.03,     3.42,    13.30,     0.00,     0.00,  -999.99
cty,24031,MT: Gallatin County,1987,09,PRCP,     0.00,     0.00,     0.06,     0.00,     2.47,     0.00,     0.00,     0.00,     0.00,     0.00,     0.00,     0.00,     0.00,     0.00,     0.00,     0.61,     1.45,     0.00,     0.00,     0.00,     0.00,     0.00,     0.00,     0.00,     0.00,     0.00,     7.39,     4.67,     0.01,     0.00,  -999.99
cty,24033,MT: Garfield County,1987,09,PRCP,     0.00,     0.00,     0.00,     0.00,     1.11,     0.05,     2.12,     0.00,     0.00,     0.00,     3.02,     0.00,     0.00,     0.00,     0.00,     3.72,     5.61,     0.27,     0.00,     0.00,     0.00,     0.00,     0.00,     0.00,     0.00,     0.00,     2.88,     8.76,     0.00,     0.00,  -999.99
cty,24035,MT: Glacier County,1987,09,PRCP,     0.01,     0.00,     0.02,     0.00,     0.00,     0.00,     0.00,     0.00,     0.00,     0.00,     0.00,     0.00,     0.00,     0.00,     0.00,     0.02,     2.41,     0.02,     0.06,     0.00,     0.00,     0.00,     0.00,     0.00,     0.00,     0.00,    11.52,     4.67,     0.00,     0.00,  -999.99
cty,24037,MT: Golden Valley County,1987,09,PRCP,     0.00,     0.00,     0.01,     0.00,     2.39,     0.00,     1.79,     0.00,     0.00,     0.00,     0.00,     0.00,     0.00,     0.00,     0.00,     3.91,     1.78,     0.00,     0.00,     0.00,     0.00,     0.00,     0.00,     0.00,     0.00,     0.00,     1.71,     3.11,     0.00,     0.00,  -999.99
cty,24039,MT: Granite County,1987,09,PRCP,     0.01,     0.00,     0.00,     0.00,     0.00,     0.00,     0.00,     0.00,     0.00,     0.01,     0.00,     0.00,     0.00,     0.00,     0.01,     0.00,     0.70,     0.00,     0.01,     0.00,     0.00,     0.00,     0.00,     0.00,     0.00,     0.09,     0.79,     4.65,     0.00,     0.00,  -999.99
cty,24041,MT: Hill County,1987,09,PRCP,     0.00,     0.00,     0.00,     0.00,     0.00,     0.26,     0.36,     0.00,     0.00,     0.00,     0.00,     0.00,     0.00,     0.00,     0.00,     3.53,     3.05,     0.00,     0.00,     0.00,     0.00,     0.00,     0.00,     0.00,     0.00,     0.00,     7.46,     3.45,     0.00,     0.00,  -999.99
cty,24043,MT: Jefferson County,1987,09,PRCP,     0.00,     0.00,     0.00,     0.11,     0.42,     0.00,     0.00,     0.00,     0.00,     0.00,     0.00,     0.00,     0.00,     0.00,     0.00,     0.59,     1.56,     0.00,     0.00,     0.07,     0.00,     0.00,     0.00,     0.00,     0.00,     0.00,     3.46,     1.12,     0.00,     0.00,  -999.99
cty,24045,MT: Judith Basin County,1987,09,PRCP,     0.00,     0.00,     0.00,     0.00,     0.01,     0.00,     0.72,     0.00,     0.00,     0.04,     0.00,     0.00,     0.00,     0.00,     0.01,     6.68,     4.12,     0.00,     0.00,     0.00,     0.00,     0.00,     0.00,     0.00,     0.00,     0.00,     2.74,     5.66,     0.00,     0.00,  -999.99
cty,24047,MT: Lake County,1987,09,PRCP,     0.00,     0.00,     0.00,     0.00,     0.00,     0.00,     0.00,     0.00,     0.00,     0.00,     0.00,     0.00,     0.00,     0.00,     0.00,     0.00,     0.19,     0.00,     0.00,     0.00,     0.00,     0.00,     0.00,     0.00,     0.00,     0.41,     4.13,     9.49,     0.00,     0.06,  -999.99
cty,24049,MT: Lewis and Clark County,1987,09,PRCP,     0.00,     0.00,     0.00,     0.02,     0.01,     0.00,     0.02,     0.00,     0.00,     0.00,     0.00,     0.00,     0.01,     0.00,     0.00,     0.63,     0.21,     0.12,     0.00,     0.00,     0.00,     0.00,     0.00,     0.00,     0.00,     0.00,     2.72,     1.53,     0.00,     0.00,  -999.99
cty,24051,MT: Liberty County,1987,09,PRCP,     0.00,     0.00,     0.00,     0.00,     0.00,     0.07,     0.11,     0.00,     0.00,     0.06,     0.00,     0.00,     0.00,     0.00,     0.00,     0.59,     0.22,     0.00,     0.00,     0.00,     0.00,     0.00,     0.00,     0.00,     0.00,     0.00,     9.60,     0.06,     0.00,     0.00,  -999.99
cty,24053,MT: Lincoln County,1987,09,PRCP,     0.00,     0.02,     0.17,     0.05,     0.01,     0.00,     0.00,     0.00,     0.00,     0.00,     0.00,     0.00,     0.00,     0.00,     0.03,     0.00,     0.05,     0.00,     0.00,     0.00,     0.00,     0.00,     0.00,     0.02,     0.00,     0.21,     1.75,    10.32,     0.00,     0.00,  -999.99
cty,24055,MT: McCone County,1987,09,PRCP,     0.00,     0.00,     0.00,     0.00,     1.03,     0.00,     1.24,     0.00,     0.00,     0.00,     5.85,     0.00,     0.00,     0.00,     0.00,     0.00,     5.12,     2.21,     0.00,     0.00,     0.00,     0.00,     0.00,     0.00,     0.00,     0.00,     2.58,    16.33,     0.00,     0.00,  -999.99
cty,24057,MT: Madison County,1987,09,PRCP,     0.00,     0.00,     0.04,     0.15,     0.79,     0.01,     0.00,     0.00,     0.00,     0.00,     0.00,     0.00,     0.00,     0.04,     0.00,     0.66,     1.34,     0.14,     0.00,     0.00,     0.01,     0.00,     0.00,     0.00,     0.00,     0.00,     3.95,     2.73,     0.00,     0.00,  -999.99
cty,24059,MT: Meagher County,1987,09,PRCP,     0.00,     0.00,     0.00,     0.01,     0.19,     0.00,     0.00,     0.00,     0.00,     0.00,     0.00,     0.00,     0.00,     0.00,     0.00,     8.52,     4.28,     0.00,     0.00,     0.00,     0.00,     0.00,     0.00,     0.00,     0.00,     0.00,     2.28,     8.36,     0.00,     0.00,  -999.99
cty,24061,MT: Mineral County,1987,09,PRCP,     0.00,     0.00,     0.10,     0.19,     0.00,     0.00,     0.00,     0.00,     0.00,     0.00,     0.22,     0.00,     0.24,     0.00,     0.00,     0.00,     0.45,     0.00,     0.00,     0.00,     0.00,     0.01,     0.00,     0.00,     0.00,     1.01,     1.73,     4.66,     0.00,     0.00,  -999.99
cty,24063,MT: Missoula County,1987,09,PRCP,     0.00,     0.00,     0.00,     0.02,     0.00,     0.00,     0.00,     0.00,     0.00,     0.00,     0.00,     0.00,     0.00,     0.00,     0.00,     0.00,     0.30,     0.00,     0.00,     0.00,     0.00,     0.00,     0.00,     0.00,     0.02,     0.19,     0.91,     3.79,     0.00,     0.00,  -999.99
cty,24065,MT: Musselshell County,1987,09,PRCP,     0.00,     0.00,     0.03,     0.00,     3.83,     0.00,     1.16,     0.00,     0.00,     0.00,     0.00,     0.00,     0.00,     0.00,     0.00,     2.29,     1.38,     0.00,     0.00,     0.00,     0.00,     0.00,     0.00,     0.00,     0.00,     0.00,     1.11,     0.66,     0.00,     0.00,  -999.99
cty,24067,MT: Park County,1987,09,PRCP,     0.00,     0.00,     0.26,     0.08,     4.54,     0.00,     0.00,     0.00,     0.00,     0.00,     0.00,     0.00,     0.00,     0.02,     0.02,     0.96,     1.66,     0.01,     0.00,     0.00,     0.00,     0.00,     0.00,     0.00,     0.00,     0.00,     3.86,     6.21,     0.00,     0.00,  -999.99
cty,24069,MT: Petroleum County,1987,09,PRCP,     0.00,     0.00,     0.00,     0.00,     0.06,     0.00,     0.79,     0.00,     0.00,     0.00,     0.00,     0.00,     0.00,     0.00,     0.00,     2.16,     1.75,     0.00,     0.00,     0.00,     0.00,     0.00,     0.00,     0.00,     0.00,     0.00,     1.31,     1.58,     0.00,     0.00,  -999.99
cty,24071,MT: Phillips County,1987,09,PRCP,     0.00,     0.00,     0.00,     0.00,     0.00,     0.00,     1.49,     0.00,     0.00,     0.00,     0.49,     0.00,     0.00,     0.00,     0.00,     4.07,     5.62,     0.17,     0.00,     0.00,     0.00,     0.00,     0.00,     0.00,     0.00,     0.00,     3.14,     9.17,     0.00,     0.00,  -999.99
cty,24073,MT: Pondera County,1987,09,PRCP,     0.00,     0.00,     0.00,     0.00,     0.02,     0.00,     0.07,     0.00,     0.00,     0.00,     0.00,     0.00,     0.00,     0.00,     0.00,     0.02,     1.03,     0.00,     0.20,     0.00,     0.00,     0.00,     0.00,     0.03,     0.00,     0.00,     7.32,     0.41,     0.00,     0.01,  -999.99
cty,24075,MT: Powder River County,1987,09,PRCP,     0.00,     0.00,     0.00,     1.52,    16.95,     0.00,     3.84,     0.00,     0.00,     0.00,     3.46,     0.00,     0.00,     0.00,     0.00,     0.27,     1.48,     0.00,     0.00,     0.00,     0.00,     0.00,     0.00,     0.00,     0.00,     0.00,     0.37,     0.01,     0.00,     0.00,  -999.99
cty,24077,MT: Powell County,1987,09,PRCP,     0.00,     0.00,     0.00,     0.00,     0.00,     0.00,     0.00,     0.00,     0.00,     0.00,     0.00,     0.00,     0.00,     0.00,     0.00,     0.00,     0.29,     0.01,     0.00,     0.00,     0.00,     0.00,     0.00,     0.00,     0.00,     0.13,     2.14,     2.71,     0.00,     0.00,  -999.99
cty,24079,MT: Prairie County,1987,09,PRCP,     0.00,     0.00,     0.00,     0.00,     6.18,     0.22,     1.39,     0.00,     0.00,     0.00,     5.83,     0.00,     0.00,     0.00,     0.00,     0.02,     3.00,     1.55,     0.00,     0.00,     0.00,     0.00,     0.00,     0.00,     0.00,     0.00,     1.52,     8.99,     0.00,     0.00,  -999.99
cty,24081,MT: Ravalli County,1987,09,PRCP,     0.00,     0.00,     0.00,     0.08,     0.00,     0.00,     0.00,     0.00,     0.00,     0.00,     0.03,     0.00,     0.00,     0.00,     0.00,     0.00,     0.00,     0.00,     0.00,     0.00,     0.00,     0.00,     0.00,     0.00,     0.00,     0.18,     0.58,     3.17,     0.00,     0.00,  -999.99
cty,24083,MT: Richland County,1987,09,PRCP,     0.00,     0.00,     0.00,     0.00,     0.20,     0.00,     0.00,     0.00,     0.00,     0.00,     5.57,     0.00,     0.00,     0.00,     0.00,     0.00,     3.85,     2.43,     0.00,     0.00,     0.00,     0.00,     0.00,     0.00,     0.00,     0.00,     1.88,    15.55,     0.00,     0.00,  -999.99
cty,24085,MT: Roosevelt County,1987,09,PRCP,     0.00,     0.00,     0.00,     0.00,     0.00,     0.00,     0.02,     0.00,     0.00,     0.00,     4.18,     0.00,     0.00,     0.00,     0.00,     0.00,     4.41,     2.28,     0.00,     0.00,     0.00,     0.00,     0.00,     0.00,     0.00,     0.00,     1.62,    16.86,     0.00,     0.00,  -999.99
cty,24087,MT: Rosebud County,1987,09,PRCP,     0.00,     0.00,     0.04,     1.34,     7.44,     0.03,     2.70,     0.00,     0.00,     0.01,     1.65,     0.00,     0.00,     0.00,     0.00,     2.00,     2.91,     0.00,     0.00,     0.00,     0.00,     0.00,     0.00,     0.00,     0.00,     0.18,     1.39,     1.50,     0.00,     0.00,  -999.99
cty,24089,MT: Sanders County,1987,09,PRCP,     0.00,     0.00,     0.01,     0.04,     0.00,     0.00,     0.00,     0.00,     0.00,     0.00,     0.01,     0.00,     0.01,     0.00,     0.00,     0.00,     0.07,     0.00,     0.00,     0.00,     0.00,     0.00,     0.00,     0.00,     0.00,     0.48,     1.99,     6.28,     0.00,     0.00,  -999.99
cty,24091,MT: Sheridan County,1987,09,PRCP,     0.00,     0.00,     0.00,     0.00,     0.00,     0.00,     0.00,     0.00,     0.06,     0.00,     3.92,     0.00,     0.00,     0.00,     0.00,     0.06,     5.03,     2.67,     0.00,     0.00,     0.00,     0.00,     0.00,     0.00,     0.00,     0.00,     0.42,    18.39,     0.00,     0.00,  -999.99
cty,24093,MT: Silver Bow County,1987,09,PRCP,     0.00,     0.02,     0.00,     0.00,     0.00,     0.00,     0.00,     0.00,     0.00,     0.00,     0.00,     0.00,     0.00,     0.00,     0.00,     1.10,     0.03,     0.24,     0.00,     0.00,     0.00,     0.00,     0.00,     0.00,     0.00,     0.00,     0.94,     0.06,     0.00,     0.00,  -999.99
cty,24095,MT: Stillwater County,1987,09,PRCP,     0.00,     0.00,     0.00,     0.05,     5.34,     0.00,     2.91,     0.00,     0.00,     0.13,     0.00,     0.00,     0.00,     0.00,     0.00,     2.18,     0.39,     0.00,     0.00,     0.00,     0.00,     0.00,     0.00,     0.00,     0.00,     0.00,     1.06,     1.13,     0.00,     0.00,  -999.99
cty,24097,MT: Sweet Grass County,1987,09,PRCP,     0.00,     0.00,     0.00,     0.00,     2.92,     0.00,     1.72,     0.00,     0.00,     0.00,     0.00,     0.00,     0.00,     0.00,     0.00,     1.77,     1.39,     0.02,     0.00,     0.00,     0.00,     0.00,     0.00,     0.00,     0.00,     0.00,     1.83,     2.91,     0.00,     0.00,  -999.99
cty,24099,MT: Teton County,1987,09,PRCP,     0.00,     0.00,     0.00,     0.00,     0.01,     0.00,     0.11,     0.00,     0.00,     0.00,     0.00,     0.00,     0.00,     0.00,     0.00,     0.62,     0.58,     0.00,     0.00,     0.00,     0.00,     0.00,     0.00,     0.01,     0.00,     0.01,     3.75,     0.86,     0.00,     0.00,  -999.99
cty,24101,MT: Toole County,1987,09,PRCP,     0.00,     0.00,     0.00,     0.00,     0.00,     0.00,     0.01,     0.00,     0.00,     0.00,     0.00,     0.00,     0.00,     0.00,     0.00,     0.00,     0.10,     0.00,     0.54,     0.00,     0.00,     0.00,     0.00,     0.00,     0.00,     0.00,    11.66,     0.04,     0.00,     0.00,  -999.99
cty,24103,MT: Treasure County,1987,09,PRCP,     0.00,     0.00,     0.02,     0.00,     9.35,     0.00,     2.43,     0.00,     0.00,     0.00,     0.00,     0.00,     0.00,     0.00,     0.00,     3.23,     2.73,     0.00,     0.00,     0.00,     0.00,     0.00,     0.00,     0.00,     0.00,     0.00,     1.78,     0.00,     0.00,     0.00,  -999.99
cty,24105,MT: Valley County,1987,09,PRCP,     0.00,     0.00,     0.00,     0.00,     0.00,     0.00,     1.17,     0.00,     0.00,     0.00,     2.86,     0.00,     0.00,     0.00,     0.00,     1.43,     5.13,     1.42,     0.00,     0.00,     0.00,     0.00,     0.00,     0.00,     0.00,     0.00,     1.31,    12.37,     0.00,     0.00,  -999.99
cty,24107,MT: Wheatland County,1987,09,PRCP,     0.00,     0.00,     0.02,     0.00,     0.46,     0.00,     0.59,     0.00,     0.00,     0.00,     0.00,     0.00,     0.00,     0.00,     0.00,     5.70,     3.36,     0.00,     0.00,     0.00,     0.00,     0.00,     0.00,     0.00,     0.00,     0.00,     2.34,     5.35,     0.00,     0.00,  -999.99
cty,24109,MT: Wibaux County,1987,09,PRCP,     0.00,     0.00,     0.00,     0.00,     5.93,     0.09,     0.71,     0.00,     0.00,     0.00,     7.75,     0.00,     0.00,     0.00,     0.00,     0.00,     2.63,     2.19,     0.00,     0.00,     0.00,     0.00,     0.00,     0.00,     0.00,     0.00,     0.72,     9.27,     0.00,     0.00,  -999.99
cty,24111,MT: Yellowstone County,1987,09,PRCP,     0.00,     0.00,     0.23,     0.04,    12.98,     0.00,     2.66,     0.00,     0.28,     0.13,     0.02,     0.00,     0.00,     0.00,     0.01,     3.03,     0.84,     0.00,     0.00,     0.00,     0.00,     0.00,     0.00,     0.00,     0.00,     0.00,     1.51,     0.06,     0.00,     0.00,  -999.99
cty,25001,NE: Adams County,1987,09,PRCP,     0.00,     0.00,     0.00,     0.00,     0.00,     0.18,     0.72,     0.04,     0.00,     4.36,     0.00,     3.85,     0.00,     0.00,     0.03,    15.43,     0.00,     0.00,     0.00,     0.00,     0.00,     0.00,     0.00,     0.00,     0.00,     0.00,     0.00,     0.17,     0.00,     0.00,  -999.99
cty,25003,NE: Antelope County,1987,09,PRCP,     0.00,     0.00,     0.00,     0.00,     0.00,     0.00,     0.98,     1.42,     6.20,     2.44,     0.00,     0.07,     0.00,     0.00,     6.34,    32.64,     4.76,     0.02,     0.00,     0.00,     0.00,     0.00,     0.00,     0.00,     0.00,     0.00,     0.00,     0.00,     0.00,     0.00,  -999.99
cty,25005,NE: Arthur County,1987,09,PRCP,     0.00,     0.00,     0.00,     0.00,     2.30,     0.00,     3.89,     0.00,     0.00,     0.00,     0.00,     2.69,     0.00,     0.00,    11.11,    10.56,     0.00,     2.57,     0.00,     0.00,     0.00,     0.00,     0.00,     0.00,     0.00,     0.00,     0.00,     0.00,     0.00,     0.00,  -999.99
cty,25007,NE: Banner County,1987,09,PRCP,     0.00,     0.15,     0.00,     1.33,     4.89,     0.00,     0.00,     0.00,     0.00,     0.00,     1.91,     0.00,     0.00,     0.00,     2.72,     5.79,     2.75,     1.40,     0.00,     0.00,     0.00,     0.00,     0.00,     0.00,     0.00,     0.00,     0.00,     0.00,     0.00,     0.00,  -999.99
cty,25009,NE: Blaine County,1987,09,PRCP,     0.00,     0.00,     0.00,     0.01,     7.95,     0.00,     6.21,     0.45,     5.72,     0.00,     0.00,     0.00,     0.00,     0.00,    22.73,    20.08,     0.00,     1.27,     0.00,     0.00,     0.00,     0.00,     0.00,     0.00,     0.00,     0.00,     0.00,     0.00,     0.00,     0.00,  -999.99
cty,25011,NE: Boone County,1987,09,PRCP,     0.00,     0.00,     0.24,     0.00,     0.00,     0.00,     1.54,     2.89,     5.64,     4.18,     0.00,     0.26,     0.00,     0.00,    10.16,    32.48,     2.00,     0.00,     0.00,     0.00,     0.00,     0.00,     0.00,     0.00,     0.00,     0.00,     0.00,     0.00,     0.00,     0.00,  -999.99
cty,25013,NE: Box Butte County,1987,09,PRCP,     0.00,     0.00,     0.01,     0.74,     4.77,     0.00,     0.01,     0.00,     0.09,     0.00,     2.20,     0.02,     0.00,     0.01,     4.63,     5.88,     1.87,     0.25,     0.00,     0.00,     0.00,     0.00,     0.00,     0.00,     0.00,     0.00,     0.00,     0.00,     0.00,     0.00,  -999.99
cty,25015,NE: Boyd County,1987,09,PRCP,     0.00,     0.00,     0.00,     0.00,    15.04,     0.00,     1.92,     2.82,     5.23,     0.33,     0.00,     1.87,     0.23,     0.00,     2.71,    38.09,     5.04,     0.00,     0.00,     0.00,     0.00,     0.00,     0.00,     0.00,     0.00,     0.00,     0.00,     0.00,     0.00,     0.00,  -999.99
cty,25017,NE: Brown County,1987,09,PRCP,     0.00,     0.00,     0.00,     0.04,    10.13,     0.00,     5.27,     2.27,     8.54,     0.00,     0.03,     0.77,     0.00,     0.00,    19.74,    30.43,     0.00,     0.22,     0.00,     0.00,     0.00,     0.00,     0.00,     0.00,     0.00,     0.00,     0.00,     0.00,     0.00,     0.00,  -999.99
cty,25019,NE: Buffalo County,1987,09,PRCP,     0.00,     0.00,     0.00,     0.06,     1.17,     0.00,     4.43,     0.94,     0.00,     0.00,     0.00,     3.79,     0.00,     0.00,     1.24,    21.92,     0.06,     0.18,     0.00,     0.00,     0.00,     0.00,     0.00,     0.00,     0.00,     0.00,     0.00,     0.00,     0.00,     0.00,  -999.99
cty,25021,NE: Burt County,1987,09,PRCP,     0.00,     0.00,     0.00,     0.00,     0.01,     0.00,     0.51,     0.04,     0.42,     9.28,     0.00,     0.06,     0.00,     0.03,     3.40,    32.85,     9.78,     0.06,     0.03,     0.00,     0.00,     0.00,     0.00,     0.00,     0.00,     0.00,     0.00,     1.83,     0.00,     0.00,  -999.99
cty,25023,NE: Butler County,1987,09,PRCP,     0.00,     0.00,     3.93,     0.00,     0.00,     0.00,     0.62,     0.00,     0.08,    15.63,     0.18,     0.05,     0.00,     0.01,     5.41,    37.31,     2.74,     0.00,     0.00,     0.00,     0.00,     0.00,     0.00,     0.00,     0.00,     0.00,     0.00,     2.14,     0.00,     0.00,  -999.99
cty,25025,NE: Cass County,1987,09,PRCP,     0.00,     0.00,     0.00,     0.00,     0.00,     1.26,     1.74,     0.00,     0.04,    16.58,     0.03,     0.01,     0.01,     0.02,     2.25,    27.52,     2.39,     0.00,     0.00,     0.00,     0.00,     0.00,     0.00,     0.00,     0.00,     0.00,     0.02,     2.90,     0.00,     0.00,  -999.99
cty,25027,NE: Cedar County,1987,09,PRCP,     0.00,     0.00,     0.00,     0.00,     0.00,     0.14,     0.05,     0.00,     3.05,     3.02,     0.00,     1.06,     0.00,     0.00,     2.51,    34.71,    22.53,     0.02,     0.00,     0.00,     0.00,     0.00,     0.00,     0.00,     0.00,     0.00,     0.00,     0.00,     0.00,     0.00,  -999.99
cty,25029,NE: Chase County,1987,09,PRCP,     0.00,     0.02,     0.01,     0.00,     3.68,     0.00,     6.66,     0.00,     0.00,     0.00,     0.89,     5.78,     0.00,     0.00,     4.05,     8.28,     0.00,     4.18,     0.00,     0.00,     0.00,     0.00,     0.00,     0.00,     0.00,     0.00,     0.00,     0.00,     0.00,     0.00,  -999.99
cty,25031,NE: Cherry County,1987,09,PRCP,     0.00,     0.00,     0.00,     0.00,     4.94,     0.01,     4.45,     1.07,     3.33,     0.00,     0.02,     1.32,     0.00,     0.00,    20.19,    20.55,     0.51,     0.69,     0.00,     0.00,     0.00,     0.00,     0.00,     0.00,     0.00,     0.00,     0.00,     0.00,     0.00,     0.00,  -999.99
cty,25033,NE: Cheyenne County,1987,09,PRCP,     0.00,     0.00,     0.00,     0.68,     7.81,     0.00,     0.00,     0.00,     0.00,     0.02,     1.87,     0.78,     0.01,     0.00,     2.79,     8.21,     1.70,     1.87,     0.00,     0.00,     0.00,     0.00,     0.00,     0.00,     0.00,     0.00,     0.00,     0.00,     0.00,     0.00,  -999.99
cty,25035,NE: Clay County,1987,09,PRCP,     0.00,     0.00,     0.00,     0.00,     0.00,     0.00,     0.00,     0.16,     0.00,    11.39,     0.42,     3.49,     0.00,     0.00,     0.86,    16.33,     0.00,     0.00,     0.03,     0.00,     0.00,     0.00,     0.00,     0.00,     0.00,     0.00,     0.10,     3.81,     0.00,     0.00,  -999.99
cty,25037,NE: Colfax County,1987,09,PRCP,     0.00,     0.00,     2.06,     0.00,     0.00,     0.00,     0.04,     0.00,     2.29,    10.83,     0.00,     0.00,     0.00,     0.00,     5.45,    35.28,     4.93,     0.05,     0.00,     0.00,     0.00,     0.00,     0.00,     0.00,     0.00,     0.00,     0.00,     0.00,     0.00,     0.00,  -999.99
cty,25039,NE: Cuming County,1987,09,PRCP,     0.00,     0.00,     0.10,     0.00,     0.00,     0.01,     0.04,     0.00,     3.19,     9.83,     0.00,     0.00,     0.00,     0.00,     4.51,    38.96,    12.01,     0.00,     0.00,     0.00,     0.00,     0.00,     0.00,     0.00,     0.00,     0.00,     0.00,     0.00,     0.00,     0.00,  -999.99
cty,25041,NE: Custer County,1987,09,PRCP,     0.00,     0.00,     0.00,     0.00,     4.89,     0.00,     6.73,     1.57,     2.13,     0.01,     0.00,     0.66,     0.00,     0.03,    10.50,    15.26,     0.28,     1.41,     0.00,     0.00,     0.00,     0.00,     0.00,     0.00,     0.00,     0.00,     0.00,     0.00,     0.00,     0.00,  -999.99
cty,25043,NE: Dakota County,1987,09,PRCP,     0.00,     0.00,     0.00,     0.00,     0.00,     0.00,     0.00,     0.00,     0.77,     3.17,     0.00,     0.00,     0.00,     0.00,     2.35,    23.89,    18.77,     0.00,     0.06,     0.12,     0.00,     0.00,     0.00,     0.00,     0.00,     0.00,     0.00,     0.00,     0.00,     0.00,  -999.99
cty,25045,NE: Dawes County,1987,09,PRCP,     0.00,     0.00,     0.00,     1.07,     3.90,     0.00,     0.00,     0.00,     1.65,     0.00,     2.11,     0.00,     0.00,     0.00,     3.02,     3.07,     1.55,     0.00,     0.00,     0.00,     0.00,     0.00,     0.00,     0.00,     0.00,     0.00,     0.00,     0.00,     0.00,     0.00,  -999.99
cty,25047,NE: Dawson County,1987,09,PRCP,     0.00,     0.00,     0.00,     0.12,     3.15,     0.17,     7.51,     0.01,     0.00,     0.00,     0.13,     3.63,     0.00,     0.00,     3.68,    13.51,     0.15,     1.80,     0.00,     0.00,     0.00,     0.00,     0.00,     0.00,     0.00,     0.00,     0.00,     0.00,     0.00,     0.00,  -999.99
cty,25049,NE: Deuel County,1987,09,PRCP,     0.00,     0.00,     0.00,     0.03,     4.73,     0.00,     0.23,     0.00,     0.00,     0.00,     1.44,     2.52,     0.02,     0.00,     2.98,     7.26,     0.00,     2.34,     0.00,     0.00,     0.00,     0.00,     0.00,     0.00,     0.00,     0.00,     0.00,     0.00,     0.00,     0.00,  -999.99
cty,25051,NE: Dixon County,1987,09,PRCP,     0.00,     0.00,     0.00,     0.00,     0.00,     0.09,     0.00,     0.00,     2.01,     3.31,     0.00,     0.31,     0.00,     0.00,     2.46,    27.66,    21.51,     0.41,     0.08,     0.06,     0.00,     0.00,     0.00,     0.00,     0.00,     0.00,     0.00,     0.00,     0.00,     0.00,  -999.99
cty,25053,NE: Dodge County,1987,09,PRCP,     0.00,     0.00,     0.21,     0.00,     0.00,     0.00,     0.60,     0.00,     1.28,    14.45,     0.00,     0.00,     0.00,     0.00,     3.89,    39.27,     6.72,     0.00,     0.00,     0.04,     0.00,     0.00,     0.00,     0.00,     0.00,     0.00,     0.00,     2.09,     0.00,     0.00,  -999.99
cty,25055,NE: Douglas County,1987,09,PRCP,     0.00,     0.00,     0.00,     0.00,     0.00,     0.11,     1.44,     0.02,     0.14,    10.87,     0.00,     0.00,     0.02,     0.02,     1.66,    24.78,     3.28,     0.00,     0.00,     0.00,     0.00,     0.00,     0.00,     0.00,     0.00,     0.00,     0.19,     3.09,     0.00,     0.00,  -999.99
cty,25057,NE: Dundy County,1987,09,PRCP,     0.00,     0.09,     0.00,     0.00,     2.93,     0.00,     5.38,     0.00,     0.00,     0.00,     1.09,     4.02,     0.00,     0.09,     2.84,     6.14,     0.00,     3.64,     0.00,     0.00,     0.00,     0.00,     0.00,     0.00,     0.00,     0.00,     0.00,     0.00,     0.00,     0.00,  -999.99
cty,25059,NE: Fillmore County,1987,09,PRCP,     0.00,     0.00,     0.45,     0.08,     0.00,     0.12,     0.00,     0.43,     0.00,    17.86,     1.52,     2.74,     0.00,     0.00,     4.02,    17.33,     0.04,     0.00,     0.20,     0.00,     0.00,     0.00,     0.00,     0.00,     0.00,     0.00,     0.00,     8.25,     0.00,     0.00,  -999.99
cty,25061,NE: Franklin County,1987,09,PRCP,     0.00,     0.00,     0.00,     0.00,     0.00,     0.07,     2.92,     0.00,     0.00,     0.23,     0.67,     7.82,     0.00,     0.00,     0.00,    17.21,     0.00,     0.00,     0.00,     0.00,     0.00,     0.00,     0.00,     0.00,     0.00,     0.00,     0.01,     0.04,     0.00,     0.00,  -999.99
cty,25063,NE: Frontier County,1987,09,PRCP,     0.00,     0.00,     0.00,     0.05,     2.15,     0.01,    11.42,     0.00,     0.00,     0.00,     0.23,     5.74,     0.00,     0.01,     3.71,    11.06,     0.06,     2.20,     0.00,     0.00,     0.00,     0.00,     0.00,     0.00,     0.00,     0.00,     0.00,     0.00,     0.00,     0.00,  -999.99
cty,25065,NE: Furnas County,1987,09,PRCP,     0.00,     0.00,     0.00,     0.41,     1.27,     0.03,     9.48,     0.48,     0.00,     0.00,     0.00,     6.33,     0.00,     0.00,     0.00,    11.70,     0.00,     1.37,     0.00,     0.00,     0.00,     0.00,     0.00,     0.00,     0.00,     0.00,     0.00,     0.00,     0.00,     0.00,  -999.99
cty,25067,NE: Gage County,1987,09,PRCP,     0.00,     0.00,     0.00,     3.50,     0.00,     1.23,     2.60,     0.38,     0.00,    24.68,     0.02,     0.42,     0.00,     0.02,     7.84,    24.94,     1.52,     0.00,     0.02,     0.00,     0.00,     0.00,     0.00,     0.00,     0.00,     0.00,     0.00,     4.56,     0.00,     0.00,  -999.99
cty,25069,NE: Garden County,1987,09,PRCP,     0.00,     0.00,     0.00,     0.07,     7.72,     0.00,     1.07,     0.00,     0.00,     0.00,     0.72,     2.48,     0.00,     0.00,     7.62,    11.18,     0.04,     2.35,     0.00,     0.00,     0.00,     0.00,     0.00,     0.00,     0.00,     0.00,     0.00,     0.00,     0.00,     0.00,  -999.99
cty,25071,NE: Garfield County,1987,09,PRCP,     0.00,     0.00,     0.00,     0.61,     3.03,     0.00,     5.91,     3.95,    11.27,     0.00,     0.03,     0.00,     0.00,     0.00,    12.16,    27.52,     0.00,     0.05,     0.00,     0.00,     0.00,     0.00,     0.00,     0.00,     0.00,     0.00,     0.00,     0.00,     0.00,     0.00,  -999.99
cty,25073,NE: Gosper County,1987,09,PRCP,     0.00,     0.00,     0.00,     0.76,     1.87,     0.59,     6.95,     0.00,     0.00,     0.00,     0.00,     5.21,     0.00,     0.00,     0.51,    12.11,     0.07,     1.51,     0.00,     0.00,     0.00,     0.00,     0.00,     0.00,     0.00,     0.00,     0.00,     0.00,     0.00,     0.00,  -999.99
cty,25075,NE: Grant County,1987,09,PRCP,     0.00,     0.00,     0.00,     0.00,     5.02,     0.00,     5.15,     0.00,     0.03,     0.00,     0.00,     2.98,     0.00,     0.00,    20.14,    18.43,     0.00,     2.87,     0.00,     0.00,     0.00,     0.00,     0.00,     0.00,     0.00,     0.00,     0.00,     0.00,     0.00,     0.00,  -999.99
cty,25077,NE: Greeley County,1987,09,PRCP,     0.00,     0.00,     0.00,     0.00,     0.62,     0.00,     4.76,     4.70,     7.28,     1.52,     0.00,     0.00,     0.00,     0.00,    10.04,    30.62,     0.00,     0.00,     0.00,     0.00,     0.00,     0.00,     0.00,     0.00,     0.00,     0.00,     0.00,     0.00,     0.00,     0.00,  -999.99
cty,25079,NE: Hall County,1987,09,PRCP,     0.00,     0.00,     0.00,     0.00,     0.00,     0.08,     2.45,     2.28,     0.00,     3.27,     0.00,     3.08,     0.00,     0.00,     3.14,    22.89,     0.00,     0.00,     0.00,     0.00,     0.00,     0.00,     0.00,     0.00,     0.00,     0.00,     0.00,     0.00,     0.00,     0.00,  -999.99
cty,25081,NE: Hamilton County,1987,09,PRCP,     0.00,     0.00,     0.07,     0.00,     0.00,     0.00,     0.24,     2.88,     0.00,     9.13,     0.40,     2.76,     0.00,     0.00,     4.90,    23.77,     0.00,     0.00,     0.00,     0.00,     0.00,     0.00,     0.00,     0.00,     0.00,     0.00,     0.00,     0.00,     0.00,     0.00,  -999.99
cty,25083,NE: Harlan County,1987,09,PRCP,     0.00,     0.00,     0.00,     1.35,     0.11,     0.34,     6.33,     0.00,     0.00,     0.00,     0.14,    10.10,     0.00,     0.00,     0.00,    20.61,     0.09,     0.00,     0.00,     0.00,     0.00,     0.00,     0.00,     0.00,     0.00,     0.00,     0.00,     0.00,     0.00,     0.00,  -999.99
cty,25085,NE: Hayes County,1987,09,PRCP,     0.00,     0.00,     0.00,     0.00,     2.75,     0.00,    10.98,     0.00,     0.00,     0.00,     0.00,     6.07,     0.00,     0.01,     4.67,     8.97,     0.04,     2.99,     0.00,     0.00,     0.00,     0.00,     0.00,     0.00,     0.00,     0.00,     0.00,     0.00,     0.00,     0.00,  -999.99
cty,25087,NE: Hitchcock County,1987,09,PRCP,     0.00,     0.00,     0.00,     0.00,     2.19,     0.00,    10.14,     0.08,     0.00,     0.00,     0.00,     5.27,     0.00,     0.00,     2.24,     8.16,     0.00,     2.85,     0.00,     0.00,     0.00,     0.00,     0.00,     0.00,     0.00,     0.00,     0.00,     0.00,     0.00,     0.00,  -999.99
cty,25089,NE: Holt County,1987,09,PRCP,     0.00,     0.00,     0.00,     0.10,     4.87,     0.02,     3.04,     3.15,     8.83,     0.03,     0.00,     0.12,     0.00,     0.00,     7.96,    34.63,     1.87,     0.00,     0.00,     0.00,     0.00,     0.00,     0.00,     0.00,     0.00,     0.00,     0.00,     0.00,     0.00,     0.00,  -999.99
cty,25091,NE: Hooker County,1987,09,PRCP,     0.00,     0.00,     0.00,     0.00,     7.04,     0.00,     8.73,     0.00,     1.52,     0.00,     0.00,     1.68,     0.00,     0.00,    38.76,    28.87,     0.00,     3.44,     0.00,     0.00,     0.00,     0.00,     0.00,     0.00,     0.00,     0.00,     0.00,     0.00,     0.00,     0.00,  -999.99
cty,25093,NE: Howard County,1987,09,PRCP,     0.00,     0.00,     0.00,     0.00,     0.14,     0.00,     5.00,     5.19,     3.35,     3.26,     0.00,     2.11,     0.00,     0.00,     8.91,    34.58,     0.00,     0.00,     0.00,     0.00,     0.00,     0.00,     0.00,     0.00,     0.00,     0.00,     0.00,     0.00,     0.00,     0.00,  -999.99
cty,25095,NE: Jefferson County,1987,09,PRCP,     0.00,     0.00,     1.02,     7.18,     0.00,     0.83,     2.20,     0.57,     0.00,    25.97,     0.00,     1.84,     0.00,     0.00,     9.15,    17.57,     0.20,     0.00,     0.00,     0.00,     0.00,     0.00,     0.00,     0.00,     0.00,     0.00,     0.00,    10.35,     0.00,     0.00,  -999.99
cty,25097,NE: Johnson County,1987,09,PRCP,     0.00,     0.00,     0.00,     0.34,     0.00,     2.83,     3.21,     0.00,     0.00,    32.14,     0.00,     0.03,     0.00,     0.00,     7.27,    34.23,     2.34,     0.00,     0.56,     0.00,     0.00,     0.00,     0.00,     0.00,     0.00,     0.00,     0.00,     2.75,     0.00,     0.00,  -999.99
cty,25099,NE: Kearney County,1987,09,PRCP,     0.00,     0.00,     0.00,     0.00,     0.01,     1.06,     3.07,     0.00,     0.00,     0.00,     0.00,     6.00,     0.00,     0.00,     0.00,    20.49,     0.00,     0.00,     0.00,     0.00,     0.00,     0.00,     0.00,     0.00,     0.00,     0.00,     0.00,     0.00,     0.00,     0.00,  -999.99
cty,25101,NE: Keith County,1987,09,PRCP,     0.00,     0.00,     0.00,     0.00,     2.22,     0.02,     4.29,     0.00,     0.00,     0.00,     0.04,     3.13,     0.00,     0.06,     8.32,     8.69,     0.00,     2.95,     0.00,     0.00,     0.00,     0.00,     0.00,     0.00,     0.00,     0.00,     0.00,     0.00,     0.00,     0.00,  -999.99
cty,25103,NE: Keya Paha County,1987,09,PRCP,     0.00,     0.00,     0.00,     0.00,    12.76,     0.00,     3.07,     2.99,     7.70,     0.00,     0.00,     2.30,     0.00,     0.00,     8.31,    30.95,     0.08,     0.00,     0.00,     0.00,     0.00,     0.00,     0.00,     0.00,     0.00,     0.00,     0.00,     0.00,     0.00,     0.00,  -999.99
cty,25105,NE: Kimball County,1987,09,PRCP,     0.00,     0.00,     0.01,     3.20,     2.37,     0.00,     0.00,     0.02,     0.00,     0.20,     1.67,     0.00,     0.00,     0.44,     2.49,     5.70,     2.50,     1.21,     0.00,     0.00,     0.00,     0.00,     0.00,     0.00,     0.00,     0.00,     0.00,     0.00,     0.00,     0.00,  -999.99
cty,25107,NE: Knox County,1987,09,PRCP,     0.00,     0.00,     0.00,     0.00,     0.15,     0.00,     1.07,     0.70,     5.54,     1.99,     0.00,     1.42,     0.08,     0.00,     3.43,    42.39,    14.44,     0.00,     0.00,     0.00,     0.00,     0.00,     0.00,     0.00,     0.00,     0.00,     0.00,     0.00,     0.00,     0.00,  -999.99
cty,25109,NE: Lancaster County,1987,09,PRCP,     0.00,     0.00,     0.21,     0.67,     0.00,     0.17,     1.38,     0.00,     0.00,    22.04,     0.07,     0.06,     0.00,     0.00,     3.95,    30.23,     1.95,     0.01,     0.01,     0.00,     0.00,     0.00,     0.00,     0.00,     0.00,     0.00,     0.01,     5.55,     0.00,     0.00,  -999.99
cty,25111,NE: Lincoln County,1987,09,PRCP,     0.00,     0.00,     0.00,     0.01,     2.56,     0.00,     8.22,     0.00,     0.00,     0.00,     0.08,     2.95,     0.00,     0.00,    10.53,    11.01,     0.04,     2.37,     0.00,     0.00,     0.00,     0.00,     0.00,     0.00,     0.00,     0.00,     0.00,     0.00,     0.00,     0.00,  -999.99
cty,25113,NE: Logan County,1987,09,PRCP,     0.00,     0.00,     0.00,     0.00,     6.74,     0.00,     7.62,     0.00,     0.70,     0.00,     0.00,     0.68,     0.00,     0.00,    24.77,    16.65,     0.00,     2.09,     0.00,     0.00,     0.00,     0.00,     0.00,     0.00,     0.00,     0.00,     0.00,     0.00,     0.00,     0.00,  -999.99
cty,25115,NE: Loup County,1987,09,PRCP,     0.00,     0.00,     0.00,     0.36,     5.03,     0.00,     5.91,     2.61,     8.32,     0.00,     0.00,     0.00,     0.00,     0.08,    13.50,    22.00,     0.08,     0.22,     0.00,     0.00,     0.00,     0.00,     0.00,     0.00,     0.00,     0.00,     0.00,     0.00,     0.00,     0.00,  -999.99
cty,25117,NE: McPherson County,1987,09,PRCP,     0.00,     0.00,     0.00,     0.00,     4.81,     0.17,     7.17,     0.00,     0.00,     0.00,     0.00,     2.32,     0.00,     0.00,    24.75,    17.48,     0.00,     3.16,     0.00,     0.00,     0.00,     0.00,     0.00,     0.00,     0.00,     0.00,     0.00,     0.00,     0.00,     0.00,  -999.99
cty,25119,NE: Madison County,1987,09,PRCP,     0.00,     0.00,     0.80,     0.00,     0.00,     0.00,     0.00,     0.00,     5.06,     7.19,     0.00,     0.00,     0.00,     0.00,    11.27,    44.68,     7.80,     0.00,     0.00,     0.00,     0.00,     0.00,     0.00,     0.00,     0.00,     0.00,     0.00,     0.00,     0.00,     0.00,  -999.99
cty,25121,NE: Merrick County,1987,09,PRCP,     0.00,     0.00,     0.66,     0.00,     0.00,     0.00,     0.74,     3.45,     0.88,     7.83,     0.59,     2.32,     0.00,     0.00,     8.48,    31.54,     0.15,     0.00,     0.00,     0.00,     0.00,     0.00,     0.00,     0.00,     0.00,     0.00,     0.00,     0.00,     0.00,     0.00,  -999.99
cty,25123,NE: Morrill County,1987,09,PRCP,     0.00,     0.00,     0.00,     1.58,     8.79,     0.00,     0.00,     0.00,     0.00,     0.00,     2.32,     0.12,     0.00,     0.00,     4.66,     9.85,     2.07,     2.01,     0.00,     0.00,     0.00,     0.00,     0.00,     0.00,     0.00,     0.00,     0.00,     0.00,     0.00,     0.00,  -999.99
cty,25125,NE: Nance County,1987,09,PRCP,     0.00,     0.14,     0.73,     0.00,     0.00,     0.19,     1.32,     3.34,     3.92,     6.53,     0.44,     1.08,     0.00,     0.00,    10.71,    32.65,     0.79,     0.00,     0.00,     0.00,     0.00,     0.00,     0.00,     0.00,     0.00,     0.00,     0.00,     0.00,     0.00,     0.00,  -999.99
cty,25127,NE: Nemaha County,1987,09,PRCP,     0.00,     0.00,     0.00,     0.00,     0.00,     8.03,     5.79,     1.96,     0.00,    38.13,     0.00,     0.00,     0.00,     0.00,    11.14,    43.96,     3.21,     0.00,     0.17,     0.00,     0.00,     0.00,     0.00,     0.00,     0.00,     0.00,     0.00,     0.31,     0.00,     0.00,  -999.99
cty,25129,NE: Nuckolls County,1987,09,PRCP,     0.00,     0.00,     0.00,     0.00,     0.00,     0.22,     0.00,     0.00,     0.00,    12.15,     0.14,     3.25,     0.00,     0.00,     0.00,     8.04,     0.00,     0.00,     0.00,     0.00,     0.00,     0.00,     0.00,     0.00,     0.00,     0.00,     0.00,     8.92,     0.00,     0.00,  -999.99
cty,25131,NE: Otoe County,1987,09,PRCP,     0.00,     0.00,     0.00,     0.06,     0.00,     2.75,     2.71,     0.00,     0.00,    26.36,     0.00,     0.05,     0.00,     0.00,     4.51,    35.35,     2.67,     0.00,     0.09,     0.00,     0.00,     0.00,     0.00,     0.00,     0.00,     0.00,     0.00,     3.09,     0.00,     0.00,  -999.99
cty,25133,NE: Pawnee County,1987,09,PRCP,     0.00,     0.00,     0.00,     1.04,     0.00,     4.90,     5.70,     2.51,     0.00,    40.60,     0.00,     0.00,     0.00,     0.00,    13.89,    37.41,     2.46,     0.00,     0.04,     0.00,     0.00,     0.00,     0.00,     0.00,     0.00,     0.00,     0.00,     1.67,     0.00,     0.00,  -999.99
cty,25135,NE: Perkins County,1987,09,PRCP,     0.00,     0.00,     0.00,     0.00,     2.54,     0.00,     4.92,     0.00,     0.00,     0.00,     0.29,     3.94,     0.00,     0.00,     5.41,     7.69,     0.00,     3.17,     0.00,     0.00,     0.00,     0.00,     0.00,     0.00,     0.00,     0.00,     0.00,     0.00,     0.00,     0.00,  -999.99
cty,25137,NE: Phelps County,1987,09,PRCP,     0.00,     0.00,     0.00,     1.22,     0.97,     1.21,     4.48,     0.00,     0.00,     0.00,     0.03,     5.82,     0.00,     0.00,     0.03,    16.20,     0.13,     0.13,     0.00,     0.00,     0.00,     0.00,     0.00,     0.00,     0.00,     0.00,     0.00,     0.00,     0.00,     0.00,  -999.99
cty,25139,NE: Pierce County,1987,09,PRCP,     0.00,     0.00,     0.00,     0.00,     0.00,     0.00,     0.17,     0.07,     4.91,     4.07,     0.00,     0.06,     0.00,     0.00,     5.78,    40.81,    13.09,     0.00,     0.00,     0.00,     0.00,     0.00,     0.00,     0.00,     0.00,     0.00,     0.00,     0.00,     0.00,     0.00,  -999.99
cty,25141,NE: Platte County,1987,09,PRCP,     0.00,     0.00,     2.22,     0.00,     0.00,     0.00,     0.06,     0.09,     3.46,     8.83,     0.05,     0.00,     0.00,     0.00,    10.05,    38.10,     4.11,     0.00,     0.00,     0.00,     0.00,     0.00,     0.00,     0.00,     0.00,     0.00,     0.00,     0.00,     0.00,     0.00,  -999.99
cty,25143,NE: Polk County,1987,09,PRCP,     0.00,     0.00,     4.94,     0.00,     0.00,     0.00,     0.42,     0.45,     0.22,    10.97,     1.40,     1.37,     0.00,     0.00,     7.34,    33.79,     1.11,     0.00,     0.00,     0.00,     0.00,     0.00,     0.00,     0.00,     0.00,     0.00,     0.00,     0.00,     0.00,     0.00,  -999.99
cty,25145,NE: Red Willow County,1987,09,PRCP,     0.00,     0.00,     0.00,     0.00,     1.74,     0.00,    14.12,     0.00,     0.00,     0.00,     0.00,     6.53,     0.00,     0.00,     1.60,    10.33,     0.00,     2.18,     0.00,     0.00,     0.00,     0.00,     0.00,     0.00,     0.00,     0.00,     0.00,     0.00,     0.00,     0.00,  -999.99
cty,25147,NE: Richardson County,1987,09,PRCP,     0.00,     0.00,     0.00,     0.00,     0.00,    13.00,     8.42,     6.65,     0.00,    40.19,     0.00,     0.08,     0.00,     0.00,    19.70,    37.13,     2.77,     0.00,     0.11,     0.00,     0.00,     0.00,     0.00,     0.00,     0.00,     0.00,     0.00,     0.00,     0.00,     0.00,  -999.99
cty,25149,NE: Rock County,1987,09,PRCP,     0.00,     0.00,     0.00,     0.45,     8.54,     0.00,     4.07,     2.62,     9.34,     0.00,     0.00,     0.61,     0.00,     0.00,    11.63,    29.81,     0.00,     0.04,     0.00,     0.00,     0.00,     0.00,     0.00,     0.00,     0.00,     0.00,     0.00,     0.00,     0.00,     0.00,  -999.99
cty,25151,NE: Saline County,1987,09,PRCP,     0.00,     0.00,     1.56,     3.04,     0.00,     0.51,     0.26,     0.14,     0.00,    20.20,     0.08,     1.60,     0.03,     0.00,     6.14,    20.57,     0.46,     0.00,     0.08,     0.00,     0.00,     0.00,     0.00,     0.00,     0.00,     0.00,     0.00,     7.64,     0.00,     0.00,  -999.99
cty,25153,NE: Sarpy County,1987,09,PRCP,     0.00,     0.00,     0.00,     0.00,     0.00,     0.41,     1.41,     0.00,     0.00,    12.23,     0.00,     0.00,     0.01,     0.00,     1.58,    24.43,     2.62,     0.00,     0.00,     0.00,     0.00,     0.00,     0.00,     0.00,     0.00,     0.00,     0.00,     2.84,     0.00,     0.00,  -999.99
cty,25155,NE: Saunders County,1987,09,PRCP,     0.00,     0.00,     0.46,     0.00,     0.00,     0.00,     1.89,     0.00,     0.05,    15.68,     0.00,     0.00,     0.02,     0.00,     2.54,    30.26,     2.75,     0.00,     0.00,     0.00,     0.00,     0.00,     0.00,     0.00,     0.00,     0.00,     0.00,     4.51,     0.00,     0.00,  -999.99
cty,25157,NE: Scotts Bluff County,1987,09,PRCP,     0.00,     0.05,     0.00,     5.94,     2.51,     0.00,     0.00,     0.00,     0.00,     0.00,     1.76,     0.00,     0.00,     0.00,     2.20,     5.16,     2.31,     0.92,     0.00,     0.00,     0.00,     0.00,     0.00,     0.00,     0.00,     0.00,     0.00,     0.00,     0.00,     0.00,  -999.99
cty,25159,NE: Seward County,1987,09,PRCP,     0.00,     0.00,     2.70,     0.26,     0.00,     0.00,     0.00,     0.00,     0.03,    17.57,     0.52,     0.81,     0.00,     0.02,     4.69,    27.94,     1.18,     0.00,     0.00,     0.00,     0.00,     0.00,     0.00,     0.00,     0.00,     0.00,     0.00,     5.92,     0.00,     0.00,  -999.99
cty,25161,NE: Sheridan County,1987,09,PRCP,     0.00,     0.00,     0.00,     0.01,     7.78,     0.00,     2.12,     0.04,     0.97,     0.00,     0.92,     0.43,     0.00,     0.00,    12.51,    13.06,     2.18,     0.75,     0.00,     0.00,     0.00,     0.00,     0.00,     0.00,     0.00,     0.00,     0.00,     0.00,     0.00,     0.00,  -999.99
cty,25163,NE: Sherman County,1987,09,PRCP,     0.00,     0.00,     0.00,     0.00,     1.88,     0.00,     4.37,     2.98,     1.57,     0.04,     0.00,     0.87,     0.00,     0.00,     4.81,    18.47,     0.00,     0.00,     0.00,     0.00,     0.00,     0.00,     0.00,     0.00,     0.00,     0.00,     0.00,     0.00,     0.00,     0.00,  -999.99
cty,25165,NE: Sioux County,1987,09,PRCP,     0.00,     0.00,     0.00,     4.01,     2.60,     0.00,     0.00,     0.00,     0.78,     0.07,     1.38,     0.00,     0.00,     0.00,     1.28,     2.07,     1.63,     0.01,     0.00,     0.00,     0.00,     0.00,     0.00,     0.00,     0.00,     0.00,     0.00,     0.00,     0.00,     0.00,  -999.99
cty,25167,NE: Stanton County,1987,09,PRCP,     0.00,     0.00,     0.80,     0.00,     0.00,     0.00,     0.00,     0.00,     3.63,     9.06,     0.00,     0.00,     0.00,     0.00,     7.82,    43.56,    10.92,     0.06,     0.00,     0.00,     0.00,     0.00,     0.00,     0.00,     0.00,     0.00,     0.00,     0.00,     0.00,     0.00,  -999.99
cty,25169,NE: Thayer County,1987,09,PRCP,     0.00,     0.00,     0.01,     0.40,     0.00,     0.98,     0.12,     0.54,     0.00,    20.26,     0.66,     2.77,     0.00,     0.00,     2.43,    10.32,     0.27,     0.00,     0.00,     0.00,     0.00,     0.00,     0.00,     0.00,     0.00,     0.00,     0.00,    12.37,     0.00,     0.00,  -999.99
cty,25171,NE: Thomas County,1987,09,PRCP,     0.00,     0.00,     0.00,     0.00,    10.67,     0.00,     8.12,     0.00,     4.31,     0.00,     0.00,     0.00,     0.00,     0.00,    37.75,    24.15,     0.00,     2.12,     0.00,     0.00,     0.00,     0.00,     0.00,     0.00,     0.00,     0.00,     0.00,     0.00,     0.00,     0.00,  -999.99
cty,25173,NE: Thurston County,1987,09,PRCP,     0.00,     0.00,     0.00,     0.00,     0.00,     0.00,     0.00,     0.00,     1.30,     4.44,     0.00,     0.00,     0.00,     0.00,     2.53,    23.19,    12.02,     0.05,     0.01,     0.05,     0.00,     0.00,     0.00,     0.00,     0.00,     0.00,     0.00,     0.00,     0.00,     0.00,  -999.99
cty,25175,NE: Valley County,1987,09,PRCP,     0.00,     0.00,     0.00,     0.02,     2.58,     0.00,     5.71,     3.67,     7.00,     0.03,     0.00,     0.00,     0.00,     0.00,     8.64,    21.75,     0.00,     0.05,     0.00,     0.00,     0.00,     0.00,     0.00,     0.00,     0.00,     0.00,     0.00,     0.00,     0.00,     0.00,  -999.99
cty,25177,NE: Washington County,1987,09,PRCP,     0.00,     0.00,     0.00,     0.00,     0.00,     0.00,     1.70,     0.00,     0.00,    11.05,     0.02,     0.00,     0.00,     0.00,     2.40,    29.83,     5.47,     0.00,     0.00,     0.00,     0.00,     0.00,     0.00,     0.00,     0.00,     0.00,     0.00,     3.35,     0.00,     0.00,  -999.99
cty,25179,NE: Wayne County,1987,09,PRCP,     0.00,     0.00,     0.00,     0.00,     0.00,     0.01,     0.00,     0.00,     3.11,     5.28,     0.00,     0.00,     0.00,     0.00,     4.35,    34.49,    15.32,     0.09,     0.00,     0.00,     0.00,     0.00,     0.00,     0.00,     0.00,     0.00,     0.00,     0.00,     0.00,     0.00,  -999.99
cty,25181,NE: Webster County,1987,09,PRCP,     0.00,     0.00,     0.00,     0.00,     0.00,     0.10,     0.57,     0.05,     0.00,     5.55,     0.05,     3.85,     0.00,     0.00,     0.04,     8.91,     0.00,     0.00,     0.00,     0.00,     0.00,     0.00,     0.00,     0.00,     0.00,     0.00,     0.00,     3.40,     0.00,     0.00,  -999.99
cty,25183,NE: Wheeler County,1987,09,PRCP,     0.00,     0.00,     0.00,     0.32,     0.30,     0.10,     3.95,     3.99,     9.89,     0.70,     0.00,     0.00,     0.00,     0.10,    10.78,    32.97,     0.47,     0.00,     0.00,     0.00,     0.00,     0.00,     0.00,     0.00,     0.00,     0.00,     0.00,     0.00,     0.00,     0.00,  -999.99
cty,25185,NE: York County,1987,09,PRCP,     0.00,     0.00,     2.02,     0.00,     0.00,     0.00,     0.00,     1.20,     0.04,    13.00,     1.44,     2.10,     0.00,     0.00,     5.17,    24.24,     0.03,     0.02,     0.02,     0.00,     0.00,     0.00,     0.00,     0.00,     0.00,     0.00,     0.00,     1.50,     0.00,     0.00,  -999.99
cty,26001,NV: Churchill County,1987,09,PRCP,     0.00,     0.00,     0.00,     0.00,     0.00,     0.00,     0.00,     0.00,     0.00,     0.00,     0.00,     0.00,     0.00,     0.00,     0.00,     0.00,     0.00,     0.00,     0.00,     0.00,     0.00,     0.00,     0.00,     0.00,     0.00,     0.00,     0.00,     0.00,     0.00,     0.00,  -999.99
cty,26003,NV: Clark County,1987,09,PRCP,     0.00,     0.00,     0.00,     0.00,     0.31,     0.01,     0.00,     0.00,     0.00,     0.00,     0.00,     0.00,     0.00,     0.09,     0.00,     0.00,     0.00,     0.00,     0.00,     0.00,     0.00,     0.00,     0.43,     0.75,     0.08,     0.00,     0.00,     0.00,     0.00,     0.00,  -999.99
cty,26005,NV: Douglas County,1987,09,PRCP,     0.07,     0.05,     0.00,     0.00,     0.00,     0.00,     0.00,     0.00,     0.00,     0.00,     0.00,     0.00,     0.00,     0.00,     0.00,     0.00,     0.00,     0.00,     0.00,     0.00,     0.00,     0.00,     0.00,     0.00,     0.00,     0.00,     0.00,     0.00,     0.00,     0.00,  -999.99
cty,26007,NV: Elko County,1987,09,PRCP,     0.00,     0.00,     0.00,     0.00,     0.00,     0.00,     0.00,     0.00,     0.00,     0.00,     0.00,     0.00,     0.00,     0.00,     0.00,     0.00,     0.00,     0.00,     0.00,     0.00,     0.00,     0.00,     0.00,     0.00,     0.00,     0.00,     0.00,     0.00,     0.00,     0.00,  -999.99
cty,26009,NV: Esmeralda County,1987,09,PRCP,     0.00,     0.16,     0.02,     0.02,     0.00,     0.00,     0.00,     0.00,     0.00,     0.00,     0.00,     0.00,     0.00,     0.00,     0.00,     0.00,     0.00,     0.00,     0.00,     0.00,     0.00,     0.00,     0.00,     0.00,     0.00,     0.00,     0.00,     0.00,     0.00,     0.00,  -999.99
cty,26011,NV: Eureka County,1987,09,PRCP,     0.00,     0.00,     0.00,     0.00,     0.00,     0.00,     0.00,     0.00,     0.00,     0.00,     0.00,     0.00,     0.00,     0.00,     0.00,     0.00,     0.00,     0.00,     0.00,     0.00,     0.00,     0.00,     0.00,     0.00,     0.00,     0.00,     0.00,     0.00,     0.00,     0.00,  -999.99
cty,26013,NV: Humboldt County,1987,09,PRCP,     0.00,     0.00,     0.00,     0.00,     0.00,     0.00,     0.00,     0.00,     0.00,     0.00,     0.00,     0.00,     0.00,     0.00,     0.00,     0.00,     0.00,     0.00,     0.00,     0.00,     0.00,     0.00,     0.00,     0.00,     0.00,     0.00,     0.00,     0.00,     0.00,     0.00,  -999.99
cty,26015,NV: Lander County,1987,09,PRCP,     0.00,     0.00,     0.00,     0.00,     0.00,     0.00,     0.00,     0.00,     0.00,     0.00,     0.00,     0.00,     0.00,     0.00,     0.00,     0.00,     0.00,     0.00,     0.00,     0.00,     0.00,     0.00,     0.00,     0.00,     0.00,     0.00,     0.00,     0.00,     0.00,     0.00,  -999.99
cty,26017,NV: Lincoln County,1987,09,PRCP,     0.00,     0.00,     0.01,     0.01,     0.00,     0.78,     0.03,     0.00,     0.00,     0.00,     0.00,     0.00,     0.03,     0.00,     0.00,     0.00,     0.00,     0.00,     0.00,     0.00,     0.00,     0.00,     0.08,     0.01,     0.00,     0.07,     0.01,     0.00,     0.00,     0.00,  -999.99
cty,26019,NV: Lyon County,1987,09,PRCP,     0.00,     0.00,     0.00,     0.00,     0.00,     0.00,     0.00,     0.00,     0.00,     0.00,     0.00,     0.00,     0.00,     0.00,     0.00,     0.00,     0.00,     0.00,     0.00,     0.00,     0.00,     0.00,     0.00,     0.00,     0.00,     0.00,     0.00,     0.00,     0.00,     0.00,  -999.99
cty,26021,NV: Mineral County,1987,09,PRCP,     0.00,     0.00,     0.00,     0.06,     0.00,     0.00,     0.00,     0.00,     0.00,     0.00,     0.00,     0.00,     0.00,     0.00,     0.00,     0.00,     0.00,     0.00,     0.00,     0.00,     0.00,     0.00,     0.00,     0.00,     0.00,     0.00,     0.00,     0.00,     0.00,     0.00,  -999.99
cty,26023,NV: Nye County,1987,09,PRCP,     0.00,     0.02,     0.00,     0.00,     0.04,     0.00,     0.00,     0.00,     0.00,     0.00,     0.00,     0.00,     0.00,     0.00,     0.00,     0.00,     0.00,     0.00,     0.00,     0.00,     0.00,     0.00,     0.09,     0.12,     0.00,     0.00,     0.00,     0.00,     0.00,     0.00,  -999.99
cty,26027,NV: Pershing County,1987,09,PRCP,     0.00,     0.00,     0.00,     0.00,     0.00,     0.00,     0.00,     0.00,     0.00,     0.00,     0.00,     0.00,     0.00,     0.00,     0.00,     0.00,     0.00,     0.00,     0.00,     0.00,     0.00,     0.00,     0.00,     0.00,     0.00,     0.00,     0.00,     0.00,     0.00,     0.00,  -999.99
cty,26029,NV: Storey County,1987,09,PRCP,     0.00,     0.00,     0.00,     0.00,     0.00,     0.00,     0.00,     0.00,     0.00,     0.00,     0.00,     0.00,     0.00,     0.00,     0.00,     0.00,     0.00,     0.00,     0.00,     0.00,     0.00,     0.00,     0.00,     0.00,     0.00,     0.00,     0.00,     0.00,     0.00,     0.00,  -999.99
cty,26031,NV: Washoe County,1987,09,PRCP,     0.00,     0.00,     0.00,     0.00,     0.00,     0.00,     0.00,     0.00,     0.00,     0.00,     0.00,     0.00,     0.00,     0.00,     0.00,     0.00,     0.00,     0.00,     0.00,     0.00,     0.00,     0.00,     0.00,     0.00,     0.00,     0.00,     0.00,     0.00,     0.00,     0.00,  -999.99
cty,26033,NV: White Pine County,1987,09,PRCP,     0.01,     0.00,     0.03,     0.93,     0.00,     0.01,     0.00,     0.00,     0.00,     0.00,     0.00,     0.00,     0.00,     0.00,     0.00,     0.00,     0.00,     0.00,     0.00,     0.00,     0.00,     0.00,     0.00,     0.00,     0.00,     0.00,     0.00,     0.02,     0.00,     0.00,  -999.99
cty,26510,NV: Carson City,1987,09,PRCP,     0.00,     0.00,     0.00,     0.00,     0.00,     0.00,     0.00,     0.00,     0.00,     0.00,     0.00,     0.00,     0.00,     0.00,     0.00,     0.00,     0.00,     0.00,     0.00,     0.00,     0.00,     0.00,     0.00,     0.00,     0.00,     0.00,     0.00,     0.00,     0.00,     0.00,  -999.99
cty,27001,NH: Belknap County,1987,09,PRCP,     4.40,     0.00,     0.00,     0.00,     0.00,     0.00,     0.00,     2.53,    36.69,     2.62,     1.08,     0.23,     2.97,    38.82,     0.00,     0.00,     0.00,     2.05,     9.07,     8.71,    15.89,     0.74,     0.00,     0.00,     0.00,     0.00,     0.13,     0.64,     0.00,     0.26,  -999.99
cty,27003,NH: Carroll County,1987,09,PRCP,     4.34,     0.13,     0.01,     0.00,     0.00,     0.00,     0.00,     0.91,    39.61,     4.07,     1.44,     1.56,     5.07,    43.05,     0.00,     0.00,     0.00,     0.36,     5.08,     6.29,    20.60,     1.03,     0.00,     0.15,     0.00,     0.04,     1.30,     0.12,     0.01,     0.01,  -999.99
cty,27005,NH: Cheshire County,1987,09,PRCP,     5.40,     0.00,     0.00,     0.00,     0.00,     0.00,     2.70,     4.05,    42.08,     1.91,     0.00,     0.19,     7.26,    38.06,     0.00,     0.00,     0.01,     8.50,    28.57,     8.05,     4.31,     0.36,     0.28,     0.21,     0.00,     0.00,     0.01,     0.03,     0.01,     0.08,  -999.99
cty,27007,NH: Coos County,1987,09,PRCP,     4.55,     0.15,     0.01,     0.00,     0.00,     0.00,     0.00,     0.82,    33.65,     8.54,     0.14,     1.31,    23.75,    34.86,     0.01,     0.02,     0.61,     0.00,     1.35,     3.05,    10.56,     0.29,     0.21,     1.16,     0.05,     2.03,     4.02,     0.00,     0.00,     0.04,  -999.99
cty,27009,NH: Grafton County,1987,09,PRCP,     5.60,     0.05,     0.05,     0.00,     0.00,     0.00,     0.06,     3.49,    47.80,     4.37,     0.64,     1.09,    16.40,    38.13,     0.00,     0.00,     0.01,     1.97,     7.91,     5.98,    10.58,     0.51,     0.01,     0.52,     0.00,     0.33,     2.37,     0.66,     0.00,     0.00,  -999.99
cty,27011,NH: Hillsborough County,1987,09,PRCP,     3.65,     0.00,     0.00,     0.00,     0.00,     0.00,     1.60,     3.88,    30.59,     1.45,     0.00,     0.45,     3.00,    40.73,     0.00,     0.00,     0.02,     6.76,    23.69,    14.06,    11.35,     0.49,     0.07,     0.07,     0.00,     0.00,     0.00,     0.01,     0.00,     1.15,  -999.99
cty,27013,NH: Merrimack County,1987,09,PRCP,     3.79,     0.00,     0.00,     0.00,     0.00,     0.00,     0.90,     3.33,    36.50,     1.87,     0.18,     0.54,     3.10,    39.20,     0.00,     0.00,     0.00,     4.15,    14.66,     9.94,    13.17,     0.60,     0.00,     0.29,     0.00,     0.00,     0.01,     0.21,     0.00,     0.40,  -999.99
cty,27015,NH: Rockingham County,1987,09,PRCP,     5.29,     0.00,     0.00,     0.00,     0.00,     0.00,     1.19,     2.51,    32.63,     2.07,     0.11,     0.00,     0.29,    46.29,     0.00,     0.00,     0.00,     3.19,    17.03,    20.26,    25.79,     0.63,     0.07,     0.00,     0.00,     0.00,     0.00,     0.07,     0.00,     2.46,  -999.99
cty,27017,NH: Strafford County,1987,09,PRCP,     4.73,     0.00,     0.00,     0.00,     0.00,     0.00,     0.28,     2.07,    34.65,     2.79,     0.64,     0.15,     1.20,    46.53,     0.00,     0.00,     0.00,     2.08,    10.40,    14.25,    28.56,     0.79,     0.00,     0.00,     0.00,     0.00,     0.03,     0.15,     0.00,     1.33,  -999.99
cty,27019,NH: Sullivan County,1987,09,PRCP,     4.65,     0.00,     0.00,     0.00,     0.00,     0.04,     1.87,     5.39,    46.13,     2.30,     0.02,     0.84,    10.48,    36.82,     0.00,     0.00,     0.08,     6.41,    18.74,     8.18,     7.34,     0.45,     0.05,     0.48,     0.00,     0.00,     0.15,     0.25,     0.00,     0.09,  -999.99
cty,28001,NJ: Atlantic County,1987,09,PRCP,     8.57,     0.00,     0.00,     0.00,     0.00,     0.14,     3.38,     4.50,    10.60,     0.00,     0.00,     0.00,     9.52,    16.91,     0.00,     0.00,     0.00,    14.45,     9.35,     2.10,     0.45,     2.28,     2.88,     0.00,     0.07,     0.00,     0.00,     0.00,     0.00,     0.09,  -999.99
cty,28003,NJ: Bergen County,1987,09,PRCP,     9.11,     0.00,     0.68,     0.00,     0.00,     0.00,    10.18,    14.47,    27.21,     0.00,     0.00,     0.55,    17.48,    33.38,     0.00,     0.00,     6.30,    15.89,    13.49,     1.08,     0.00,     0.00,     1.00,     0.00,     2.12,     0.00,     0.00,     0.00,     0.00,     0.00,  -999.99
cty,28005,NJ: Burlington County,1987,09,PRCP,     8.30,     0.00,     0.00,     0.00,     0.00,     0.10,     4.14,     5.09,    13.58,     0.00,     0.00,     0.00,    10.98,    16.19,     0.00,     0.00,     0.00,    15.87,     8.73,     1.44,     0.00,     1.43,     3.42,     0.00,     0.41,     0.00,     0.00,     0.00,     0.00,     0.00,  -999.99
cty,28007,NJ: Camden County,1987,09,PRCP,     7.45,     0.00,     0.00,     0.00,     0.00,     0.68,     4.19,     5.00,    17.01,     0.00,     0.00,     0.00,    11.25,    15.33,     0.00,     0.00,     0.00,    16.70,     9.11,     1.49,     0.01,     1.73,     3.09,     0.00,     0.60,     0.00,     0.00,     0.00,     0.00,     0.33,  -999.99
cty,28009,NJ: Cape May County,1987,09,PRCP,     5.91,     0.13,     0.00,     0.00,     0.00,     0.42,     2.59,     3.63,     9.56,     0.00,     0.00,     0.00,     8.25,    15.08,     0.00,     1.02,     0.00,    10.38,     7.70,     2.22,     0.95,     1.76,     2.30,     0.00,     0.00,     0.00,     0.00,     0.00,     0.00,     0.00,  -999.99
cty,28011,NJ: Cumberland County,1987,09,PRCP,     5.53,     0.00,     0.02,     0.00,     0.00,     1.03,     3.42,     4.22,    16.01,     0.00,     0.00,     0.10,    10.40,    13.98,     0.00,     0.58,     0.00,    13.38,     7.89,     1.93,     0.70,     1.79,     2.10,     0.00,     0.00,     0.00,     0.00,     0.00,     0.00,     0.82,  -999.99
cty,28013,NJ: Essex County,1987,09,PRCP,     9.70,     0.00,     0.49,     0.00,     0.00,     0.00,    10.35,    14.06,    27.14,     0.00,     0.00,     0.00,    18.29,    32.60,     0.00,     0.00,     5.38,    17.62,    12.60,     1.12,     0.00,     0.00,     1.73,     0.00,     1.75,     0.00,     0.00,     0.00,     0.00,     0.00,  -999.99
cty,28015,NJ: Gloucester County,1987,09,PRCP,     6.89,     0.00,     0.00,     0.00,     0.00,     1.06,     4.71,     5.52,    22.04,     0.00,     0.00,     0.00,    12.62,    15.84,     0.00,     0.27,     0.00,    18.07,     9.67,     1.68,     0.15,     1.84,     2.75,     0.00,     0.31,     0.00,     0.00,     0.00,     0.00,     1.11,  -999.99
cty,28017,NJ: Hudson County,1987,09,PRCP,     8.69,     0.00,     0.48,     0.00,     0.00,     0.00,     8.00,    10.85,    20.46,     0.00,     0.00,     0.00,    14.77,    27.68,     0.00,     0.00,     4.76,    15.20,    10.81,     0.96,     0.00,     0.00,     1.73,     0.00,     1.49,     0.00,     0.00,     0.00,     0.00,     0.00,  -999.99
cty,28019,NJ: Hunterdon County,1987,09,PRCP,     8.44,     0.00,     0.00,     0.00,     0.00,     0.48,     9.02,    10.39,    32.97,     0.00,     0.00,     0.00,    21.22,    20.77,     0.00,     0.03,     2.19,    16.67,     9.89,     1.00,     0.00,     0.00,     3.16,     0.00,     0.47,     0.00,     0.00,     0.00,     0.00,     0.04,  -999.99
cty,28021,NJ: Mercer County,1987,09,PRCP,     7.50,     0.00,     0.00,     0.00,     0.00,     0.03,     5.76,     6.68,    19.08,     0.00,     0.00,     0.00,    13.83,    18.06,     0.00,     0.00,     0.24,    16.62,     8.33,     0.97,     0.00,     0.00,     3.78,     0.00,     0.51,     0.00,     0.00,     0.00,     0.00,     0.00,  -999.99
cty,28023,NJ: Middlesex County,1987,09,PRCP,     7.52,     0.00,     0.01,     0.00,     0.00,     0.00,     5.76,     7.03,    16.48,     0.00,     0.00,     0.00,    12.72,    19.56,     0.00,     0.00,     2.26,    15.08,     7.88,     0.84,     0.00,     0.05,     3.03,     0.00,     0.57,     0.00,     0.00,     0.00,     0.00,     0.00,  -999.99
cty,28025,NJ: Monmouth County,1987,09,PRCP,     8.93,     0.00,     0.13,     0.00,     0.00,     0.00,     5.17,     6.45,    14.07,     0.00,     0.00,     0.00,    12.33,    19.26,     0.00,     0.14,     1.98,    16.15,     8.78,     1.18,     0.05,     0.01,     3.25,     0.00,     0.22,     0.00,     0.00,     0.00,     0.00,     0.00,  -999.99
cty,28027,NJ: Morris County,1987,09,PRCP,    10.41,     0.00,     0.32,     0.00,     0.00,     0.09,    11.09,    14.51,    34.60,     0.00,     0.00,     0.05,    21.97,    30.16,     0.00,     0.41,     5.18,    16.29,    12.88,     1.15,     0.00,     0.01,     1.59,     0.00,     1.29,     0.00,     0.00,     0.00,     0.00,     0.00,  -999.99
cty,28029,NJ: Ocean County,1987,09,PRCP,     7.20,     0.00,     0.00,     0.00,     0.00,     0.00,     3.37,     4.26,     8.90,     0.00,     0.00,     0.00,     8.46,    14.14,     0.00,     0.00,     0.02,    12.26,     6.97,     1.24,     0.00,     0.59,     2.65,     0.00,     0.05,     0.00,     0.00,     0.06,     0.00,     0.00,  -999.99
cty,28031,NJ: Passaic County,1987,09,PRCP,    10.38,     0.00,     0.58,     0.00,     0.00,     0.00,    11.09,    16.01,    33.41,     0.00,     0.00,     0.12,    19.72,    35.50,     0.00,     0.00,     6.86,    16.02,    14.65,     1.22,     0.00,     0.00,     0.98,     0.00,     2.15,     0.00,     0.00,     0.00,     0.00,     0.02,  -999.99
cty,28033,NJ: Salem County,1987,09,PRCP,     5.80,     0.00,     0.00,     0.00,     0.00,     1.57,     5.45,     5.98,    29.13,     0.00,     0.00,     0.00,    14.47,    15.67,     0.00,     0.33,     0.00,    19.12,     9.54,     1.92,     0.61,     1.80,     2.15,     0.00,     0.00,     0.00,     0.00,     0.00,     0.00,     1.81,  -999.99
cty,28035,NJ: Somerset County,1987,09,PRCP,     7.40,     0.00,     0.02,     0.00,     0.00,     0.01,     7.63,     9.11,    22.58,     0.00,     0.00,     0.00,    16.12,    20.69,     0.00,     0.00,     2.44,    15.38,     8.53,     0.82,     0.00,     0.01,     2.75,     0.00,     0.50,     0.00,     0.00,     0.00,     0.00,     0.00,  -999.99
cty,28037,NJ: Sussex County,1987,09,PRCP,    12.01,     0.00,     0.36,     0.00,     0.00,     0.03,    10.66,    15.30,    42.65,     0.00,     0.00,     0.15,    23.17,    32.89,     0.00,     0.00,     6.77,    14.15,    15.17,     1.28,     0.00,     0.00,     0.96,     0.00,     1.62,     0.00,     0.00,     0.00,     0.00,     0.02,  -999.99
cty,28039,NJ: Union County,1987,09,PRCP,     9.31,     0.00,     0.30,     0.00,     0.00,     0.09,     8.84,    11.44,    23.48,     0.00,     0.00,     0.00,    17.00,    28.21,     0.00,     0.12,     4.16,    17.52,    10.80,     1.01,     0.00,     0.03,     2.53,     0.00,     1.17,     0.00,     0.00,     0.00,     0.00,     0.00,  -999.99
cty,28041,NJ: Warren County,1987,09,PRCP,    12.25,     0.00,     0.15,     0.00,     0.00,     0.55,    11.67,    14.63,    50.34,     0.00,     0.00,     0.03,    29.24,    26.49,     0.00,     0.33,     4.52,    16.36,    13.70,     1.31,     0.00,     0.04,     2.01,     0.00,     0.81,     0.00,     0.00,     0.00,     0.00,     0.41,  -999.99
cty,29001,NM: Bernalillo County,1987,09,PRCP,     0.00,     0.00,     0.00,     0.00,     0.00,     0.21,     0.00,     0.00,     0.05,     0.00,     0.50,     0.00,     0.00,     3.15,     2.12,     0.00,     0.00,     0.00,     0.00,     0.00,     0.00,     0.00,     0.00,     0.00,     0.00,     0.81,     0.00,     0.00,     0.00,     0.00,  -999.99
cty,29003,NM: Catron County,1987,09,PRCP,     0.00,     0.00,     0.17,     4.26,     9.33,     0.00,     0.01,     0.00,     0.00,     0.00,     0.00,     0.00,     0.00,     6.38,     0.00,     0.00,     0.00,     0.00,     0.52,     0.00,     0.00,     0.02,     0.27,     0.79,     1.48,     2.40,     0.00,     0.39,     0.17,     3.03,  -999.99
cty,29005,NM: Chaves County,1987,09,PRCP,     0.00,     0.00,     0.00,     0.00,     0.59,     2.62,     1.04,     4.98,     3.17,     1.49,     0.00,     0.00,     0.06,     4.78,     6.40,     0.00,     0.00,     3.82,     0.80,     0.00,     0.09,     0.00,     0.00,     0.00,     0.00,     1.31,     0.00,     0.00,     0.00,     0.00,  -999.99
cty,29006,NM: Cibola County,1987,09,PRCP,     0.00,     0.01,     0.00,     0.07,     4.86,     0.01,     0.00,     0.00,     0.05,     0.00,     0.06,     0.00,     0.00,     3.45,     0.08,     0.00,     0.00,     0.00,     0.00,     0.00,     0.00,     0.00,     0.00,     0.00,     0.68,     0.82,     0.00,     0.00,     0.00,     0.91,  -999.99
cty,29007,NM: Colfax County,1987,09,PRCP,     0.00,     0.00,     0.01,     0.00,     0.00,     3.26,     5.05,     4.21,     1.14,     0.76,     0.32,     0.37,     0.00,     0.01,     0.90,     0.00,     0.00,     2.46,     0.00,     0.69,     1.47,     0.00,     0.00,     0.00,     0.01,     0.41,     0.01,     0.02,     0.09,     0.01,  -999.99
cty,29009,NM: Curry County,1987,09,PRCP,     0.00,     0.00,     0.00,     0.00,     0.05,     9.32,     0.35,     6.86,     8.47,     2.66,     0.53,     2.23,     4.74,     2.39,     3.60,     0.03,     0.00,     5.75,     0.94,     0.00,     5.60,     0.60,     0.00,     0.00,     0.00,     0.13,     0.00,     0.00,     0.00,     0.00,  -999.99
cty,29011,NM: De Baca County,1987,09,PRCP,     0.00,     0.00,     0.00,     0.00,     0.00,     3.61,     1.99,     6.33,     6.85,     2.03,     0.20,     1.71,     2.64,     3.29,     4.73,     0.00,     0.00,     4.29,     0.00,     0.00,     0.40,     0.00,     0.00,     0.00,     0.00,     0.27,     0.00,     0.00,     0.00,     0.00,  -999.99
cty,29013,NM: Dona Ana County,1987,09,PRCP,     0.00,     0.00,     0.00,     1.01,     3.51,     0.00,     0.00,     0.00,     0.00,     0.00,     0.00,     0.00,     0.04,     8.25,     0.00,     0.00,     0.00,     0.00,     0.00,     0.00,     0.00,     0.00,     0.00,     0.00,     2.45,     0.33,     0.00,     0.00,     0.00,     0.00,  -999.99
cty,29015,NM: Eddy County,1987,09,PRCP,     0.00,     0.00,     0.00,     0.00,     1.48,     0.93,     0.56,     2.43,     0.08,     0.55,     0.14,     0.05,     0.00,     7.28,     7.66,     0.00,     0.00,     4.98,     0.37,     0.00,     0.01,     0.00,     0.00,     0.00,     0.00,     0.17,     0.00,     0.00,     0.00,     0.00,  -999.99
cty,29017,NM: Grant County,1987,09,PRCP,     0.00,     0.08,     0.08,    14.41,     6.56,     0.00,     0.00,     0.00,     0.00,     0.00,     0.00,     0.00,     0.00,     1.25,     0.00,     0.14,     0.00,     0.16,     0.90,     0.10,     0.17,     0.99,     1.17,     0.02,     1.52,     2.75,     0.06,     1.73,     0.02,     0.89,  -999.99
cty,29019,NM: Guadalupe County,1987,09,PRCP,     0.00,     0.00,     0.00,     0.00,     0.00,     3.09,     3.62,     3.36,     5.99,     0.82,     0.04,     0.15,     1.26,     1.86,     1.91,     0.00,     0.00,     2.30,     0.00,     0.00,     0.46,     0.00,     0.00,     0.00,     0.00,     0.00,     0.00,     0.00,     0.00,     0.00,  -999.99
cty,29021,NM: Harding County,1987,09,PRCP,     0.00,     0.00,     0.00,     0.00,     0.12,     5.66,     3.48,     5.18,     2.55,     1.55,     1.50,     1.66,     2.16,     0.00,     2.56,     0.00,     0.00,     7.13,     0.00,     0.79,     6.10,     0.44,     0.00,     0.00,     0.00,     0.00,     0.00,     0.03,     0.00,     0.23,  -999.99
cty,29023,NM: Hidalgo County,1987,09,PRCP,     0.00,     0.00,     0.01,    10.82,     7.19,     0.00,     0.00,     0.00,     0.00,     0.00,     0.00,     0.00,     0.00,     0.00,     0.00,     0.00,     0.00,     0.17,     0.00,     0.12,     0.01,     5.47,     3.24,     1.48,     1.84,     0.14,     0.00,     0.00,     0.00,     0.05,  -999.99
cty,29025,NM: Lea County,1987,09,PRCP,     0.00,     0.00,     0.00,     0.00,     0.05,     6.02,     1.69,     9.47,     6.28,     4.00,     0.00,     0.00,     0.16,     8.15,     7.75,     0.00,     0.09,     4.31,     0.00,     0.00,     0.14,     0.01,     0.00,     0.00,     0.00,     0.34,     0.00,     0.00,     0.00,     0.00,  -999.99
cty,29027,NM: Lincoln County,1987,09,PRCP,     0.00,     0.00,     0.00,     0.00,     0.77,     1.70,     1.89,     1.15,     1.34,     0.00,     0.00,     0.00,     0.00,     4.25,     4.94,     0.00,     0.00,     2.23,     0.40,     0.00,     0.00,     0.00,     0.00,     0.00,     0.00,     0.92,     0.00,     0.00,     0.00,     0.00,  -999.99
cty,29028,NM: Los Alamos County,1987,09,PRCP,     0.00,     1.09,     0.84,     0.00,     0.00,     3.24,     5.26,     3.31,     7.96,     0.00,     1.25,     0.00,     0.00,     1.73,     0.05,     0.11,     0.00,     0.00,     1.20,     0.00,     0.00,     0.00,     0.00,     0.00,     0.00,     1.14,     0.40,     0.00,     0.00,     2.44,  -999.99
cty,29029,NM: Luna County,1987,09,PRCP,     0.00,     0.00,     0.00,     6.34,     7.68,     0.00,     0.00,     0.00,     0.00,     0.00,     0.00,     0.00,     0.00,     7.10,     0.00,     0.00,     0.00,     0.00,     0.00,     0.00,     0.00,     0.04,     0.00,     0.00,     2.66,     5.79,     0.00,     0.00,     0.00,     0.00,  -999.99
cty,29031,NM: McKinley County,1987,09,PRCP,     0.00,     0.00,     0.02,     0.00,     3.22,     0.00,     0.00,     0.00,     0.00,     0.00,     0.00,     0.00,     0.00,     5.85,     0.00,     0.00,     0.00,     0.00,     0.00,     0.00,     0.00,     0.00,     0.00,     0.00,     1.63,     0.63,     0.00,     0.00,     0.00,     0.59,  -999.99
cty,29033,NM: Mora County,1987,09,PRCP,     0.02,     0.00,     0.05,     0.00,     0.00,     4.76,     7.57,     4.53,     4.88,     0.71,     0.16,     0.47,     0.00,     0.04,     0.25,     0.00,     0.02,     1.67,     0.00,     0.00,     1.30,     0.00,     0.00,     0.00,     0.00,     0.65,     0.03,     0.00,     0.00,     3.16,  -999.99
cty,29035,NM: Otero County,1987,09,PRCP,     0.00,     0.00,     0.00,     0.11,     4.17,     0.91,     0.43,     0.25,     0.00,     0.00,     0.02,     0.00,     0.00,     9.08,     9.36,     0.00,     0.00,     2.49,     0.50,     0.00,     0.00,     0.00,     0.00,     0.00,     0.74,     1.49,     0.00,     0.00,     0.00,     0.00,  -999.99
cty,29037,NM: Quay County,1987,09,PRCP,     0.00,     0.00,     0.00,     0.00,     0.28,     5.79,     1.03,     4.88,     4.93,     2.00,     1.00,     1.35,     4.01,     1.38,     1.92,     0.00,     0.00,     7.35,     0.28,     0.18,     7.85,     0.54,     0.00,     0.00,     0.00,     0.00,     0.00,     0.00,     0.00,     0.00,  -999.99
cty,29039,NM: Rio Arriba County,1987,09,PRCP,     0.10,     0.00,     2.36,     0.05,     0.03,     0.47,     1.44,     1.53,     1.43,     0.07,     0.00,     0.02,     0.00,     5.91,     0.38,     0.00,     0.00,     0.01,     0.00,     0.00,     0.00,     0.00,     0.00,     0.00,     0.03,     0.73,     0.00,     0.00,     0.00,     0.05,  -999.99
cty,29041,NM: Roosevelt County,1987,09,PRCP,     0.00,     0.00,     0.00,     0.00,     0.01,     9.05,     1.59,     9.80,    11.18,     4.03,     0.00,     1.84,     3.05,     4.71,     5.39,     0.00,     0.02,     5.08,     0.94,     0.00,     2.92,     0.25,     0.00,     0.00,     0.00,     3.06,     0.00,     0.00,     0.00,     0.00,  -999.99
cty,29043,NM: Sandoval County,1987,09,PRCP,     0.06,     0.15,     0.36,     0.00,     0.00,     0.19,     0.20,     0.38,     1.21,     0.02,     0.01,     0.00,     0.00,     6.29,     0.26,     0.00,     0.00,     0.00,     0.01,     0.00,     0.00,     0.00,     0.00,     0.00,     0.00,     0.57,     0.00,     0.01,     0.00,     0.10,  -999.99
cty,29045,NM: San Juan County,1987,09,PRCP,     0.04,     0.00,     0.00,     0.00,     0.37,     0.00,     0.00,     0.00,     0.00,     0.00,     0.00,     0.00,     0.00,     5.28,     0.00,     0.00,     0.00,     0.00,     0.00,     0.00,     0.00,     0.00,     0.00,     0.00,     0.73,     0.93,     0.00,     0.00,     0.00,     0.01,  -999.99
cty,29047,NM: San Miguel County,1987,09,PRCP,     0.00,     0.00,     0.06,     0.00,     0.02,     3.84,     5.52,     4.04,     5.97,     1.22,     0.07,     0.66,     0.93,     0.31,     0.85,     0.00,     0.00,     2.18,     0.08,     0.01,     1.56,     0.17,     0.04,     0.00,     0.00,     0.76,     0.01,     0.00,     0.00,     2.57,  -999.99
cty,29049,NM: Santa Fe County,1987,09,PRCP,     0.18,     0.60,     0.14,     0.01,     0.01,     0.81,     0.40,     0.34,     1.74,     0.07,     0.00,     0.00,     0.00,     3.39,     3.74,     0.00,     0.00,     0.00,     0.00,     0.00,     0.00,     0.00,     0.00,     0.00,     0.02,     1.58,     0.00,     0.00,     0.00,     0.07,  -999.99
cty,29051,NM: Sierra County,1987,09,PRCP,     0.00,     0.00,     0.41,     0.04,     6.09,     0.13,     0.05,     0.00,     0.00,     0.00,     0.00,     0.00,     0.00,     9.61,     0.00,     0.00,     0.00,     0.00,     0.44,     0.00,     0.00,     0.06,     0.00,     0.29,     0.26,     1.39,     0.00,     0.02,     0.00,     2.61,  -999.99
cty,29053,NM: Socorro County,1987,09,PRCP,     0.00,     0.00,     0.09,     0.00,     2.94,     0.49,     0.00,     0.00,     0.00,     0.00,     0.12,     0.00,     0.00,     7.33,     2.39,     0.00,     0.00,     0.30,     0.13,     0.00,     0.00,     0.00,     0.00,     0.00,     0.01,     1.04,     0.00,     0.00,     0.00,     1.59,  -999.99
cty,29055,NM: Taos County,1987,09,PRCP,     0.00,     0.67,     1.08,     0.05,     0.01,     0.57,     6.64,     4.32,     0.70,     0.24,     0.00,     0.08,     0.00,     6.52,     4.43,     0.00,     0.00,     0.00,     0.00,     0.00,     0.00,     0.00,     0.00,     0.00,     0.11,     0.46,     0.00,     0.01,     0.08,     0.00,  -999.99
cty,29057,NM: Torrance County,1987,09,PRCP,     0.00,     0.00,     0.00,     0.00,     0.00,     3.46,     1.85,     0.00,     2.97,     0.00,     0.00,     0.00,     0.00,     5.21,     4.33,     0.00,     0.09,     0.00,     0.00,     0.00,     0.00,     0.00,     0.00,     0.00,     0.00,     0.65,     0.00,     0.00,     0.00,     0.00,  -999.99
cty,29059,NM: Union County,1987,09,PRCP,     0.00,     0.00,     0.00,     0.00,     0.02,     7.03,     4.00,     5.55,     0.47,     0.70,     2.79,     3.58,     0.37,     0.00,     0.54,     0.01,     0.00,     7.93,     0.00,     0.66,     6.27,     0.17,     0.00,     0.00,     0.00,     0.00,     0.00,     1.02,     0.00,     0.24,  -999.99
cty,29061,NM: Valencia County,1987,09,PRCP,     0.00,     0.00,     0.00,     0.00,     0.00,     0.00,     0.00,     0.00,     0.00,     0.00,     0.70,     0.00,     0.00,     2.82,     1.94,     0.00,     0.00,     0.00,     0.00,     0.00,     0.00,     0.00,     0.00,     0.00,     0.00,     0.74,     0.00,     0.00,     0.00,     0.00,  -999.99
cty,30001,NY: Albany County,1987,09,PRCP,     5.48,     0.00,     0.15,     0.00,     0.00,     0.00,     3.36,     7.82,    44.63,     0.11,     0.00,     1.31,    15.42,    33.02,     0.00,     0.37,     1.71,    17.84,    28.04,     3.86,     1.00,     0.00,     0.33,     0.00,     0.00,     0.00,     0.00,     0.00,     0.00,     0.21,  -999.99
cty,30003,NY: Allegany County,1987,09,PRCP,     1.79,     2.99,     1.48,     0.00,     0.00,     2.41,     4.54,    11.57,     6.81,     0.00,     0.01,    23.59,    25.74,     1.55,     0.01,     2.93,     6.94,    20.15,    11.18,     7.29,     1.72,     2.48,     2.88,     0.06,     1.01,     0.00,     0.00,     0.01,     0.05,    16.17,  -999.99
cty,30005,NY: Bronx County,1987,09,PRCP,     9.25,     0.00,     0.63,     0.00,     0.00,     0.00,     8.63,    11.59,    22.27,     0.00,     0.00,     0.00,    16.58,    30.04,     0.00,     0.00,     6.13,    14.54,    12.76,     1.00,     0.00,     0.00,     1.17,     0.00,     1.82,     0.00,     0.00,     0.00,     0.00,     0.00,  -999.99
cty,30007,NY: Broome County,1987,09,PRCP,     3.85,     0.00,     2.09,     0.00,     0.00,     2.07,     3.46,     7.29,    19.94,     0.12,     0.02,     4.29,    28.38,    10.69,     0.00,     1.46,     5.45,    10.92,    11.51,     4.02,     0.27,     1.37,     0.19,     0.00,     0.90,     0.19,     0.00,     0.00,     0.01,     6.24,  -999.99
cty,30009,NY: Cattaraugus County,1987,09,PRCP,     2.41,     3.62,     3.04,     0.00,     0.00,     0.93,     3.54,    14.64,    14.47,     0.04,     0.04,    17.84,    15.89,     0.69,     0.00,     3.25,     6.16,    21.22,     8.82,     8.06,     1.33,     2.86,     2.87,     0.03,     0.31,     0.00,     0.00,     0.00,     0.00,    18.96,  -999.99
cty,30011,NY: Cayuga County,1987,09,PRCP,     1.52,     1.95,     7.60,     0.00,     0.00,     0.49,     2.05,     3.66,    15.79,     0.55,     0.00,    11.02,    43.25,     2.73,     0.00,     1.50,     6.51,    12.23,    10.58,     7.84,     0.19,     3.21,     0.46,     0.58,     0.57,     0.26,     0.00,     4.21,     2.80,    17.81,  -999.99
cty,30013,NY: Chautauqua County,1987,09,PRCP,     2.83,     3.93,     4.19,     0.00,     0.00,     0.02,     1.61,    14.01,    19.40,     0.29,     0.01,    15.85,     9.67,     0.01,     0.01,     3.33,     4.99,    18.70,     7.48,     8.74,     0.53,     2.54,     2.50,     0.00,     0.01,     0.00,     0.00,     0.01,     0.02,    21.84,  -999.99
cty,30015,NY: Chemung County,1987,09,PRCP,     0.83,     0.27,     1.09,     0.00,     0.01,     2.74,     3.08,     4.98,     5.52,     0.00,     0.02,     9.79,    21.36,     4.61,     0.01,     1.53,     5.32,     9.82,     9.46,     4.10,     0.23,     1.33,     0.86,     0.00,     1.00,     0.04,     0.00,     0.00,     0.02,     9.86,  -999.99
cty,30017,NY: Chenango County,1987,09,PRCP,     3.63,     0.14,     3.13,     0.00,     0.00,     1.42,     2.84,     6.14,    18.35,     0.59,     0.01,     4.79,    29.12,     9.67,     0.01,     1.39,     5.20,    12.19,    11.95,     4.58,     0.15,     1.99,     0.28,     0.09,     0.59,     0.40,     0.00,     0.26,     0.78,     5.61,  -999.99
cty,30019,NY: Clinton County,1987,09,PRCP,     2.04,     0.48,     0.04,     0.00,     0.00,     0.00,     0.08,     0.12,    23.20,     1.64,     0.00,     3.32,    26.43,    21.57,     0.00,     0.00,     0.00,     2.59,     7.16,     3.99,     4.66,     0.74,     0.19,     1.84,     0.00,     0.00,     2.11,     0.00,     0.04,     0.87,  -999.99
cty,30021,NY: Columbia County,1987,09,PRCP,     8.07,     0.00,     0.18,     0.00,     0.00,     0.00,     6.09,     8.90,    51.89,     0.17,     0.00,     0.15,    13.71,    32.54,     0.00,     0.00,     2.88,    15.77,    29.30,     2.11,     0.30,     0.01,     0.27,     0.00,     0.00,     0.00,     0.00,     0.00,     0.00,     0.00,  -999.99
cty,30023,NY: Cortland County,1987,09,PRCP,     1.98,     0.62,     4.34,     0.00,     0.00,     1.50,     2.53,     4.66,    13.24,     0.46,     0.00,     7.64,    31.16,     5.86,     0.01,     1.50,     5.36,    11.24,    10.31,     5.55,     0.25,     2.34,     0.52,     0.43,     0.78,     0.50,     0.00,     1.16,     1.66,     8.98,  -999.99
cty,30025,NY: Delaware County,1987,09,PRCP,     8.10,     0.00,     0.95,     0.00,     0.00,     1.22,     4.57,    11.23,    38.72,     0.67,     0.00,     2.41,    26.27,    18.35,     0.03,     1.54,     6.41,    14.39,    16.92,     3.16,     0.38,     0.74,     0.00,     0.00,     0.36,     0.02,     0.00,     0.00,     0.03,     3.31,  -999.99
cty,30027,NY: Dutchess County,1987,09,PRCP,     7.96,     0.00,     0.33,     0.00,     0.00,     0.00,     7.36,    10.41,    40.98,     0.01,     0.02,     1.03,    14.54,    33.40,     0.00,     0.00,     4.96,    15.88,    23.83,     1.29,     0.01,     0.01,     0.10,     0.01,     0.00,     0.00,     0.00,     0.00,     0.02,     0.02,  -999.99
cty,30029,NY: Erie County,1987,09,PRCP,     2.45,     7.33,     2.19,     0.00,     0.00,     0.00,     0.80,    10.08,    24.53,     0.03,     0.00,    11.85,    10.93,     0.00,     0.00,     2.21,     5.16,    17.65,     6.87,     7.36,     1.67,     2.64,     2.03,     0.13,     0.02,     0.00,     0.00,     0.19,     0.00,    21.64,  -999.99
cty,30031,NY: Essex County,1987,09,PRCP,     3.17,     0.40,     0.35,     0.00,     0.00,     0.00,     1.06,     2.16,    27.81,     1.31,     0.05,     3.11,    29.91,    24.13,     0.00,     0.00,     0.01,     7.90,    15.47,     5.57,     3.42,     0.59,     0.40,     1.52,     0.00,     0.05,     1.00,     0.39,     0.19,     0.74,  -999.99
cty,30033,NY: Franklin County,1987,09,PRCP,     3.19,     1.21,     0.00,     0.00,     0.00,     0.00,     0.56,     0.99,    17.67,     1.81,     0.00,     4.02,    28.31,    13.88,     0.00,     0.00,     0.00,     3.12,     7.24,     6.17,     3.47,     0.90,     0.78,     2.01,     0.00,     0.07,     2.82,     1.19,     1.13,     3.22,  -999.99
cty,30035,NY: Fulton County,1987,09,PRCP,     7.38,     0.87,     0.90,     0.00,     0.00,     0.00,     2.94,     6.77,    38.47,     1.04,     0.00,     3.35,    42.96,    26.97,     0.00,     0.00,     0.00,    20.03,    31.18,     7.49,     1.15,     0.40,     0.38,     1.06,     0.00,     0.00,     0.00,     1.11,     0.19,     2.09,  -999.99
cty,30037,NY: Genesee County,1987,09,PRCP,     1.92,     5.15,     1.29,     0.00,     0.00,     0.00,     1.09,     7.14,    16.09,     0.00,     0.00,     9.43,    10.94,     0.61,     0.00,     1.45,     4.30,    14.06,     7.76,     6.10,     2.70,     1.88,     1.50,     0.52,     0.28,     0.00,     0.00,     0.52,     0.00,    19.25,  -999.99
cty,30039,NY: Greene County,1987,09,PRCP,     6.47,     0.00,     0.05,     0.00,     0.00,     0.07,     3.94,     9.61,    42.80,     0.01,     0.00,     2.31,    17.23,    31.95,     0.00,     0.53,     4.14,    18.53,    28.06,     3.50,     0.84,     0.28,     0.21,     0.00,     0.00,     0.00,     0.00,     0.00,     0.00,     0.46,  -999.99
cty,30041,NY: Hamilton County,1987,09,PRCP,     5.34,     1.36,     1.33,     0.00,     0.00,     0.00,     2.12,     4.73,    26.91,     1.51,     0.00,     4.85,    45.22,    21.86,     0.00,     0.00,     0.00,    15.10,    24.39,     9.52,     1.58,     0.49,     1.16,     2.74,     0.00,     0.01,     0.67,     1.56,     1.12,     3.71,  -999.99
cty,30043,NY: Herkimer County,1987,09,PRCP,     5.26,     1.91,     2.93,     0.00,     0.00,     0.01,     2.29,     5.07,    22.17,     1.37,     0.00,     5.72,    38.58,    12.20,     0.00,     0.19,     0.53,    14.10,    17.93,     8.86,     0.82,     1.30,     1.09,     2.34,     0.00,     0.00,     0.36,     2.50,     2.26,     6.41,  -999.99
cty,30045,NY: Jefferson County,1987,09,PRCP,     2.93,     0.79,     2.60,     0.00,     0.00,     0.00,     0.28,     1.72,    23.20,     1.36,     0.00,     4.24,    29.05,     3.51,     0.00,     0.00,     0.03,     9.40,    10.13,    10.99,     2.03,     1.48,     1.41,     2.28,     0.00,     0.01,     0.76,     4.59,     3.09,    13.64,  -999.99
cty,30047,NY: Kings County,1987,09,PRCP,     8.43,     0.00,     0.45,     0.00,     0.00,     0.00,     6.71,     8.92,    16.90,     0.00,     0.00,     0.00,    13.25,    24.06,     0.00,     0.00,     4.22,    14.02,     9.93,     0.97,     0.00,     0.00,     1.75,     0.00,     1.21,     0.00,     0.00,     0.00,     0.00,     0.00,  -999.99
cty,30049,NY: Lewis County,1987,09,PRCP,     3.89,     1.93,     3.67,     0.00,     0.00,     0.00,     1.34,     2.78,    22.29,     1.55,     0.00,     5.99,    39.42,     7.23,     0.01,     0.00,     0.09,    12.25,    14.89,    12.12,     1.37,     1.43,     1.60,     3.34,     0.00,     0.11,     0.71,     3.84,     3.02,    11.37,  -999.99
cty,30051,NY: Livingston County,1987,09,PRCP,     1.30,     3.26,     2.29,     0.00,     0.00,     0.33,     1.89,     5.61,     7.36,     0.00,     0.01,    11.80,    15.92,     1.19,     0.00,     1.52,     4.30,    11.32,     8.14,     5.11,     1.51,     1.81,     1.45,     0.42,     0.87,     0.00,     0.00,     0.51,     0.00,    16.09,  -999.99
cty,30053,NY: Madison County,1987,09,PRCP,     3.10,     0.72,     4.60,     0.00,     0.00,     0.31,     2.13,     4.24,    20.42,     1.07,     0.00,     6.28,    32.58,     8.82,     0.00,     1.36,     3.89,    13.85,    11.69,     7.76,     0.59,     1.98,     0.17,     1.35,     0.09,     0.37,     0.00,     2.37,     2.09,     9.74,  -999.99
cty,30055,NY: Monroe County,1987,09,PRCP,     1.67,     3.48,     3.40,     0.00,     0.00,     0.00,     1.33,     5.11,    12.44,     0.00,     0.00,     9.60,    16.95,     1.15,     0.00,     1.22,     4.58,    12.04,     9.78,     6.57,     2.01,     2.19,     1.11,     0.51,     0.72,     0.00,     0.00,     2.21,     0.09,    20.17,  -999.99
cty,30057,NY: Montgomery County,1987,09,PRCP,     5.81,     0.11,     1.11,     0.00,     0.00,     0.00,     2.84,     7.49,    36.30,     0.81,     0.00,     1.98,    25.87,    25.58,     0.00,     0.27,     1.09,    18.50,    24.98,     5.43,     0.74,     0.28,     0.01,     0.38,     0.00,     0.00,     0.00,     0.36,     0.00,     1.69,  -999.99
cty,30059,NY: Nassau County,1987,09,PRCP,     7.78,     0.00,     0.51,     0.00,     0.00,     0.00,     6.20,     7.96,    14.74,     0.00,     0.00,     0.54,    11.59,    24.66,     0.00,     0.00,     5.01,    11.22,    10.83,     1.01,     0.00,     0.00,     0.89,     0.00,     1.53,     0.00,     0.00,     0.00,     0.00,     0.00,  -999.99
cty,30061,NY: New York County,1987,09,PRCP,     8.65,     0.00,     0.54,     0.00,     0.00,     0.00,     7.95,    10.79,    20.05,     0.00,     0.00,     0.00,    14.73,    27.85,     0.00,     0.00,     5.11,    14.61,    11.22,     0.96,     0.00,     0.00,     1.46,     0.00,     1.59,     0.00,     0.00,     0.00,     0.00,     0.00,  -999.99
cty,30063,NY: Niagara County,1987,09,PRCP,     2.74,     5.04,     0.88,     0.00,     0.00,     0.00,     0.00,     8.37,    29.88,     0.00,     0.00,     8.91,    10.74,     0.00,     0.00,     1.51,     5.17,    18.30,     8.32,     7.72,     2.87,     2.19,     1.14,     0.00,     0.00,     0.00,     0.00,     1.12,     0.00,    19.71,  -999.99
cty,30065,NY: Oneida County,1987,09,PRCP,     4.45,     2.48,     4.60,     0.00,     0.00,     0.00,     2.16,     4.48,    22.60,     1.24,     0.00,     7.04,    44.26,     8.81,     0.00,     0.24,     1.24,    17.23,    17.62,     9.46,     0.59,     2.82,     0.93,     1.47,     0.00,     0.04,     0.02,     3.43,     3.52,     9.22,  -999.99
cty,30067,NY: Onondaga County,1987,09,PRCP,     2.01,     1.44,     6.06,     0.00,     0.00,     0.09,     1.75,     3.15,    19.90,     1.05,     0.00,     8.89,    41.25,     4.65,     0.00,     1.10,     4.27,    13.68,    10.69,     8.59,     0.60,     2.71,     0.37,     1.08,     0.21,     0.38,     0.00,     4.12,     2.85,    15.42,  -999.99
cty,30069,NY: Ontario County,1987,09,PRCP,     1.25,     2.18,     4.21,     0.00,     0.00,     0.15,     2.07,     4.23,     7.44,     0.00,     0.09,    12.82,    24.56,     1.95,     0.00,     1.50,     4.92,    10.34,    10.54,     6.04,     0.90,     2.52,     1.05,     0.53,     1.11,     0.24,     0.00,     2.10,     0.41,    18.37,  -999.99
cty,30071,NY: Orange County,1987,09,PRCP,    10.42,     0.00,     0.51,     0.00,     0.00,     0.00,     9.11,    14.63,    40.39,     0.00,     0.00,     0.73,    18.40,    37.06,     0.00,     0.00,     7.05,    15.58,    18.35,     1.33,     0.00,     0.00,     0.39,     0.00,     1.33,     0.00,     0.00,     0.00,     0.00,     0.04,  -999.99
cty,30073,NY: Orleans County,1987,09,PRCP,     2.61,     5.58,     1.37,     0.00,     0.00,     0.00,     0.27,     7.79,    24.70,     0.00,     0.00,     9.85,    14.12,     0.23,     0.00,     1.46,     5.38,    17.54,    10.00,     8.06,     3.52,     2.34,     1.39,     0.27,     0.00,     0.00,     0.00,     1.72,     0.00,    23.23,  -999.99
cty,30075,NY: Oswego County,1987,09,PRCP,     2.65,     2.41,     6.44,     0.00,     0.00,     0.00,     1.27,     2.77,    22.23,     1.19,     0.00,     7.02,    43.50,     3.11,     0.00,     0.00,     3.20,    14.49,    12.65,     9.95,     0.74,     3.76,     0.80,     0.87,     0.08,     0.18,     0.10,     5.62,     4.37,    14.87,  -999.99
cty,30077,NY: Otsego County,1987,09,PRCP,     5.39,     0.08,     2.51,     0.00,     0.00,     0.82,     3.29,     8.20,    26.85,     0.90,     0.00,     3.46,    25.64,    16.07,     0.00,     1.65,     5.09,    15.11,    15.40,     5.06,     0.38,     1.32,     0.00,     0.17,     0.10,     0.03,     0.00,     0.50,     0.66,     4.14,  -999.99
cty,30079,NY: Putnam County,1987,09,PRCP,     9.30,     0.00,     0.66,     0.00,     0.00,     0.00,     9.60,    13.24,    37.26,     0.00,     0.00,     1.89,    18.01,    38.97,     0.00,     0.00,     7.23,    16.08,    22.10,     1.23,     0.01,     0.00,     0.06,     0.00,     0.39,     0.00,     0.00,     0.00,     0.00,     0.04,  -999.99
cty,30081,NY: Queens County,1987,09,PRCP,     7.88,     0.00,     0.48,     0.00,     0.00,     0.00,     6.35,     8.41,    15.72,     0.00,     0.00,     0.00,    12.38,    23.28,     0.00,     0.00,     4.46,    12.28,     9.88,     0.92,     0.00,     0.00,     1.28,     0.00,     1.32,     0.00,     0.00,     0.00,     0.00,     0.00,  -999.99
cty,30083,NY: Rensselaer County,1987,09,PRCP,     7.25,     0.00,     0.61,     0.00,     0.00,     0.00,     4.85,     8.61,    57.56,     1.08,     0.00,     0.00,    13.25,    30.41,     0.00,     0.05,     0.41,    11.54,    27.56,     3.16,     0.94,     0.00,     0.03,     0.04,     0.00,     0.00,     0.00,     0.00,     0.00,     0.28,  -999.99
cty,30085,NY: Richmond County,1987,09,PRCP,     9.07,     0.00,     0.32,     0.00,     0.00,     0.00,     7.34,     9.53,    18.76,     0.00,     0.00,     0.00,    14.71,    25.44,     0.00,     0.00,     3.80,    16.67,    10.13,     1.03,     0.00,     0.00,     2.52,     0.00,     1.05,     0.00,     0.00,     0.00,     0.00,     0.00,  -999.99
cty,30087,NY: Rockland County,1987,09,PRCP,     9.30,     0.00,     0.69,     0.00,     0.00,     0.00,    10.49,    15.24,    31.36,     0.00,     0.00,     1.50,    18.40,    35.57,     0.00,     0.00,     7.24,    15.60,    15.88,     1.12,     0.00,     0.00,     0.62,     0.00,     1.95,     0.00,     0.00,     0.00,     0.00,     0.00,  -999.99
cty,30089,NY: St. Lawrence County,1987,09,PRCP,     3.51,     1.09,     0.38,     0.00,     0.00,     0.00,     0.35,     1.18,    21.04,     1.76,     0.02,     3.93,    26.15,     8.27,     0.01,     0.00,     0.00,     5.30,     9.18,     9.79,     3.21,     0.79,     1.60,     2.63,     0.00,     0.00,     1.60,     2.84,     2.10,     8.69,  -999.99
cty,30091,NY: Saratoga County,1987,09,PRCP,     6.57,     0.15,     0.78,     0.00,     0.00,     0.00,     2.86,     6.12,    51.98,     0.93,     0.00,     1.37,    30.39,    37.82,     0.00,     0.00,     0.00,    19.45,    33.89,     6.76,     1.82,     0.01,     0.17,     1.16,     0.00,     0.00,     0.00,     0.08,     0.00,     0.29,  -999.99
cty,30093,NY: Schenectady County,1987,09,PRCP,     5.15,     0.00,     0.53,     0.00,     0.00,     0.03,     2.88,     7.26,    42.17,     0.63,     0.00,     1.30,    18.18,    31.06,     0.00,     0.37,     0.94,    17.68,    26.74,     4.52,     1.09,     0.00,     0.00,     0.12,     0.00,     0.00,     0.00,     0.00,     0.00,     0.55,  -999.99
cty,30095,NY: Schoharie County,1987,09,PRCP,     4.66,     0.00,     0.83,     0.00,     0.00,     0.23,     3.17,     9.03,    29.42,     0.68,     0.00,     1.83,    15.45,    22.29,     0.03,     1.62,     4.01,    14.95,    18.04,     3.71,     0.79,     0.20,     0.00,     0.00,     0.00,     0.00,     0.00,     0.00,     0.01,     1.70,  -999.99
cty,30097,NY: Schuyler County,1987,09,PRCP,     0.79,     0.75,     2.11,     0.00,     0.00,     1.97,     2.69,     4.28,     5.35,     0.00,     0.00,    12.41,    25.29,     3.50,     0.00,     1.63,     5.24,     9.80,     9.71,     4.66,     0.32,     1.80,     0.97,     0.13,     1.13,     0.18,     0.00,     0.22,     0.02,    12.04,  -999.99
cty,30099,NY: Seneca County,1987,09,PRCP,     0.96,     1.60,     5.11,     0.00,     0.00,     0.41,     2.03,     3.44,     9.27,     0.07,     0.00,    11.24,    34.71,     2.44,     0.00,     1.39,     5.59,    10.21,    10.01,     6.28,     0.23,     2.78,     0.63,     0.43,     0.82,     0.29,     0.00,     3.02,     1.97,    16.45,  -999.99
cty,30101,NY: Steuben County,1987,09,PRCP,     1.04,     1.55,     1.56,     0.00,     0.00,     3.16,     4.10,     7.07,     4.41,     0.00,     0.00,    20.51,    26.76,     2.78,     0.00,     2.29,     6.42,    15.08,    12.59,     5.77,     0.74,     2.05,     2.23,     0.04,     1.66,     0.00,     0.00,     0.00,     0.01,    13.93,  -999.99
cty,30103,NY: Suffolk County,1987,09,PRCP,     9.36,     0.00,     0.28,     0.00,     0.00,     0.00,     5.60,     6.77,    11.45,     0.00,     0.00,     0.45,     7.74,    31.62,     0.00,     0.20,     6.62,    10.60,    16.47,     3.97,     1.12,     0.40,     0.41,     0.00,     0.58,     0.00,     0.00,     0.00,     0.00,     0.84,  -999.99
cty,30105,NY: Sullivan County,1987,09,PRCP,    12.82,     0.00,     0.32,     0.00,     0.00,     0.71,     7.98,    13.18,    57.99,     0.00,     0.00,     1.64,    30.32,    27.46,     0.00,     0.57,     5.54,    17.13,    21.11,     2.06,     0.24,     0.00,     0.00,     0.00,     0.49,     0.00,     0.00,     0.00,     0.00,     1.49,  -999.99
cty,30107,NY: Tioga County,1987,09,PRCP,     1.84,     0.09,     2.09,     0.00,     0.00,     3.01,     3.79,     6.81,    12.11,     0.00,     0.02,     7.73,    28.79,     7.94,     0.00,     1.68,     6.14,    11.73,    11.76,     5.03,     0.27,     1.78,     0.97,     0.00,     1.37,     0.27,     0.00,     0.00,     0.08,     9.86,  -999.99
cty,30109,NY: Tompkins County,1987,09,PRCP,     1.17,     0.61,     3.80,     0.00,     0.00,     1.75,     2.51,     4.37,     9.36,     0.19,     0.00,     8.95,    27.74,     4.10,     0.00,     1.55,     5.84,     9.70,     9.10,     4.93,     0.15,     2.01,     0.58,     0.07,     0.98,     0.29,     0.00,     0.97,     1.08,    11.01,  -999.99
cty,30111,NY: Ulster County,1987,09,PRCP,    10.21,     0.00,     0.08,     0.00,     0.00,     0.30,     6.72,    12.93,    52.23,     0.00,     0.01,     2.78,    24.91,    34.76,     0.00,     0.13,     5.29,    22.15,    27.75,     2.55,     0.41,     0.06,     0.01,     0.00,     0.05,     0.03,     0.00,     0.00,     0.00,     0.41,  -999.99
cty,30113,NY: Warren County,1987,09,PRCP,     5.27,     0.31,     0.87,     0.00,     0.00,     0.00,     2.06,     4.56,    46.06,     1.21,     0.00,     2.50,    39.03,    37.18,     0.00,     0.00,     0.00,    17.26,    30.47,     8.47,     3.21,     0.37,     0.56,     2.29,     0.00,     0.00,     0.16,     0.07,     0.00,     0.46,  -999.99
cty,30115,NY: Washington County,1987,09,PRCP,     5.95,     0.25,     0.86,     0.00,     0.00,     0.00,     3.01,     7.02,    61.07,     1.38,     0.02,     0.33,    22.12,    35.45,     0.00,     0.03,     0.00,    11.92,    26.17,     5.68,     3.63,     0.20,     0.03,     1.28,     0.00,     0.00,     0.07,     0.59,     0.00,     0.21,  -999.99
cty,30117,NY: Wayne County,1987,09,PRCP,     1.02,     1.94,     4.50,     0.00,     0.00,     0.01,     1.25,     2.65,     9.50,     0.00,     0.00,     8.26,    26.76,     1.36,     0.00,     0.89,     4.13,     8.47,     8.73,     6.02,     0.58,     2.48,     0.55,     0.45,     0.56,     0.12,     0.00,     3.28,     1.87,    15.42,  -999.99
cty,30119,NY: Westchester County,1987,09,PRCP,     8.63,     0.00,     0.64,     0.00,     0.00,     0.01,     9.15,    12.22,    27.88,     0.00,     0.01,     1.82,    17.85,    33.03,     0.00,     0.01,     6.95,    13.98,    16.40,     1.00,     0.00,     0.00,     0.45,     0.01,     1.36,     0.00,     0.00,     0.00,     0.00,     0.01,  -999.99
cty,30121,NY: Wyoming County,1987,09,PRCP,     1.63,     4.75,     1.31,     0.00,     0.00,     0.15,     1.97,     8.11,    11.36,     0.03,     0.00,    12.02,    12.45,     0.91,     0.00,     1.82,     4.28,    13.96,     7.44,     5.68,     1.97,     1.96,     1.85,     0.46,     0.67,     0.00,     0.00,     0.00,     0.00,    16.53,  -999.99
cty,30123,NY: Yates County,1987,09,PRCP,     0.93,     1.26,     2.83,     0.00,     0.00,     1.03,     2.55,     4.27,     5.46,     0.00,     0.00,    14.39,    26.85,     2.73,     0.00,     1.63,     4.80,    10.13,    10.76,     5.43,     0.67,     2.64,     1.20,     0.42,     1.40,     0.71,     0.00,     1.10,     0.00,    15.00,  -999.99
cty,31001,NC: Alamance County,1987,09,PRCP,     6.61,     0.00,     0.00,     0.00,     5.64,    17.33,    23.71,    66.25,     0.02,     2.78,     3.53,     2.52,    11.59,     1.20,     0.00,     0.00,     0.00,     0.02,     0.00,     3.86,     2.18,     0.00,     0.00,     0.00,     0.00,     0.00,     0.00,     0.00,     0.00,    16.04,  -999.99
cty,31003,NC: Alexander County,1987,09,PRCP,     0.00,     0.00,     0.00,     0.00,     6.05,    27.41,    29.76,    47.63,     0.00,     2.41,    16.98,     3.90,    11.37,     0.00,     0.00,     0.00,     1.64,     0.18,     0.00,     3.35,     0.00,     0.00,     0.00,     0.00,     0.00,     0.00,     0.00,     0.22,     0.20,     9.03,  -999.99
cty,31005,NC: Alleghany County,1987,09,PRCP,     0.00,     0.00,     0.00,     0.00,     1.29,    43.58,    21.34,    36.38,     0.00,     1.66,    10.73,     4.33,     9.45,     0.14,     0.00,     0.00,     1.29,     1.21,     0.00,     5.17,     0.00,     0.00,     0.00,     0.00,     0.00,     0.00,     0.00,     0.00,     0.00,     3.66,  -999.99
cty,31007,NC: Anson County,1987,09,PRCP,    12.30,     0.00,     0.00,     0.00,    20.01,    19.84,    33.80,    39.59,     0.00,     9.35,     6.90,     5.80,    19.60,     0.00,     0.00,     0.00,     0.00,     0.00,     0.00,     0.86,     0.00,     0.00,     0.00,     0.00,     0.00,     0.00,     0.00,     0.00,     0.00,    11.25,  -999.99
cty,31009,NC: Ashe County,1987,09,PRCP,     0.24,     0.00,     0.00,     0.00,     2.60,    34.09,    19.67,    25.15,     0.11,     1.13,     8.10,     5.54,    11.33,     0.05,     0.00,     0.00,     1.00,     1.27,     0.00,     5.80,     0.00,     0.00,     0.00,     0.00,     0.00,     0.00,     0.00,     0.08,     0.02,     5.36,  -999.99
cty,31011,NC: Avery County,1987,09,PRCP,     0.79,     0.00,     0.00,     0.30,     7.20,    51.63,    37.07,    30.93,     1.14,     2.90,    15.37,     7.67,    18.60,     0.00,     0.00,     0.00,     4.26,     1.47,     0.00,     6.94,     0.00,     0.00,     0.00,     0.00,     0.00,     0.00,     0.00,     0.03,     0.00,    10.88,  -999.99
cty,31013,NC: Beaufort County,1987,09,PRCP,    13.65,     0.00,     0.00,     0.00,    41.36,    36.68,    13.31,    15.40,     4.65,    11.23,     0.00,     0.00,    23.61,     8.80,     0.24,     0.00,     0.00,     0.00,     0.00,    24.13,     1.83,     0.00,     0.00,     0.00,     0.00,     0.00,     0.00,     0.00,     0.00,     0.03,  -999.99
cty,31015,NC: Bertie County,1987,09,PRCP,    11.56,     0.00,     0.00,     0.00,    32.19,    33.56,    14.32,    11.59,     3.65,     8.63,     0.00,     0.00,    31.16,     6.50,     0.00,     0.00,     0.00,     0.00,     0.00,    33.47,     1.80,     0.00,     0.00,     0.00,     0.00,     0.00,     0.00,     0.00,     0.00,     2.95,  -999.99
cty,31017,NC: Bladen County,1987,09,PRCP,    16.32,     0.00,     0.00,     0.85,    21.01,    19.52,    19.56,    30.52,     0.03,    13.81,     0.00,     0.00,    25.67,     0.00,     0.00,     0.00,     0.00,     0.00,     0.00,     1.85,     0.00,     0.00,     0.00,     0.00,     0.00,     0.00,     0.00,     0.00,     0.00,     2.58,  -999.99
cty,31019,NC: Brunswick County,1987,09,PRCP,    32.70,     0.00,     0.27,    17.68,    49.14,    29.13,    25.88,    32.29,     0.00,    14.22,     0.00,     0.00,    29.14,     4.04,     0.35,     0.00,     0.08,     0.00,     0.00,     2.49,     0.18,     0.14,     0.13,     0.00,     0.00,     0.00,     0.00,     0.61,     0.06,     1.91,  -999.99
cty,31021,NC: Buncombe County,1987,09,PRCP,     0.32,     0.00,     0.00,     2.79,     3.96,    31.53,    33.57,    19.30,     1.80,     1.12,    10.17,     7.81,    17.74,     0.04,     0.00,     0.00,     3.96,     0.76,     0.30,     7.10,     0.00,     0.00,     0.00,     0.00,     0.00,     0.00,     0.00,     0.00,     0.01,    14.06,  -999.99
cty,31023,NC: Burke County,1987,09,PRCP,     0.03,     0.00,     0.00,     0.00,     8.89,    37.06,    30.87,    30.34,     0.42,     2.53,    19.11,     3.93,    15.14,     0.00,     0.00,     0.00,     4.05,     0.07,     0.00,     2.83,     0.00,     0.00,     0.00,     0.00,     0.00,     0.00,     0.00,     0.05,     0.00,     9.65,  -999.99
cty,31025,NC: Cabarrus County,1987,09,PRCP,     3.82,     0.00,     0.00,     0.00,    19.73,    20.02,    38.47,    53.20,     0.00,     5.63,    14.84,     7.46,    13.94,     0.29,     0.00,     0.00,     0.00,     0.00,     0.00,     1.27,     0.00,     0.00,     0.00,     0.00,     0.00,     0.00,     0.00,     0.00,     0.00,    14.40,  -999.99
cty,31027,NC: Caldwell County,1987,09,PRCP,     0.02,     0.00,     0.00,     0.00,     8.32,    44.55,    30.36,    33.63,     0.25,     2.68,    23.30,     4.34,    15.52,     0.00,     0.00,     0.00,     3.98,     0.11,     0.00,     3.12,     0.00,     0.00,     0.00,     0.00,     0.00,     0.00,     0.00,     0.70,     0.00,     8.23,  -999.99
cty,31029,NC: Camden County,1987,09,PRCP,     6.51,     0.00,     0.00,     0.00,    13.16,    18.36,    10.50,     5.01,     7.62,     5.45,     0.13,     0.00,    16.90,    12.33,     0.00,     0.00,     0.00,     0.00,     0.00,    15.15,     4.89,     0.00,     0.00,     0.00,     0.00,     0.00,     0.00,     0.00,     0.00,     0.00,  -999.99
cty,31031,NC: Carteret County,1987,09,PRCP,    13.75,     0.00,     0.00,     0.00,    32.15,    29.07,    13.56,    13.75,     4.62,     9.08,     0.00,     0.00,    15.93,     9.49,     3.00,     0.00,     0.00,     0.00,     0.00,    11.61,     3.20,     0.00,     0.00,     0.00,     0.00,     0.00,     0.00,     0.00,     0.00,     0.00,  -999.99
cty,31033,NC: Caswell County,1987,09,PRCP,     4.19,     0.00,     0.00,     0.00,     4.62,    19.20,    19.67,    82.88,     0.07,     0.13,     2.31,     2.44,    13.13,     1.45,     0.00,     0.00,     0.00,     0.00,     0.00,     6.94,     3.34,     0.00,     0.00,     0.00,     0.00,     0.00,     0.00,     0.00,     0.00,    15.34,  -999.99
cty,31035,NC: Catawba County,1987,09,PRCP,     0.00,     0.00,     0.00,     0.00,     9.95,    23.55,    32.71,    43.32,     0.00,     3.07,    17.78,     4.43,    12.32,     0.00,     0.00,     0.00,     1.17,     0.00,     0.00,     2.17,     0.00,     0.00,     0.00,     0.00,     0.00,     0.00,     0.00,     0.00,     0.00,    10.40,  -999.99
cty,31037,NC: Chatham County,1987,09,PRCP,     8.95,     0.00,     0.00,     0.00,     5.69,    13.87,    21.57,    45.92,     0.00,     4.31,     2.69,     2.42,    14.21,     0.30,     0.00,     0.00,     0.00,     0.00,     0.00,     2.53,     0.69,     0.00,     0.00,     0.00,     0.00,     0.00,     0.00,     0.00,     0.00,    12.59,  -999.99
cty,31039,NC: Cherokee County,1987,09,PRCP,     0.61,     0.00,     0.00,     0.00,     0.00,     4.08,    13.24,     7.11,     2.79,     0.09,     3.89,     8.51,    12.05,     0.58,     0.00,     0.00,     0.16,     0.37,     2.16,     9.98,     0.00,     0.00,     0.00,     0.00,     0.00,     0.00,     0.00,     0.00,     0.00,    23.15,  -999.99
cty,31041,NC: Chowan County,1987,09,PRCP,     9.55,     0.00,     0.00,     0.00,    30.66,    29.15,    12.46,     8.49,     5.81,     8.44,     0.00,     0.00,    22.61,     9.93,     0.00,     0.00,     0.00,     0.00,     0.00,    24.88,     3.26,     0.00,     0.00,     0.00,     0.00,     0.00,     0.00,     0.00,     0.00,     0.56,  -999.99
cty,31043,NC: Clay County,1987,09,PRCP,     0.73,     0.00,     0.00,     0.09,     0.07,     9.29,    22.79,     9.05,     2.46,     0.00,     5.02,     9.02,    14.58,     0.73,     0.00,     0.00,     0.77,     0.60,     1.85,    11.49,     0.00,     0.00,     0.00,     0.00,     0.00,     0.00,     0.00,     0.00,     0.00,    23.33,  -999.99
cty,31045,NC: Cleveland County,1987,09,PRCP,     0.00,     0.00,     0.05,     0.00,    17.76,    31.28,    48.21,    41.17,     0.08,     4.54,    23.14,     6.11,    19.62,     0.00,     0.00,     0.00,     2.64,     0.00,     0.00,     2.36,     0.00,     0.00,     0.00,     0.00,     0.00,     0.00,     0.00,     0.00,     0.10,    14.44,  -999.99
cty,31047,NC: Columbus County,1987,09,PRCP,    25.35,     0.00,     0.00,     3.94,    33.45,    25.59,    22.48,    33.12,     0.00,    14.83,     0.00,     0.03,    24.66,     1.31,     0.00,     0.00,     0.00,     0.00,     0.00,     1.44,     0.00,     0.00,     0.00,     0.00,     0.00,     0.00,     0.00,     0.00,     0.00,     2.29,  -999.99
cty,31049,NC: Craven County,1987,09,PRCP,    10.11,     0.00,     0.00,     0.00,    19.73,    22.58,    12.24,    13.25,     2.04,     7.32,     0.00,     0.00,    18.76,     4.85,     0.96,     0.00,     0.00,     0.00,     0.00,    13.52,     0.29,     0.00,     0.00,     0.00,     0.00,     0.00,     0.00,     0.00,     0.00,     0.00,  -999.99
cty,31051,NC: Cumberland County,1987,09,PRCP,     8.01,     0.00,     0.00,     0.00,     7.34,    10.75,    13.58,    23.28,     0.00,     7.63,     0.00,     0.08,    17.88,     0.00,     0.00,     0.00,     0.00,     0.00,     0.01,     1.45,     0.00,     0.00,     0.00,     0.00,     0.00,     0.00,     0.00,     0.00,     0.00,     3.76,  -999.99
cty,31053,NC: Currituck County,1987,09,PRCP,     6.36,     0.00,     0.00,     0.00,    11.06,    16.50,     9.72,     4.72,     8.78,     5.02,     0.06,     0.00,    15.60,    14.42,     0.00,     0.00,     0.00,     0.00,     0.22,    13.24,     5.47,     0.00,     0.00,     0.00,     0.00,     0.00,     0.00,     0.00,     0.00,     0.05,  -999.99
cty,31055,NC: Dare County,1987,09,PRCP,    11.49,     0.00,     0.00,     0.00,    28.17,    29.50,    10.53,     8.86,    14.99,     8.26,     0.00,     0.00,    17.61,    23.84,     0.24,     0.00,     0.00,     0.00,     2.09,    18.13,     8.34,     0.03,     0.12,     0.00,     0.00,     0.00,     0.00,     0.00,     0.02,     0.47,  -999.99
cty,31057,NC: Davidson County,1987,09,PRCP,     2.86,     0.00,     0.00,     0.07,    10.84,    20.75,    32.45,    62.75,     0.00,     3.57,    10.69,     3.80,     9.31,     1.13,     0.00,     0.00,     0.00,     0.00,     0.00,     2.29,     0.00,     0.00,     0.00,     0.00,     0.00,     0.00,     0.00,     0.00,     0.00,    14.00,  -999.99
cty,31059,NC: Davie County,1987,09,PRCP,     0.00,     0.00,     0.00,     0.04,     9.21,    23.62,    33.34,    69.68,     0.00,     3.02,    14.61,     4.02,     8.74,     0.44,     0.00,     0.00,     0.00,     0.00,     0.00,     3.03,     0.00,     0.00,     0.00,     0.00,     0.00,     0.00,     0.00,     0.00,     0.00,    12.56,  -999.99
cty,31061,NC: Duplin County,1987,09,PRCP,    10.30,     0.00,     0.00,     0.00,    11.02,    14.85,    13.71,    18.84,     0.00,     7.29,     0.00,     0.00,    23.40,     0.10,     0.00,     0.00,     0.00,     0.10,     0.00,     5.74,     0.00,     0.00,     0.00,     0.00,     0.00,     0.00,     0.00,     0.00,     0.00,     1.74,  -999.99
cty,31063,NC: Durham County,1987,09,PRCP,     8.77,     0.00,     0.00,     0.00,     3.73,    15.19,    17.70,    51.68,     0.00,     2.73,     1.75,     2.47,    17.85,     1.05,     0.00,     0.00,     0.00,     0.02,     0.00,     5.56,     3.07,     0.00,     0.00,     0.00,     0.00,     0.00,     0.00,     0.00,     0.00,    11.55,  -999.99
cty,31065,NC: Edgecombe County,1987,09,PRCP,    13.13,     0.00,     0.00,     0.02,    12.30,    30.56,    13.98,    19.07,     1.76,     5.75,     0.20,     0.07,    43.38,     2.85,     0.00,     0.00,     0.00,     0.03,     0.02,    30.76,     0.13,     0.00,     0.00,     0.00,     0.00,     0.00,     0.00,     0.00,     0.00,     5.06,  -999.99
cty,31067,NC: Forsyth County,1987,09,PRCP,     0.28,     0.00,     0.00,     0.00,     7.44,    25.01,    30.95,    74.44,     0.00,     2.00,     9.81,     2.95,     7.66,     0.62,     0.00,     0.00,     0.00,     0.00,     0.00,     4.27,     0.00,     0.00,     0.00,     0.00,     0.00,     0.00,     0.00,     0.00,     0.00,    12.74,  -999.99
cty,31069,NC: Franklin County,1987,09,PRCP,    12.54,     0.00,     0.00,     0.00,     4.00,    23.94,    15.67,    39.12,     1.50,     3.21,     0.00,     0.08,    40.59,     1.46,     0.00,     0.00,     0.00,     0.11,     0.00,    15.85,     1.81,     0.00,     0.00,     0.00,     0.00,     0.00,     0.00,     0.00,     0.00,     9.34,  -999.99
cty,31071,NC: Gaston County,1987,09,PRCP,     0.00,     0.00,     0.00,     0.00,    17.57,    22.30,    41.26,    41.78,     0.00,     4.71,    18.49,     6.61,    15.12,     0.00,     0.00,     0.00,     0.04,     0.00,     0.00,     1.58,     0.00,     0.00,     0.00,     0.00,     0.00,     0.00,     0.00,     0.00,     0.00,    12.17,  -999.99
cty,31073,NC: Gates County,1987,09,PRCP,     8.68,     0.00,     0.00,     0.00,    23.99,    27.88,    14.78,     7.54,     5.88,     7.58,     0.00,     0.00,    26.74,     9.17,     0.00,     0.00,     0.00,     0.00,     0.00,    27.92,     3.99,     0.00,     0.00,     0.00,     0.00,     0.00,     0.00,     0.00,     0.00,     2.53,  -999.99
cty,31075,NC: Graham County,1987,09,PRCP,     0.61,     0.00,     0.00,     0.00,     0.00,     5.93,    18.30,     9.27,     3.75,     0.06,     3.64,    10.97,    13.80,     0.49,     0.00,     0.00,     0.60,     1.12,     2.48,    11.13,     0.00,     0.00,     0.00,     0.00,     0.00,     0.00,     0.00,     0.00,     0.00,    24.10,  -999.99
cty,31077,NC: Granville County,1987,09,PRCP,     7.42,     0.00,     0.00,     0.00,     2.90,    17.30,    13.79,    51.63,     1.53,     1.21,     0.50,     2.63,    24.50,     1.29,     0.00,     0.00,     0.01,     0.00,     0.01,    10.12,     3.03,     0.00,     0.00,     0.00,     0.00,     0.00,     0.00,     0.00,     0.01,    10.39,  -999.99
cty,31079,NC: Greene County,1987,09,PRCP,    11.37,     0.00,     0.00,     0.00,    10.10,    22.18,    13.02,    18.32,     0.45,     6.31,     0.00,     0.00,    34.13,     2.46,     0.00,     0.00,     0.00,     0.00,     0.00,    18.62,     0.00,     0.00,     0.00,     0.00,     0.00,     0.00,     0.00,     0.00,     0.00,     3.06,  -999.99
cty,31081,NC: Guilford County,1987,09,PRCP,     4.20,     0.00,     0.00,     0.00,     7.06,    21.44,    28.18,    73.56,     0.00,     2.34,     5.89,     2.56,     9.24,     1.39,     0.00,     0.00,     0.00,     0.00,     0.00,     3.78,     0.19,     0.00,     0.00,     0.00,     0.00,     0.00,     0.00,     0.00,     0.00,    16.55,  -999.99
cty,31083,NC: Halifax County,1987,09,PRCP,    12.33,     0.00,     0.00,     0.78,     9.94,    35.67,    14.57,    21.59,     2.59,     4.76,     0.00,     0.09,    46.14,     2.82,     0.00,     0.00,     0.00,     0.28,     0.00,    35.23,     1.11,     0.00,     0.00,     0.00,     0.00,     0.00,     0.00,     0.00,     0.00,     6.92,  -999.99
cty,31085,NC: Harnett County,1987,09,PRCP,     9.13,     0.00,     0.00,     0.00,     5.61,    12.08,    16.68,    31.29,     0.00,     6.35,     0.00,     0.76,    20.58,     0.00,     0.00,     0.00,     0.00,     0.00,     0.00,     2.64,     0.00,     0.00,     0.00,     0.00,     0.00,     0.00,     0.00,     0.00,     0.00,     7.04,  -999.99
cty,31087,NC: Haywood County,1987,09,PRCP,     0.40,     0.00,     0.00,     1.02,     2.28,    21.32,    29.89,    14.42,     2.03,     0.56,     5.82,    11.18,    15.51,     0.77,     0.00,     0.00,     1.48,     1.07,     2.28,     8.03,     0.00,     0.00,     0.00,     0.00,     0.00,     0.00,     0.00,     0.00,     0.08,    14.97,  -999.99
cty,31089,NC: Henderson County,1987,09,PRCP,     0.14,     0.13,     0.00,     2.58,     5.30,    50.67,    35.86,    16.95,     3.18,     2.44,    18.73,     6.21,    19.34,     0.37,     0.00,     0.01,     8.17,     0.02,     0.05,     4.84,     0.00,     0.00,     0.00,     0.00,     0.00,     0.00,     0.00,     0.00,     0.00,    15.44,  -999.99
cty,31091,NC: Hertford County,1987,09,PRCP,     9.88,     0.00,     0.00,     0.07,    30.45,    31.84,    15.44,     9.53,     3.73,     7.93,     0.00,     0.41,    32.02,     6.12,     0.00,     0.00,     0.00,     0.00,     0.19,    35.98,     2.43,     0.00,     0.00,     0.00,     0.00,     0.00,     0.00,     0.00,     0.00,     4.03,  -999.99
cty,31093,NC: Hoke County,1987,09,PRCP,     7.47,     0.00,     0.00,     0.00,     8.84,    10.66,    14.48,    23.88,     0.00,     6.91,     0.00,     1.20,    14.90,     0.00,     0.00,     0.00,     0.00,     0.00,     0.00,     0.75,     0.00,     0.00,     0.00,     0.00,     0.00,     0.00,     0.00,     0.00,     0.00,     4.89,  -999.99
cty,31095,NC: Hyde County,1987,09,PRCP,    15.32,     0.00,     0.00,     0.00,    50.28,    42.74,    12.90,    13.58,    12.14,    12.58,     0.00,     0.00,    19.17,    19.28,     0.76,     0.00,     0.00,     0.00,     0.07,    21.90,     6.85,     0.01,     0.06,     0.00,     0.00,     0.00,     0.00,     0.00,     0.01,     0.00,  -999.99
cty,31097,NC: Iredell County,1987,09,PRCP,     0.00,     0.00,     0.22,     0.00,     8.90,    23.77,    33.20,    58.88,     0.00,     3.37,    18.36,     4.74,    10.65,     0.16,     0.00,     0.00,     0.28,     0.00,     0.00,     2.56,     0.03,     0.00,     0.00,     0.00,     0.00,     0.00,     0.00,     0.00,     0.00,    11.81,  -999.99
cty,31099,NC: Jackson County,1987,09,PRCP,     0.88,     0.00,     0.00,     0.28,     1.53,    26.55,    35.94,    12.28,     3.50,     1.54,     9.11,    11.40,    18.60,     0.19,     0.00,     0.00,     4.76,     1.30,     1.03,    11.06,     0.00,     0.00,     0.00,     0.00,     0.00,     0.00,     0.00,     0.00,     0.16,    23.42,  -999.99
cty,31101,NC: Johnston County,1987,09,PRCP,     8.75,     0.00,     0.00,     0.00,     3.98,    13.47,    12.23,    24.27,     0.00,     4.71,     0.00,     0.00,    24.84,     0.73,     0.00,     0.00,     0.00,     0.00,     0.00,     6.26,     0.00,     0.00,     0.00,     0.00,     0.00,     0.00,     0.00,     0.00,     0.00,     4.95,  -999.99
cty,31103,NC: Jones County,1987,09,PRCP,     9.09,     0.00,     0.00,     0.00,    12.92,    18.44,    12.96,    14.34,     0.40,     6.55,     0.00,     0.00,    19.70,     3.14,     1.08,     0.00,     0.00,     0.01,     0.00,    10.52,     0.00,     0.00,     0.00,     0.00,     0.00,     0.00,     0.00,     0.00,     0.11,     0.32,  -999.99
cty,31105,NC: Lee County,1987,09,PRCP,     9.73,     0.00,     0.00,     0.00,     6.71,    12.96,    20.79,    39.53,     0.00,     6.10,     0.94,     2.28,    17.81,     0.00,     0.00,     0.00,     0.00,     0.00,     0.00,     2.01,     0.00,     0.00,     0.00,     0.00,     0.00,     0.00,     0.00,     0.00,     0.00,    10.72,  -999.99
cty,31107,NC: Lenoir County,1987,09,PRCP,    10.84,     0.00,     0.00,     0.00,    10.96,    20.53,    14.29,    18.48,     0.17,     7.13,     0.00,     0.00,    29.31,     1.24,     0.00,     0.00,     0.00,     0.16,     0.00,    14.18,     0.00,     0.00,     0.00,     0.00,     0.00,     0.00,     0.00,     0.00,     0.00,     2.16,  -999.99
cty,31109,NC: Lincoln County,1987,09,PRCP,     0.00,     0.00,     0.00,     0.00,    13.05,    23.31,    36.21,    41.33,     0.00,     3.65,    18.12,     5.14,    13.67,     0.00,     0.00,     0.00,     0.89,     0.00,     0.00,     1.83,     0.00,     0.00,     0.00,     0.00,     0.00,     0.00,     0.00,     0.00,     0.00,    11.23,  -999.99
cty,31111,NC: McDowell County,1987,09,PRCP,     0.05,     0.00,     0.00,     1.17,     8.81,    55.62,    32.39,    22.20,     2.24,     2.92,    23.99,     4.80,    17.78,     0.31,     0.00,     0.00,     7.22,     0.29,     0.00,     3.17,     0.00,     0.00,     0.00,     0.00,     0.00,     0.00,     0.00,     0.00,     0.00,    11.62,  -999.99
cty,31113,NC: Macon County,1987,09,PRCP,     0.65,     0.00,     0.00,     0.06,     0.58,    21.33,    38.02,    11.63,     3.07,     0.96,     7.26,    11.67,    17.77,     1.49,     0.00,     0.18,     3.42,     1.30,     1.81,    12.42,     0.00,     0.00,     0.00,     0.00,     0.00,     0.00,     0.00,     0.00,     0.01,    24.27,  -999.99
cty,31115,NC: Madison County,1987,09,PRCP,     0.26,     0.00,     0.00,     0.20,     1.54,    14.86,    27.25,    20.60,     1.32,     0.07,     4.88,    10.03,    19.30,     0.00,     0.03,     0.00,     0.80,     1.69,     0.85,    10.20,     0.00,     0.00,     0.00,     0.00,     0.00,     0.00,     0.00,     0.00,     0.00,    14.83,  -999.99
cty,31117,NC: Martin County,1987,09,PRCP,    11.93,     0.00,     0.00,     0.00,    28.12,    31.31,    12.94,    12.98,     2.88,     8.15,     0.00,     0.00,    29.77,     5.39,     0.00,     0.00,     0.00,     0.00,     0.00,    29.60,     0.99,     0.00,     0.00,     0.00,     0.00,     0.00,     0.00,     0.00,     0.00,     2.06,  -999.99
cty,31119,NC: Mecklenburg County,1987,09,PRCP,     2.94,     0.00,     0.00,     0.00,    21.17,    20.45,    41.11,    46.86,     0.00,     5.77,    15.81,     8.13,    15.14,     0.00,     0.00,     0.00,     0.00,     0.00,     0.00,     1.32,     0.00,     0.00,     0.00,     0.00,     0.00,     0.00,     0.00,     0.00,     0.00,    13.22,  -999.99
cty,31121,NC: Mitchell County,1987,09,PRCP,     0.28,     0.00,     0.00,     1.22,     4.71,    31.44,    30.47,    26.19,     1.18,     1.01,     8.93,     8.74,    19.26,     0.00,     0.00,     0.00,     2.34,     1.66,     0.26,     8.06,     0.00,     0.00,     0.00,     0.00,     0.00,     0.00,     0.00,     0.00,     0.00,    12.28,  -999.99
cty,31123,NC: Montgomery County,1987,09,PRCP,     9.29,     0.00,     0.00,     0.00,    14.28,    18.39,    31.50,    48.19,     0.02,     7.15,     7.62,     4.60,    17.04,     0.06,     0.00,     0.00,     0.00,     0.00,     0.00,     1.30,     0.00,     0.00,     0.00,     0.00,     0.00,     0.00,     0.00,     0.00,     0.00,    14.50,  -999.99
cty,31125,NC: Moore County,1987,09,PRCP,     8.12,     0.00,     0.00,     0.00,     8.44,    12.56,    19.88,    33.54,     0.00,     6.07,     2.52,     2.37,    14.80,     0.00,     0.00,     0.00,     0.00,     0.00,     0.00,     1.07,     0.00,     0.00,     0.00,     0.00,     0.00,     0.00,     0.00,     0.00,     0.00,     9.57,  -999.99
cty,31127,NC: Nash County,1987,09,PRCP,    12.08,     0.00,     0.00,     0.03,     5.32,    26.10,    13.32,    26.34,     1.06,     3.98,     0.00,     0.00,    42.49,     1.77,     0.00,     0.00,     0.00,     0.00,     0.00,    20.99,     0.44,     0.00,     0.00,     0.00,     0.00,     0.00,     0.00,     0.00,     0.00,     6.66,  -999.99
cty,31129,NC: New Hanover County,1987,09,PRCP,    22.21,     0.00,     0.00,    22.52,    39.10,    20.16,    20.36,    22.65,     0.00,     9.76,     0.00,     0.00,    26.04,     3.73,     0.00,     0.00,     0.00,     0.00,     0.00,     3.26,     0.00,     0.51,     0.00,     0.00,     0.00,     0.00,     0.00,     1.36,     0.00,     1.33,  -999.99
cty,31131,NC: Northampton County,1987,09,PRCP,    10.01,     0.00,     0.00,     0.75,    15.19,    33.18,    13.58,    14.05,     2.75,     5.40,     0.00,     0.05,    37.86,     3.33,     0.00,     0.00,     0.00,     0.63,     0.02,    36.05,     1.39,     0.00,     0.00,     0.00,     0.00,     0.00,     0.00,     0.00,     0.00,     5.63,  -999.99
cty,31133,NC: Onslow County,1987,09,PRCP,    11.97,     0.00,     0.00,     1.44,    18.68,    18.93,    15.05,    16.49,     0.00,     7.50,     0.00,     0.00,    20.95,     3.58,     1.10,     0.00,     0.00,     0.00,     0.00,     7.78,     0.00,     0.00,     0.00,     0.00,     0.00,     0.00,     0.00,     0.00,     0.00,     0.52,  -999.99
cty,31135,NC: Orange County,1987,09,PRCP,     7.80,     0.00,     0.00,     0.00,     4.24,    15.83,    20.25,    59.53,     0.03,     2.64,     2.47,     2.54,    13.43,     1.10,     0.00,     0.00,     0.00,     0.00,     0.00,     4.52,     3.18,     0.00,     0.00,     0.00,     0.00,     0.00,     0.00,     0.00,     0.00,    13.63,  -999.99
cty,31137,NC: Pamlico County,1987,09,PRCP,    11.90,     0.00,     0.00,     0.00,    32.70,    29.46,    11.73,    13.09,     4.33,     9.24,     0.00,     0.00,    16.35,     8.44,     1.94,     0.00,     0.00,     0.00,     0.00,    14.69,     2.49,     0.00,     0.00,     0.00,     0.00,     0.00,     0.00,     0.00,     0.00,     0.00,  -999.99
cty,31139,NC: Pasquotank County,1987,09,PRCP,     6.64,     0.00,     0.00,     0.00,    15.99,    19.16,     9.79,     5.28,     6.84,     5.69,     0.00,     0.00,    16.27,    11.21,     0.00,     0.00,     0.00,     0.00,     0.00,    15.59,     4.19,     0.00,     0.00,     0.00,     0.00,     0.00,     0.00,     0.00,     0.00,     0.00,  -999.99
cty,31141,NC: Pender County,1987,09,PRCP,    16.94,     0.00,     0.00,    10.18,    25.76,    18.33,    18.47,    22.48,     0.00,     9.65,     0.00,     0.00,    26.23,     1.94,     0.00,     0.00,     0.00,     0.00,     0.00,     4.19,     0.00,     0.09,     0.00,     0.00,     0.00,     0.00,     0.00,     0.25,     0.00,     1.51,  -999.99
cty,31143,NC: Perquimans County,1987,09,PRCP,     7.98,     0.00,     0.00,     0.00,    23.19,    23.89,    10.91,     6.72,     6.31,     7.03,     0.00,     0.00,    18.91,    10.53,     0.00,     0.00,     0.00,     0.00,     0.00,    19.74,     3.70,     0.00,     0.00,     0.00,     0.00,     0.00,     0.00,     0.00,     0.00,     0.00,  -999.99
cty,31145,NC: Person County,1987,09,PRCP,     4.63,     0.00,     0.00,     0.00,     2.86,    14.61,    13.69,    59.32,     0.75,     0.42,     1.33,     2.27,    14.92,     1.18,     0.00,     0.00,     0.00,     0.00,     0.00,     6.84,     3.29,     0.00,     0.00,     0.00,     0.00,     0.00,     0.00,     0.00,     0.00,    10.99,  -999.99
cty,31147,NC: Pitt County,1987,09,PRCP,    11.15,     0.00,     0.00,     0.00,    16.47,    24.32,    12.29,    14.15,     1.59,     6.55,     0.00,     0.00,    29.47,     3.41,     0.00,     0.00,     0.00,     0.00,     0.30,    23.42,     0.00,     0.00,     0.00,     0.00,     0.00,     0.00,     0.00,     0.00,     0.00,     2.02,  -999.99
cty,31149,NC: Polk County,1987,09,PRCP,     0.00,     0.07,     0.01,     0.57,     9.38,    54.40,    33.33,    20.17,     1.09,     2.72,    22.84,     4.18,    17.61,     0.20,     0.00,     0.00,     7.09,     0.00,     0.00,     2.82,     0.00,     0.00,     0.00,     0.00,     0.00,     0.00,     0.00,     0.00,     0.00,    13.75,  -999.99
cty,31151,NC: Randolph County,1987,09,PRCP,     7.58,     0.00,     0.00,     0.00,     9.79,    21.09,    33.95,    64.99,     0.00,     4.99,     8.26,     3.70,    13.11,     0.62,     0.00,     0.00,     0.00,     0.00,     0.00,     2.34,     0.00,     0.00,     0.00,     0.00,     0.00,     0.00,     0.00,     0.00,     0.00,    18.47,  -999.99
cty,31153,NC: Richmond County,1987,09,PRCP,    11.16,     0.00,     0.00,     0.00,    16.00,    16.04,    24.77,    34.76,     0.01,     8.56,     3.55,     3.42,    18.89,     0.00,     0.00,     0.00,     0.00,     0.00,     0.00,     0.83,     0.00,     0.00,     0.00,     0.00,     0.00,     0.00,     0.00,     0.00,     0.00,     9.45,  -999.99
cty,31155,NC: Robeson County,1987,09,PRCP,    12.73,     0.00,     0.00,     0.00,    17.58,    16.21,    17.27,    27.88,     0.00,    10.65,     0.00,     0.08,    18.50,     0.00,     0.00,     0.00,     0.00,     0.00,     0.00,     0.81,     0.00,     0.00,     0.00,     0.00,     0.00,     0.00,     0.00,     0.00,     0.01,     3.48,  -999.99
cty,31157,NC: Rockingham County,1987,09,PRCP,     1.35,     0.00,     0.00,     0.00,     5.38,    22.65,    22.62,    81.92,     0.00,     0.05,     3.87,     1.93,     8.14,     1.26,     0.00,     0.00,     0.00,     0.00,     0.00,     5.75,     0.95,     0.00,     0.00,     0.00,     0.00,     0.00,     0.00,     0.00,     0.00,    13.39,  -999.99
cty,31159,NC: Rowan County,1987,09,PRCP,     1.41,     0.00,     0.00,     0.00,    14.04,    20.75,    35.59,    59.99,     0.00,     4.28,    14.76,     5.59,    11.14,     0.02,     0.00,     0.00,     0.00,     0.00,     0.00,     1.83,     0.00,     0.00,     0.00,     0.00,     0.00,     0.00,     0.00,     0.00,     0.00,    13.88,  -999.99
cty,31161,NC: Rutherford County,1987,09,PRCP,     0.00,     0.00,     0.00,     0.22,    12.34,    41.21,    39.55,    29.94,     0.37,     3.27,    21.43,     4.94,    19.16,     0.05,     0.00,     0.00,     5.52,     0.00,     0.00,     2.91,     0.00,     0.00,     0.00,     0.00,     0.00,     0.00,     0.00,     0.00,     0.07,    14.50,  -999.99
cty,31163,NC: Sampson County,1987,09,PRCP,     8.96,     0.00,     0.00,     0.00,     7.86,    11.95,    12.82,    21.12,     0.00,     7.59,     0.00,     0.00,    20.77,     0.00,     0.00,     0.00,     0.00,     0.09,     0.00,     2.88,     0.00,     0.00,     0.00,     0.00,     0.00,     0.00,     0.00,     0.00,     0.00,     2.56,  -999.99
cty,31165,NC: Scotland County,1987,09,PRCP,    12.01,     0.00,     0.00,     0.00,    18.18,    17.47,    22.28,    34.58,     0.00,    10.48,     0.05,     2.20,    21.13,     0.00,     0.00,     0.00,     0.00,     0.00,     0.00,     0.79,     0.00,     0.00,     0.00,     0.00,     0.00,     0.00,     0.00,     0.00,     0.00,     6.92,  -999.99
cty,31167,NC: Stanly County,1987,09,PRCP,     7.22,     0.00,     0.00,     0.00,    17.80,    20.07,    36.08,    50.20,     0.00,     6.80,    11.40,     6.16,    15.46,     0.18,     0.00,     0.00,     0.00,     0.00,     0.00,     1.15,     0.00,     0.00,     0.00,     0.00,     0.00,     0.00,     0.00,     0.00,     0.00,    14.02,  -999.99
cty,31169,NC: Stokes County,1987,09,PRCP,     0.00,     0.00,     0.00,     0.00,     5.14,    33.89,    30.54,    83.95,     0.00,     0.55,     9.40,     2.60,     7.64,     0.10,     0.00,     0.00,     0.00,     0.00,     0.00,     7.32,     0.00,     0.00,     0.00,     0.00,     0.00,     0.00,     0.00,     0.00,     0.00,    10.17,  -999.99
cty,31171,NC: Surry County,1987,09,PRCP,     0.00,     0.00,     0.18,     0.00,     3.73,    40.99,    30.13,    67.73,     0.00,     1.91,    15.54,     3.61,     9.18,     0.00,     0.00,     0.00,     0.40,     0.38,     0.00,     7.12,     0.00,     0.00,     0.00,     0.00,     0.00,     0.00,     0.00,     0.00,     0.00,     6.90,  -999.99
cty,31173,NC: Swain County,1987,09,PRCP,     0.82,     0.00,     0.00,     0.13,     0.49,    12.54,    28.58,    13.25,     3.75,     0.17,     4.90,    13.99,    18.45,     0.40,     0.00,     0.00,     1.19,     1.57,     2.70,    12.84,     0.00,     0.00,     0.00,     0.00,     0.00,     0.00,     0.00,     0.00,     0.00,    24.41,  -999.99
cty,31175,NC: Transylvania County,1987,09,PRCP,     0.19,     0.10,     0.00,     0.52,     3.81,    50.19,    37.83,    12.05,     6.57,     3.18,    20.68,     8.64,    21.27,     1.47,     0.00,     0.06,    10.72,     0.23,     0.12,     5.78,     0.00,     0.00,     0.00,     0.00,     0.00,     0.00,     0.00,     0.00,     0.25,    19.08,  -999.99
cty,31177,NC: Tyrrell County,1987,09,PRCP,    11.78,     0.00,     0.00,     0.00,    37.96,    33.61,    11.28,    10.21,    10.67,    10.04,     0.00,     0.00,    18.95,    17.35,     0.00,     0.00,     0.00,     0.00,     0.00,    20.94,     5.52,     0.00,     0.00,     0.00,     0.00,     0.00,     0.00,     0.00,     0.00,     0.00,  -999.99
cty,31179,NC: Union County,1987,09,PRCP,    10.04,     0.00,     0.00,     0.01,    27.93,    23.21,    45.99,    47.46,     0.00,     8.85,    12.12,     9.59,    19.94,     0.00,     0.00,     0.00,     0.00,     0.00,     0.00,     1.16,     0.00,     0.00,     0.00,     0.00,     0.00,     0.00,     0.00,     0.00,     0.00,    13.83,  -999.99
cty,31181,NC: Vance County,1987,09,PRCP,    10.14,     0.00,     0.00,     0.05,     3.21,    24.08,    14.90,    52.22,     3.48,     1.38,     0.00,     2.75,    38.60,     1.74,     0.00,     0.00,     0.00,     0.00,     0.00,    17.25,     2.98,     0.00,     0.00,     0.00,     0.00,     0.00,     0.00,     0.00,     0.00,    11.52,  -999.99
cty,31183,NC: Wake County,1987,09,PRCP,    12.43,     0.00,     0.00,     0.00,     4.88,    17.98,    19.35,    44.65,     0.13,     4.79,     0.08,     1.23,    29.65,     1.20,     0.00,     0.00,     0.00,     0.00,     0.00,     7.62,     1.53,     0.00,     0.00,     0.00,     0.00,     0.00,     0.00,     0.00,     0.00,    10.89,  -999.99
cty,31185,NC: Warren County,1987,09,PRCP,     9.80,     0.00,     0.00,     0.06,     3.13,    25.71,    12.18,    35.12,     3.45,     2.11,     0.00,     0.67,    39.90,     1.76,     0.00,     0.00,     0.00,     0.00,     0.00,    21.66,     1.90,     0.00,     0.00,     0.00,     0.00,     0.00,     0.00,     0.00,     0.00,     9.10,  -999.99
cty,31187,NC: Washington County,1987,09,PRCP,    11.47,     0.00,     0.00,     0.00,    41.69,    34.23,    11.29,    11.16,     6.47,    10.37,     0.00,     0.00,    20.34,    11.15,     0.00,     0.00,     0.00,     0.00,     0.00,    23.57,     3.01,     0.00,     0.00,     0.00,     0.00,     0.00,     0.00,     0.00,     0.00,     0.00,  -999.99
cty,31189,NC: Watauga County,1987,09,PRCP,     0.56,     0.00,     0.00,     0.00,     4.64,    43.18,    27.10,    28.01,     0.00,     2.12,    12.14,     5.60,    13.61,     0.00,     0.00,     0.00,     2.47,     1.27,     0.11,     5.17,     0.00,     0.00,     0.00,     0.00,     0.00,     0.00,     0.00,     0.11,     0.03,     6.63,  -999.99
cty,31191,NC: Wayne County,1987,09,PRCP,     9.76,     0.00,     0.00,     0.00,     6.22,    16.59,    12.24,    20.35,     0.00,     5.99,     0.00,     0.00,    29.60,     0.52,     0.00,     0.00,     0.00,     0.00,     0.00,    10.08,     0.00,     0.00,     0.00,     0.00,     0.00,     0.00,     0.00,     0.00,     0.00,     3.29,  -999.99
cty,31193,NC: Wilkes County,1987,09,PRCP,     0.01,     0.00,     0.00,     0.00,     4.19,    40.04,    26.36,    42.53,     0.00,     2.19,    18.82,     3.78,    11.52,     0.03,     0.00,     0.00,     1.97,     0.91,     0.00,     3.87,     0.00,     0.00,     0.00,     0.00,     0.00,     0.00,     0.00,     0.66,     0.45,     5.72,  -999.99
cty,31195,NC: Wilson County,1987,09,PRCP,    10.79,     0.00,     0.00,     0.00,     6.09,    21.18,    11.29,    20.53,     0.19,     4.66,     0.25,     0.00,    36.74,     1.73,     0.00,     0.00,     0.00,     0.00,     0.00,    16.98,     0.06,     0.00,     0.00,     0.00,     0.00,     0.00,     0.00,     0.00,     0.00,     4.62,  -999.99
cty,31197,NC: Yadkin County,1987,09,PRCP,     0.00,     0.00,     0.00,     0.00,     5.04,    28.08,    29.68,    67.81,     0.00,     2.19,    13.94,     3.23,     7.85,     0.00,     0.00,     0.00,     0.00,     0.00,     0.00,     4.56,     0.00,     0.00,     0.00,     0.00,     0.00,     0.00,     0.00,     0.00,     0.00,     9.55,  -999.99
cty,31199,NC: Yancey County,1987,09,PRCP,     0.52,     0.00,     0.00,     3.76,     4.86,    33.80,    34.61,    25.42,     1.59,     1.59,     9.59,     8.72,    19.66,     0.00,     0.00,     0.00,     3.29,     1.54,     0.22,     8.38,     0.00,     0.00,     0.00,     0.00,     0.00,     0.00,     0.00,     0.00,     0.00,    13.89,  -999.99
cty,32001,ND: Adams County,1987,09,PRCP,     0.00,     0.00,     0.00,     6.59,     6.59,     3.94,     1.54,     0.00,     0.00,     0.00,     6.07,     0.00,     0.00,     0.00,     0.00,     0.00,     0.07,     0.00,     0.00,     0.00,     0.00,     0.00,     0.00,     0.00,     0.00,     0.00,     0.00,     1.12,     0.00,     0.00,  -999.99
cty,32003,ND: Barnes County,1987,09,PRCP,     0.00,     0.00,     0.00,     0.00,     0.01,     1.42,     0.17,     1.78,     0.00,     0.00,     1.11,     3.18,     1.99,     0.00,     0.00,     0.00,     0.00,     0.03,    10.42,     0.67,     0.00,     0.00,     0.00,     0.00,     0.00,     0.00,     0.00,     0.00,     8.64,     0.00,  -999.99
cty,32005,ND: Benson County,1987,09,PRCP,     0.00,     0.00,     0.00,     0.00,     0.00,     0.03,     0.05,     0.00,     0.00,     0.02,     2.52,     2.17,     0.95,     0.00,     0.00,     0.00,     4.03,     0.69,     3.03,     0.00,     0.00,     0.00,     0.00,     0.00,     0.00,     0.00,     0.00,     1.64,     2.92,     0.00,  -999.99
cty,32007,ND: Billings County,1987,09,PRCP,     0.00,     0.00,     0.00,     0.01,     3.45,     0.18,     0.15,     0.00,     0.00,     0.00,     4.84,     0.00,     0.00,     0.00,     0.00,     0.00,     2.62,     1.74,     0.00,     0.00,     0.00,     0.00,     0.00,     0.00,     0.00,     0.00,     0.03,     5.33,     0.00,     0.00,  -999.99
cty,32009,ND: Bottineau County,1987,09,PRCP,     0.00,     0.00,     0.04,     0.00,     0.00,     0.00,     0.00,     0.00,     0.00,     0.01,     3.76,     0.16,     0.00,     0.00,     0.00,     0.00,     6.16,     1.56,     0.00,     0.00,     0.00,     0.00,     0.00,     0.00,     0.00,     0.00,     0.00,     3.29,     2.85,     0.01,  -999.99
cty,32011,ND: Bowman County,1987,09,PRCP,     0.00,     0.00,     0.00,     1.58,    14.56,     1.68,     1.45,     0.00,     0.00,     0.00,     7.01,     0.00,     0.00,     0.00,     0.00,     0.00,     0.00,     0.17,     0.00,     0.00,     0.00,     0.00,     0.00,     0.00,     0.00,     0.00,     0.00,     2.52,     0.00,     0.00,  -999.99
cty,32013,ND: Burke County,1987,09,PRCP,     0.00,     0.00,     0.00,     0.00,     0.00,     0.04,     0.00,     0.00,     0.00,     0.07,     3.23,     0.00,     0.00,     0.00,     0.00,     0.10,    10.32,     3.47,     0.00,     0.00,     0.00,     0.00,     0.00,     0.00,     0.00,     0.00,     2.06,     5.99,     0.11,     0.00,  -999.99
cty,32015,ND: Burleigh County,1987,09,PRCP,     0.00,     0.00,     0.00,     1.30,     0.79,     0.01,     1.07,     0.00,     0.00,     0.00,     3.62,     0.00,     0.04,     0.00,     0.00,     0.00,     1.41,     0.01,     0.04,     0.03,     0.00,     0.00,     0.00,     0.00,     0.00,     0.00,     0.00,     1.70,     1.66,     0.00,  -999.99
cty,32017,ND: Cass County,1987,09,PRCP,     0.00,     0.00,     0.17,     0.00,     0.42,     4.28,     0.01,     0.70,     0.00,     0.00,     0.00,     3.29,     3.91,     0.00,     0.00,     0.00,     0.00,     1.48,    12.94,     1.63,     0.00,     0.00,     0.00,     0.00,     0.00,     0.00,     0.00,     0.00,     9.35,     0.00,  -999.99
cty,32019,ND: Cavalier County,1987,09,PRCP,     0.00,     0.00,     0.02,     0.08,     0.00,     0.00,     0.00,     0.00,     0.00,     1.86,     3.43,     6.95,     3.56,     0.00,     0.00,     0.00,     3.56,     1.82,    13.78,     0.00,     0.00,     0.00,     0.00,     0.00,     0.00,     0.00,     0.00,     4.77,     5.80,     0.00,  -999.99
cty,32021,ND: Dickey County,1987,09,PRCP,     0.00,     0.00,     0.00,     0.00,     3.64,     0.70,     0.02,     1.56,     0.02,     0.00,     1.54,     2.90,     0.00,     0.00,     0.00,     0.00,     0.00,     0.11,     4.23,     0.44,     0.00,     0.00,     0.00,     0.00,     0.00,     0.00,     0.00,     0.08,     3.90,     0.00,  -999.99
cty,32023,ND: Divide County,1987,09,PRCP,     0.00,     0.00,     0.00,     0.00,     0.00,     0.00,     0.00,     0.00,     0.01,     0.02,     3.31,     0.00,     0.00,     0.00,     0.00,     0.01,     6.72,     2.85,     0.00,     0.00,     0.00,     0.00,     0.02,     0.00,     0.00,     0.00,     0.34,     9.78,     0.00,     0.00,  -999.99
cty,32025,ND: Dunn County,1987,09,PRCP,     0.00,     0.00,     0.00,     0.18,     0.50,     0.00,     0.00,     0.00,     0.00,     0.00,     3.18,     0.00,     0.00,     0.00,     0.00,     0.00,     4.27,     2.03,     0.00,     0.00,     0.00,     0.00,     0.00,     0.00,     0.00,     0.00,     0.02,     4.93,     0.01,     0.00,  -999.99
cty,32027,ND: Eddy County,1987,09,PRCP,     0.00,     0.00,     0.00,     0.00,     0.00,     0.00,     2.09,     0.00,     0.00,     0.00,     4.33,     4.30,     2.29,     0.00,     0.00,     0.00,     4.62,     0.00,     8.10,     0.00,     0.00,     0.00,     0.00,     0.00,     0.00,     0.00,     0.00,     2.26,     6.25,     0.00,  -999.99
cty,32029,ND: Emmons County,1987,09,PRCP,     0.00,     0.00,     0.00,     0.45,     0.76,     0.00,     1.25,     0.18,     0.00,     0.00,     5.30,     1.72,     0.00,     0.00,     0.00,     0.00,     0.01,     0.00,     0.33,     0.00,     0.00,     0.00,     0.00,     0.00,     0.00,     0.00,     0.00,     0.08,     1.87,     0.00,  -999.99
cty,32031,ND: Foster County,1987,09,PRCP,     0.00,     0.00,     0.00,     0.02,     0.00,     0.06,     2.98,     0.00,     0.00,     0.06,     5.00,     4.23,     1.40,     0.00,     0.15,     0.00,     3.58,     0.00,     9.19,     0.00,     0.00,     0.00,     0.00,     0.00,     0.00,     0.00,     0.00,     2.22,     7.01,     0.00,  -999.99
cty,32033,ND: Golden Valley County,1987,09,PRCP,     0.00,     0.00,     0.00,     0.00,     4.83,     0.17,     0.53,     0.00,     0.00,     0.00,     6.60,     0.00,     0.00,     0.00,     0.00,     0.00,     2.43,     2.12,     0.00,     0.00,     0.00,     0.00,     0.00,     0.00,     0.00,     0.00,     0.14,     7.34,     0.00,     0.00,  -999.99
cty,32035,ND: Grand Forks County,1987,09,PRCP,     0.00,     0.00,     1.10,     0.00,     0.00,     0.25,     1.03,     0.20,     0.14,     0.00,     0.25,     4.54,     3.33,     0.00,     0.00,     0.00,     0.00,     0.78,    14.01,     0.83,     0.00,     0.00,     0.00,     0.00,     0.00,     0.00,     0.00,     0.00,     6.65,     0.00,  -999.99
cty,32037,ND: Grant County,1987,09,PRCP,     0.00,     0.00,     0.00,     4.86,     1.67,     1.22,     1.21,     0.00,     0.00,     0.01,     3.60,     0.00,     0.00,     0.00,     0.00,     0.00,     0.02,     0.03,     0.01,     0.00,     0.00,     0.00,     0.00,     0.00,     0.00,     0.00,     0.00,     0.67,     0.31,     0.00,  -999.99
cty,32039,ND: Griggs County,1987,09,PRCP,     0.00,     0.00,     0.00,     0.00,     0.00,     0.00,     1.98,     0.06,     0.00,     0.00,     2.15,     3.81,     2.69,     0.00,     0.00,     0.00,     0.00,     0.00,    10.63,     0.06,     0.00,     0.00,     0.00,     0.00,     0.00,     0.00,     0.00,     0.00,     6.97,     0.00,  -999.99
cty,32041,ND: Hettinger County,1987,09,PRCP,     0.00,     0.00,     0.00,     5.31,     4.21,     2.96,     1.11,     0.00,     0.00,     0.00,     4.88,     0.00,     0.00,     0.00,     0.00,     0.00,     0.09,     0.00,     0.00,     0.00,     0.00,     0.00,     0.00,     0.00,     0.00,     0.00,     0.00,     2.17,     0.00,     0.00,  -999.99
cty,32043,ND: Kidder County,1987,09,PRCP,     0.00,     0.00,     0.00,     0.33,     0.34,     0.00,     1.14,     0.00,     0.00,     0.00,     3.36,     0.82,     0.14,     0.00,     0.00,     0.00,     1.63,     0.00,     1.09,     0.11,     0.00,     0.00,     0.00,     0.00,     0.00,     0.00,     0.00,     1.07,     1.91,     0.00,  -999.99
cty,32045,ND: LaMoure County,1987,09,PRCP,     0.00,     0.00,     0.00,     0.00,     0.44,     0.69,     0.09,     1.77,     0.00,     0.00,     2.34,     2.98,     0.03,     0.00,     0.00,     0.00,     0.00,     0.00,     6.07,     0.27,     0.00,     0.00,     0.00,     0.00,     0.00,     0.00,     0.00,     0.00,     5.83,     0.00,  -999.99
cty,32047,ND: Logan County,1987,09,PRCP,     0.00,     0.00,     0.00,     0.00,     0.36,     0.00,     1.09,     0.44,     0.00,     0.00,     3.81,     1.99,     0.00,     0.00,     0.00,     0.00,     0.08,     0.00,     1.91,     0.03,     0.00,     0.00,     0.00,     0.00,     0.00,     0.00,     0.00,     0.00,     2.29,     0.00,  -999.99
cty,32049,ND: McHenry County,1987,09,PRCP,     0.00,     0.00,     0.02,     0.00,     0.00,     0.00,     0.00,     0.00,     0.00,     0.00,     3.16,     0.00,     0.00,     0.00,     0.00,     0.00,     3.49,     0.85,     0.00,     0.00,     0.00,     0.00,     0.00,     0.00,     0.00,     0.00,     0.00,     1.97,     1.97,     0.00,  -999.99
cty,32051,ND: McIntosh County,1987,09,PRCP,     0.00,     0.00,     0.00,     0.00,     0.99,     0.04,     0.21,     1.97,     0.00,     0.06,     4.44,     3.44,     0.00,     0.00,     0.00,     0.00,     0.00,     0.00,     2.28,     0.07,     0.00,     0.00,     0.00,     0.00,     0.00,     0.00,     0.00,     0.09,     2.41,     0.00,  -999.99
cty,32053,ND: McKenzie County,1987,09,PRCP,     0.00,     0.00,     0.00,     0.00,     0.23,     0.00,     0.00,     0.00,     0.00,     0.00,     3.49,     0.00,     0.00,     0.00,     0.00,     0.12,     4.59,     2.39,     0.00,     0.00,     0.00,     0.00,     0.00,     0.00,     0.00,     0.19,     0.71,     6.72,     0.10,     0.00,  -999.99
cty,32055,ND: McLean County,1987,09,PRCP,     0.00,     0.00,     0.00,     0.80,     0.39,     0.01,     0.08,     0.00,     0.00,     0.01,     3.90,     0.00,     0.00,     0.00,     0.00,     0.00,     3.59,     1.42,     0.04,     0.00,     0.00,     0.00,     0.00,     0.00,     0.00,     0.00,     0.00,     4.12,     2.18,     0.00,  -999.99
cty,32057,ND: Mercer County,1987,09,PRCP,     0.00,     0.00,     0.00,     1.48,     0.63,     0.00,     0.00,     0.00,     0.00,     0.00,     4.79,     0.00,     0.00,     0.00,     0.00,     0.34,     4.27,     1.95,     0.00,     0.00,     0.00,     0.00,     0.00,     0.00,     0.00,     0.00,     0.00,     6.35,     1.68,     0.00,  -999.99
cty,32059,ND: Morton County,1987,09,PRCP,     0.00,     0.00,     0.00,     3.18,     1.27,     0.22,     0.73,     0.00,     0.00,     0.02,     3.03,     0.00,     0.00,     0.00,     0.00,     0.00,     0.84,     0.00,     0.00,     0.00,     0.00,     0.00,     0.00,     0.00,     0.00,     0.00,     0.00,     1.69,     1.05,     0.00,  -999.99
cty,32061,ND: Mountrail County,1987,09,PRCP,     0.00,     0.00,     0.00,     0.00,     0.00,     0.00,     0.00,     0.00,     0.00,     0.40,     4.00,     0.00,     0.00,     0.00,     0.00,     0.00,     9.85,     3.63,     0.01,     0.00,     0.00,     0.00,     0.00,     0.00,     0.00,     0.00,     0.00,     7.22,     1.44,     0.00,  -999.99
cty,32063,ND: Nelson County,1987,09,PRCP,     0.00,     0.00,     0.00,     0.00,     0.00,     0.00,     1.33,     0.00,     0.00,     0.00,     1.68,     3.78,     2.55,     0.00,     0.00,     0.00,     0.02,     0.00,     8.64,     0.21,     0.00,     0.00,     0.00,     0.00,     0.00,     0.00,     0.00,     0.00,     4.94,     0.00,  -999.99
cty,32065,ND: Oliver County,1987,09,PRCP,     0.00,     0.00,     0.00,     2.89,     1.30,     0.17,     0.49,     0.00,     0.00,     0.00,     3.70,     0.00,     0.00,     0.00,     0.00,     0.00,     2.06,     0.37,     0.32,     0.00,     0.00,     0.00,     0.00,     0.00,     0.00,     0.00,     0.00,     3.10,     1.79,     0.00,  -999.99
cty,32067,ND: Pembina County,1987,09,PRCP,     0.00,     0.00,     0.04,     0.11,     0.00,     0.00,     0.00,     0.00,     0.00,     1.85,     2.27,     5.17,     2.56,     0.00,     0.00,     0.00,     0.05,     0.04,    16.06,     0.01,     0.00,     0.00,     0.00,     0.00,     0.00,     0.00,     0.00,     0.06,     4.61,     0.00,  -999.99
cty,32069,ND: Pierce County,1987,09,PRCP,     0.00,     0.00,     0.01,     0.00,     0.00,     0.00,     0.00,     0.00,     0.00,     0.00,     2.60,     0.88,     0.05,     0.00,     0.00,     0.00,     3.54,     0.65,     0.63,     0.00,     0.00,     0.00,     0.00,     0.00,     0.00,     0.00,     0.00,     1.52,     1.95,     0.00,  -999.99
cty,32071,ND: Ramsey County,1987,09,PRCP,     0.00,     0.00,     0.00,     0.00,     0.03,     0.00,     0.00,     0.00,     0.04,     0.00,     2.46,     4.13,     2.32,     0.00,     0.00,     0.00,     3.22,     1.23,     6.91,     0.00,     0.00,     0.00,     0.00,     0.00,     0.00,     0.00,     0.00,     2.40,     4.27,     0.00,  -999.99
cty,32073,ND: Ransom County,1987,09,PRCP,     0.00,     0.00,     0.00,     0.00,     1.68,     4.57,     0.02,     2.27,     0.00,     0.00,     0.00,     3.73,     3.71,     0.00,     0.00,     0.00,     0.00,     0.00,    11.66,     2.15,     0.00,     0.00,     0.00,     0.00,     0.00,     0.00,     0.00,     0.00,    11.09,     0.00,  -999.99
cty,32075,ND: Renville County,1987,09,PRCP,     0.00,     0.00,     0.00,     0.00,     0.00,     0.00,     0.00,     0.00,     0.00,     0.00,     3.78,     0.00,     0.00,     0.00,     0.00,     0.00,     9.38,     2.76,     0.00,     0.00,     0.00,     0.00,     0.00,     0.00,     0.00,     0.00,     0.00,     5.45,     3.60,     0.00,  -999.99
cty,32077,ND: Richland County,1987,09,PRCP,     0.00,     0.00,     0.00,     0.00,    13.81,     4.86,     0.00,     1.11,     0.00,     0.05,     0.03,     4.00,     4.13,     0.00,     0.00,     0.00,     3.09,     1.89,    11.33,     2.86,     0.00,     0.00,     0.00,     0.00,     0.00,     0.00,     0.00,     0.00,     7.32,     0.00,  -999.99
cty,32079,ND: Rolette County,1987,09,PRCP,     0.00,     0.00,     0.00,     0.00,     0.00,     0.00,     0.00,     0.00,     0.00,     0.38,     3.18,     2.19,     0.28,     0.00,     0.00,     0.00,     6.03,     1.33,     1.84,     0.00,     0.00,     0.00,     0.00,     0.00,     0.00,     0.00,     0.00,     2.65,     2.93,     0.00,  -999.99
cty,32081,ND: Sargent County,1987,09,PRCP,     0.00,     0.00,     0.00,     0.19,    12.51,     4.60,     0.00,     2.41,     0.00,     0.00,     0.32,     5.44,     2.99,     0.00,     0.08,     0.00,     0.66,     0.16,    10.99,     2.66,     0.00,     0.00,     0.00,     0.00,     0.00,     0.00,     0.00,     0.00,     9.32,     0.00,  -999.99
cty,32083,ND: Sheridan County,1987,09,PRCP,     0.00,     0.00,     0.00,     0.80,     0.60,     0.00,     0.86,     0.00,     0.00,     0.02,     5.41,     0.00,     0.07,     0.00,     0.00,     0.00,     3.47,     0.06,     0.00,     0.05,     0.00,     0.00,     0.00,     0.00,     0.00,     0.00,     0.00,     2.72,     2.73,     0.00,  -999.99
cty,32085,ND: Sioux County,1987,09,PRCP,     0.00,     0.00,     0.00,     2.61,     1.42,     0.32,     1.99,     0.00,     0.00,     0.00,     5.53,     0.00,     0.00,     0.00,     0.00,     0.00,     0.09,     0.10,     0.08,     0.00,     0.00,     0.00,     0.00,     0.00,     0.00,     0.00,     0.00,     0.00,     1.25,     0.00,  -999.99
cty,32087,ND: Slope County,1987,09,PRCP,     0.00,     0.00,     0.00,     0.88,    11.33,     1.58,     1.22,     0.00,     0.00,     0.00,     7.63,     0.00,     0.00,     0.00,     0.00,     0.00,     0.18,     0.85,     0.00,     0.00,     0.00,     0.00,     0.00,     0.00,     0.00,     0.00,     0.00,     4.13,     0.00,     0.00,  -999.99
cty,32089,ND: Stark County,1987,09,PRCP,     0.00,     0.00,     0.00,     1.69,     3.22,     1.22,     0.21,     0.00,     0.00,     0.01,     4.57,     0.00,     0.00,     0.00,     0.00,     0.00,     2.38,     0.94,     0.00,     0.00,     0.00,     0.00,     0.00,     0.00,     0.00,     0.00,     0.00,     3.87,     0.00,     0.00,  -999.99
cty,32091,ND: Steele County,1987,09,PRCP,     0.00,     0.00,     0.43,     0.00,     0.00,     0.94,     1.56,     0.24,     0.09,     0.00,     0.11,     4.11,     3.42,     0.00,     0.00,     0.00,     0.00,     0.00,    13.29,     1.01,     0.00,     0.00,     0.00,     0.00,     0.00,     0.00,     0.00,     0.00,     8.55,     0.00,  -999.99
cty,32093,ND: Stutsman County,1987,09,PRCP,     0.00,     0.00,     0.00,     0.00,     0.01,     0.03,     1.67,     0.19,     0.00,     0.00,     3.59,     2.61,     0.13,     0.00,     0.00,     0.00,     0.96,     0.00,     5.62,     0.02,     0.00,     0.00,     0.00,     0.00,     0.00,     0.00,     0.00,     0.64,     4.92,     0.00,  -999.99
cty,32095,ND: Towner County,1987,09,PRCP,     0.00,     0.01,     0.00,     0.00,     0.00,     0.00,     0.00,     0.00,     0.00,     0.72,     2.83,     3.37,     1.58,     0.00,     0.00,     0.04,     5.33,     1.41,     4.59,     0.00,     0.00,     0.00,     0.00,     0.00,     0.00,     0.00,     0.00,     2.97,     3.50,     0.00,  -999.99
cty,32097,ND: Traill County,1987,09,PRCP,     0.00,     0.00,     1.15,     0.00,     0.00,     3.12,     0.31,     0.00,     0.15,     0.00,     0.00,     4.70,     3.96,     0.00,     0.00,     0.08,     0.00,     3.95,    15.22,     1.28,     0.01,     0.00,     0.00,     0.00,     0.00,     0.00,     0.00,     0.10,     8.89,     0.00,  -999.99
cty,32099,ND: Walsh County,1987,09,PRCP,     0.00,     0.00,     0.23,     0.12,     0.00,     0.03,     0.33,     0.02,     0.00,     0.14,     1.51,     4.13,     2.53,     0.00,     0.00,     0.00,     0.08,     0.09,    11.02,     0.24,     0.00,     0.00,     0.00,     0.00,     0.01,     0.00,     0.00,     0.16,     4.42,     0.00,  -999.99
cty,32101,ND: Ward County,1987,09,PRCP,     0.00,     0.00,     0.00,     0.00,     0.00,     0.01,     0.00,     0.01,     0.00,     0.00,     3.66,     0.00,     0.00,     0.00,     0.00,     0.00,     6.69,     2.16,     0.00,     0.00,     0.00,     0.00,     0.00,     0.00,     0.00,     0.00,     0.02,     4.78,     2.85,     0.00,  -999.99
cty,32103,ND: Wells County,1987,09,PRCP,     0.00,     0.00,     0.00,     0.26,     0.16,     0.00,     1.49,     0.00,     0.00,     0.02,     4.95,     1.86,     0.08,     0.00,     0.00,     0.00,     4.86,     0.00,     2.74,     0.03,     0.00,     0.00,     0.00,     0.00,     0.00,     0.00,     0.00,     2.34,     3.72,     0.00,  -999.99
cty,32105,ND: Williams County,1987,09,PRCP,     0.00,     0.00,     0.00,     0.00,     0.00,     0.00,     0.00,     0.00,     0.00,     0.27,     3.25,     0.00,     0.00,     0.00,     0.00,     0.00,     6.14,     2.88,     0.00,     0.00,     0.00,     0.00,     0.00,     0.00,     0.00,     0.00,     0.62,     8.89,     0.00,     0.00,  -999.99
cty,33001,OH: Adams County,1987,09,PRCP,     0.00,     0.00,     0.00,     0.00,     0.00,     0.00,     0.00,     0.00,     0.00,     0.00,     0.95,     9.38,     4.49,     0.81,     0.00,     0.00,     5.97,     5.05,     2.36,     1.56,     0.00,     0.08,     0.00,     0.00,     0.00,     0.00,     0.00,     0.00,     0.00,    25.27,  -999.99
cty,33003,OH: Allen County,1987,09,PRCP,     0.42,     0.00,     0.00,     0.00,     0.00,     0.00,     0.00,     0.00,     0.00,     0.00,     0.00,     1.70,     1.82,     0.00,     0.00,     3.58,     1.94,     2.89,     1.06,     0.00,     0.00,     1.15,     0.00,     0.00,     0.00,     0.00,     0.00,     0.00,     0.00,     3.19,  -999.99
cty,33005,OH: Ashland County,1987,09,PRCP,     4.03,     0.00,     0.01,     0.00,     0.00,     0.00,     0.06,     0.00,     0.00,     0.00,     0.00,     6.61,     5.74,     0.00,     0.00,     2.48,     2.57,     6.50,     2.52,     0.00,     0.02,     2.61,     1.65,     0.00,     0.00,     0.00,     0.00,     0.00,     0.00,     6.73,  -999.99
cty,33007,OH: Ashtabula County,1987,09,PRCP,     4.40,     0.48,     2.18,     0.00,     0.00,     0.01,     0.41,     8.69,     3.95,     0.00,     0.00,    11.84,     6.13,     0.00,     0.00,     5.32,     4.30,    15.52,     5.81,     5.25,     0.03,     1.93,     2.01,     0.00,     0.00,     0.00,     0.00,     0.00,     0.00,    15.02,  -999.99
cty,33009,OH: Athens County,1987,09,PRCP,     0.07,     0.00,     0.00,     0.00,     0.00,     1.92,     0.35,    11.58,     0.04,     0.00,     0.00,     4.31,     2.37,     2.71,     0.00,     0.00,     0.67,     4.44,     0.30,     0.90,     0.00,     0.05,     0.81,     0.00,     0.00,     0.00,     0.00,     0.00,     0.00,    16.25,  -999.99
cty,33011,OH: Auglaize County,1987,09,PRCP,     0.72,     0.00,     0.00,     0.00,     0.00,     0.00,     0.00,     0.00,     0.00,     0.00,     0.00,     1.98,     1.77,     0.00,     0.00,     2.37,     1.77,     2.69,     1.01,     0.00,     0.00,     1.30,     0.00,     0.00,     0.00,     0.00,     0.00,     0.00,     0.00,     3.81,  -999.99
cty,33013,OH: Belmont County,1987,09,PRCP,     2.16,     0.00,     0.00,     0.00,     0.00,     3.68,     2.15,    16.86,     2.05,     0.00,     0.00,     3.13,     3.08,     0.29,     0.00,     0.00,     2.07,     6.75,     2.15,     1.71,     0.00,     0.87,     2.88,     0.00,     0.00,     0.00,     0.00,     0.00,     0.00,    16.16,  -999.99
cty,33015,OH: Brown County,1987,09,PRCP,     0.00,     0.00,     0.00,     0.00,     0.00,     0.02,     0.00,     0.00,     0.07,     0.00,     2.05,    10.80,     6.42,     0.03,     0.00,     0.00,    10.14,     4.53,     2.90,     0.94,     0.00,     0.52,     0.01,     0.00,     0.00,     0.00,     0.00,     0.00,     0.00,    23.58,  -999.99
cty,33017,OH: Butler County,1987,09,PRCP,     0.12,     0.00,     0.00,     0.00,     0.00,     0.00,     0.00,     0.00,     1.19,     0.00,     0.00,     4.66,     2.41,     0.00,     0.00,     0.02,     5.64,     2.64,     1.55,     0.00,     0.00,     0.88,     0.00,     0.00,     0.00,     0.00,     0.00,     0.00,     0.00,     9.46,  -999.99
cty,33019,OH: Carroll County,1987,09,PRCP,     3.90,     0.00,     0.00,     0.00,     0.00,     1.63,     2.18,    11.21,     1.37,     0.00,     0.00,     6.78,     4.66,     0.00,     0.00,     0.44,     3.19,     9.71,     3.67,     2.44,     0.00,     2.15,     2.85,     0.00,     0.00,     0.00,     0.00,     0.00,     0.17,    14.99,  -999.99
cty,33021,OH: Champaign County,1987,09,PRCP,     2.61,     0.00,     0.00,     0.00,     0.00,     0.00,     0.00,     0.00,     0.00,     0.00,     0.00,     3.13,     1.64,     0.00,     0.00,     0.03,     1.81,     2.78,     1.16,     0.00,     0.00,     1.49,     0.02,     0.00,     0.00,     0.00,     0.00,     0.00,     0.00,     4.82,  -999.99
cty,33023,OH: Clark County,1987,09,PRCP,     2.55,     0.00,     0.00,     0.00,     0.00,     0.00,     0.00,     0.00,     0.00,     0.00,     0.00,     3.90,     1.80,     0.00,     0.00,     0.00,     2.33,     3.09,     1.33,     0.00,     0.00,     1.70,     0.01,     0.00,     0.00,     0.00,     0.00,     0.00,     0.00,     6.21,  -999.99
cty,33025,OH: Clermont County,1987,09,PRCP,     0.00,     0.00,     0.00,     0.00,     0.00,     0.00,     0.00,     0.00,     0.00,     0.00,     0.52,     7.84,     5.01,     0.00,     0.00,     0.03,     8.88,     3.09,     2.22,     0.22,     0.00,     0.75,     0.00,     0.00,     0.00,     0.00,     0.00,     0.00,     0.05,    15.66,  -999.99
cty,33027,OH: Clinton County,1987,09,PRCP,     1.75,     0.00,     0.00,     0.00,     0.00,     0.00,     0.00,     0.00,     0.00,     0.00,     0.00,     8.52,     3.89,     0.00,     0.00,     0.00,     6.37,     4.34,     2.34,     0.00,     0.00,     1.56,     0.00,     0.00,     0.00,     0.00,     0.00,     0.00,     0.00,    15.08,  -999.99
cty,33029,OH: Columbiana County,1987,09,PRCP,     4.65,     0.00,     0.17,     0.00,     0.01,     2.44,     2.86,    16.45,     2.12,     0.00,     0.00,     6.25,     3.46,     0.00,     0.03,     1.80,     3.40,    12.75,     5.09,     3.32,     0.00,     1.67,     2.51,     0.00,     0.01,     0.00,     0.00,     0.00,     0.02,    14.83,  -999.99
cty,33031,OH: Coshocton County,1987,09,PRCP,     3.36,     0.00,     0.00,     0.00,     0.00,     0.02,     0.00,     2.81,     0.00,     0.00,     0.00,     6.86,     5.45,     0.00,     0.00,     0.00,     2.69,     5.20,     2.00,     0.44,     0.00,     2.72,     2.16,     0.00,     0.00,     0.00,     0.00,     0.00,     0.00,    13.00,  -999.99
cty,33033,OH: Crawford County,1987,09,PRCP,     2.87,     0.00,     0.00,     0.00,     0.00,     0.00,     0.00,     0.00,     0.00,     0.00,     0.00,     3.83,     3.80,     0.00,     0.00,     3.35,     2.28,     4.92,     1.89,     0.00,     0.00,     1.73,     1.23,     0.00,     0.00,     0.00,     0.00,     0.00,     0.00,     4.16,  -999.99
cty,33035,OH: Cuyahoga County,1987,09,PRCP,     3.65,     0.18,     0.87,     0.00,     0.00,     0.00,     0.00,     2.04,     0.35,     0.00,     0.00,     8.96,     5.55,     0.00,     0.00,     4.80,     3.22,    12.89,     3.76,     1.93,     0.01,     1.78,     2.48,     0.00,     0.00,     0.00,     0.00,     0.00,     0.00,     9.28,  -999.99
cty,33037,OH: Darke County,1987,09,PRCP,     0.59,     0.00,     0.00,     0.00,     0.00,     0.00,     0.00,     0.00,     0.76,     0.00,     0.00,     2.30,     1.73,     0.00,     0.00,     1.10,     2.01,     2.52,     1.05,     0.00,     0.00,     1.22,     0.00,     0.00,     0.00,     0.00,     0.00,     0.00,     0.00,     5.27,  -999.99
cty,33039,OH: Defiance County,1987,09,PRCP,     0.00,     0.00,     0.00,     0.00,     0.00,     0.00,     0.00,     0.00,     0.87,     0.00,     7.88,     0.69,     4.52,     0.00,     0.00,    15.51,     7.76,     6.94,     2.12,     0.00,     0.29,     2.78,     0.00,     0.00,     0.00,     0.00,     0.00,     0.00,     3.45,     6.14,  -999.99
cty,33041,OH: Delaware County,1987,09,PRCP,     4.82,     0.00,     0.00,     0.00,     0.00,     0.00,     0.00,     0.00,     0.00,     0.00,     0.00,     5.53,     3.07,     0.00,     0.00,     0.95,     2.14,     3.58,     1.59,     0.00,     0.00,     2.41,     1.35,     0.00,     0.00,     0.00,     0.00,     0.00,     0.00,     7.57,  -999.99
cty,33043,OH: Erie County,1987,09,PRCP,     1.79,     0.28,     0.00,     0.00,     0.00,     0.00,     0.00,     0.00,     0.00,     0.00,     0.00,     4.36,     6.39,     0.00,     0.00,     7.72,     3.15,    10.62,     3.03,     0.00,     0.00,     1.82,     1.75,     0.00,     0.00,     0.00,     0.00,     0.00,     0.00,     5.06,  -999.99
cty,33045,OH: Fairfield County,1987,09,PRCP,     2.65,     0.00,     0.00,     0.00,     0.00,     0.00,     0.00,     0.30,     0.00,     0.00,     0.03,     7.47,     3.59,     0.00,     0.00,     0.00,     2.19,     4.60,     1.61,     0.01,     0.00,     1.81,     1.10,     0.00,     0.00,     0.00,     0.00,     0.00,     0.00,    17.40,  -999.99
cty,33047,OH: Fayette County,1987,09,PRCP,     1.88,     0.00,     0.00,     0.00,     0.00,     0.00,     0.00,     0.00,     0.00,     0.00,     0.15,     5.84,     2.10,     0.00,     0.00,     0.00,     3.44,     3.37,     1.66,     0.06,     0.00,     1.17,     0.00,     0.00,     0.00,     0.00,     0.00,     0.00,     0.00,    11.08,  -999.99
cty,33049,OH: Franklin County,1987,09,PRCP,     4.10,     0.00,     0.00,     0.00,     0.00,     0.00,     0.00,     0.00,     0.00,     0.00,     0.01,     6.80,     3.08,     0.00,     0.00,     0.06,     2.56,     4.09,     1.77,     0.01,     0.00,     2.36,     0.99,     0.00,     0.00,     0.00,     0.00,     0.00,     0.00,    11.81,  -999.99
cty,33051,OH: Fulton County,1987,09,PRCP,     0.00,     0.34,     0.00,     0.00,     0.00,     0.00,     0.00,     0.00,     1.18,     0.00,     6.78,     0.22,     4.73,     0.00,     1.90,    13.27,     7.37,     7.21,     2.03,     0.00,     1.33,     1.69,     0.00,     0.00,     0.00,     0.00,     0.00,     0.00,     2.57,     5.51,  -999.99
cty,33053,OH: Gallia County,1987,09,PRCP,     0.00,     0.00,     0.00,     0.00,     0.00,     2.01,     1.61,    13.65,     0.00,     0.00,     0.00,     7.35,     2.81,     3.72,     0.00,     0.00,     0.01,     6.12,     0.00,     1.47,     0.00,     0.00,     0.00,     0.00,     0.00,     0.00,     0.00,     0.00,     0.00,    20.08,  -999.99
cty,33055,OH: Geauga County,1987,09,PRCP,     4.57,     0.26,     1.55,     0.00,     0.00,     0.00,     0.32,     5.52,     1.45,     0.00,     0.00,    11.11,     5.35,     0.00,     0.00,     4.98,     3.85,    14.65,     5.20,     3.40,     0.11,     1.90,     2.38,     0.00,     0.00,     0.00,     0.00,     0.00,     0.00,    12.32,  -999.99
cty,33057,OH: Greene County,1987,09,PRCP,     1.83,     0.00,     0.00,     0.00,     0.00,     0.00,     0.00,     0.00,     0.00,     0.00,     0.06,     4.58,     2.06,     0.00,     0.00,     0.00,     3.12,     2.96,     1.41,     0.00,     0.00,     1.43,     0.00,     0.00,     0.00,     0.00,     0.00,     0.00,     0.05,     7.58,  -999.99
cty,33059,OH: Guernsey County,1987,09,PRCP,     1.90,     0.00,     0.00,     0.00,     0.00,     1.19,     0.41,     8.79,     0.47,     0.00,     0.00,     4.82,     4.26,     0.00,     0.00,     0.00,     2.02,     5.06,     1.51,     0.99,     0.00,     1.38,     3.25,     0.00,     0.00,     0.00,     0.00,     0.00,     0.00,    15.78,  -999.99
cty,33061,OH: Hamilton County,1987,09,PRCP,     0.00,     0.00,     0.00,     0.00,     0.00,     0.00,     0.00,     0.00,     0.70,     0.00,     0.08,     5.43,     3.44,     0.00,     0.00,     0.02,     7.55,     2.36,     1.77,     0.00,     0.00,     0.70,     0.00,     0.00,     0.00,     0.00,     0.00,     0.00,     0.04,    11.41,  -999.99
cty,33063,OH: Hancock County,1987,09,PRCP,     0.45,     0.00,     0.00,     0.00,     0.00,     0.00,     0.00,     0.00,     0.00,     0.00,     0.00,     1.91,     2.38,     0.00,     0.00,     5.77,     2.49,     4.43,     1.63,     0.00,     0.00,     0.99,     0.00,     0.00,     0.00,     0.00,     0.00,     0.00,     0.02,     2.90,  -999.99
cty,33065,OH: Hardin County,1987,09,PRCP,     2.10,     0.00,     0.00,     0.00,     0.00,     0.00,     0.00,     0.00,     0.00,     0.00,     0.00,     2.52,     2.13,     0.00,     0.00,     3.11,     1.97,     3.71,     1.49,     0.02,     0.00,     1.30,     0.05,     0.00,     0.00,     0.00,     0.00,     0.00,     0.00,     3.65,  -999.99
cty,33067,OH: Harrison County,1987,09,PRCP,     3.23,     0.00,     0.00,     0.00,     0.00,     2.45,     2.36,    14.09,     1.76,     0.00,     0.00,     5.60,     4.63,     0.00,     0.14,     0.00,     2.91,     8.67,     3.12,     2.00,     0.00,     1.77,     3.45,     0.00,     0.00,     0.00,     0.00,     0.00,     0.00,    17.41,  -999.99
cty,33069,OH: Henry County,1987,09,PRCP,     0.00,     0.00,     0.00,     0.00,     0.00,     0.00,     0.00,     0.00,     0.11,     0.00,     4.02,     1.58,     4.10,     0.00,     0.00,    13.30,     6.02,     6.74,     2.10,     0.00,     0.65,     1.62,     0.00,     0.00,     0.00,     0.00,     0.00,     0.00,     0.68,     4.90,  -999.99
cty,33071,OH: Highland County,1987,09,PRCP,     0.43,     0.00,     0.00,     0.00,     0.00,     0.00,     0.00,     0.18,     0.04,     0.08,     0.24,     8.86,     3.93,     0.00,     0.00,     0.00,     6.47,     4.55,     2.36,     0.00,     0.00,     1.00,     0.00,     0.00,     0.00,     0.00,     0.00,     0.00,     0.00,    19.11,  -999.99
cty,33073,OH: Hocking County,1987,09,PRCP,     0.32,     0.00,     0.00,     0.00,     0.00,     0.36,     0.00,     4.47,     0.00,     0.00,     0.00,     6.04,     2.64,     0.74,     0.00,     0.00,     1.81,     4.61,     1.28,     0.23,     0.00,     0.92,     0.82,     0.00,     0.00,     0.00,     0.00,     0.03,     0.03,    18.20,  -999.99
cty,33075,OH: Holmes County,1987,09,PRCP,     5.14,     0.00,     0.00,     0.00,     0.00,     0.00,     0.12,     1.72,     0.00,     0.00,     0.00,     9.36,     7.40,     0.00,     0.00,     0.57,     3.43,     7.27,     2.92,     0.53,     0.00,     3.74,     2.28,     0.00,     0.00,     0.00,     0.00,     0.00,     0.00,    12.73,  -999.99
cty,33077,OH: Huron County,1987,09,PRCP,     2.75,     0.00,     0.00,     0.00,     0.00,     0.00,     0.00,     0.00,     0.00,     0.00,     0.00,     5.16,     6.18,     0.00,     0.05,     5.92,     2.86,     9.11,     2.88,     0.00,     0.00,     1.96,     2.00,     0.00,     0.00,     0.00,     0.00,     0.00,     0.00,     5.45,  -999.99
cty,33079,OH: Jackson County,1987,09,PRCP,     0.07,     0.00,     0.00,     0.00,     0.00,     0.61,     0.15,     6.51,     0.00,     0.00,     0.00,     5.81,     1.98,     2.59,     0.00,     0.00,     0.99,     5.06,     0.84,     0.83,     0.00,     0.06,     0.01,     0.00,     0.00,     0.00,     0.00,     0.00,     0.00,    18.50,  -999.99
cty,33081,OH: Jefferson County,1987,09,PRCP,     3.85,     0.00,     0.00,     0.00,     0.00,     4.32,     3.41,    20.44,     2.55,     0.00,     0.00,     4.15,     3.16,     0.00,     0.00,     0.00,     2.99,    11.51,     4.33,     2.55,     0.00,     1.26,     3.10,     0.00,     0.00,     0.00,     0.00,     0.00,     0.00,    16.91,  -999.99
cty,33083,OH: Knox County,1987,09,PRCP,     5.05,     0.00,     0.00,     0.00,     0.00,     0.00,     0.27,     0.00,     0.00,     0.00,     0.00,     7.74,     5.71,     0.00,     0.00,     0.10,     2.74,     4.82,     2.25,     0.00,     0.00,     3.51,     1.37,     0.00,     0.00,     0.00,     0.00,     0.00,     0.00,    10.36,  -999.99
cty,33085,OH: Lake County,1987,09,PRCP,     3.91,     0.62,     1.91,     0.00,     0.00,     0.00,     0.00,     4.07,     1.96,     0.00,     0.00,    10.70,     5.53,     0.00,     0.00,     5.54,     3.77,    15.71,     5.15,     3.08,     0.44,     1.80,     2.53,     0.00,     0.00,     0.00,     0.00,     0.00,     0.00,    12.25,  -999.99
cty,33087,OH: Lawrence County,1987,09,PRCP,     0.00,     0.00,     0.00,     0.00,     0.00,     0.90,     1.76,    10.15,     0.00,     0.00,     0.00,     8.51,     3.07,     3.25,     0.00,     0.00,     0.00,     5.45,     0.07,     1.51,     0.00,     0.00,     0.00,     0.00,     0.00,     0.00,     0.00,     0.00,     0.00,    20.29,  -999.99
cty,33089,OH: Licking County,1987,09,PRCP,     3.41,     0.00,     0.00,     0.00,     0.00,     0.00,     0.06,     0.00,     0.00,     0.00,     0.00,     6.72,     4.07,     0.00,     0.00,     0.00,     2.08,     3.88,     1.61,     0.00,     0.00,     2.49,     1.18,     0.00,     0.00,     0.00,     0.00,     0.00,     0.00,    12.23,  -999.99
cty,33091,OH: Logan County,1987,09,PRCP,     2.45,     0.00,     0.00,     0.00,     0.00,     0.00,     0.00,     0.00,     0.00,     0.00,     0.00,     2.56,     1.73,     0.00,     0.00,     1.22,     1.57,     2.79,     1.11,     0.00,     0.00,     1.26,     0.01,     0.00,     0.00,     0.00,     0.00,     0.00,     0.00,     3.87,  -999.99
cty,33093,OH: Lorain County,1987,09,PRCP,     2.76,     0.00,     0.00,     0.00,     0.00,     0.00,     0.00,     0.00,     0.00,     0.00,     0.00,     6.25,     5.58,     0.00,     0.00,     5.11,     2.77,    10.74,     2.94,     0.03,     0.00,     1.66,     2.37,     0.00,     0.00,     0.00,     0.00,     0.00,     0.00,     6.18,  -999.99
cty,33095,OH: Lucas County,1987,09,PRCP,     0.00,     0.50,     0.00,     0.00,     0.00,     0.00,     0.00,     0.00,     0.10,     0.00,     3.91,     2.41,     5.18,     0.00,     1.55,    14.58,     7.81,    10.75,     3.00,     0.00,     1.58,     1.46,     0.00,     0.00,     0.00,     0.00,     0.00,     0.00,     0.24,     5.89,  -999.99
cty,33097,OH: Madison County,1987,09,PRCP,     2.97,     0.00,     0.00,     0.00,     0.00,     0.00,     0.00,     0.00,     0.00,     0.00,     0.00,     4.98,     1.98,     0.00,     0.00,     0.19,     2.62,     3.38,     1.60,     0.00,     0.00,     1.66,     0.12,     0.00,     0.00,     0.00,     0.00,     0.00,     0.00,     8.35,  -999.99
cty,33099,OH: Mahoning County,1987,09,PRCP,     5.35,     0.00,     0.74,     0.00,     0.00,     1.40,     2.17,    14.07,     2.15,     0.00,     0.00,     8.64,     4.27,     0.00,     0.00,     3.13,     3.84,    14.27,     5.65,     4.04,     0.00,     1.85,     2.54,     0.00,     0.00,     0.00,     0.00,     0.00,     0.00,    15.25,  -999.99
cty,33101,OH: Marion County,1987,09,PRCP,     3.91,     0.00,     0.00,     0.00,     0.01,     0.02,     0.00,     0.00,     0.00,     0.00,     0.00,     4.04,     2.93,     0.00,     0.00,     2.48,     2.28,     4.20,     1.76,     0.02,     0.00,     2.01,     1.24,     0.00,     0.00,     0.00,     0.00,     0.00,     0.00,     4.88,  -999.99
cty,33103,OH: Medina County,1987,09,PRCP,     4.20,     0.00,     0.10,     0.00,     0.00,     0.00,     0.00,     0.89,     0.00,     0.00,     0.00,     8.94,     6.52,     0.00,     0.00,     4.18,     3.20,    11.35,     3.52,     1.03,     0.00,     2.38,     2.60,     0.00,     0.00,     0.00,     0.00,     0.00,     0.00,     8.87,  -999.99
cty,33105,OH: Meigs County,1987,09,PRCP,     0.23,     0.00,     0.00,     0.00,     0.02,     2.95,     1.14,    18.07,     0.18,     0.00,     0.00,     5.95,     3.06,     3.89,     0.06,     0.00,     0.00,     6.07,     0.00,     1.55,     0.00,     0.00,     0.47,     0.00,     0.00,     0.00,     0.00,     0.00,     0.00,    19.54,  -999.99
cty,33107,OH: Mercer County,1987,09,PRCP,     0.00,     0.00,     0.00,     0.00,     0.00,     0.00,     0.00,     0.00,     0.00,     0.00,     0.07,     1.45,     1.67,     0.00,     0.00,     2.24,     1.71,     2.19,     0.85,     0.00,     0.00,     1.35,     0.00,     0.00,     0.00,     0.00,     0.00,     0.00,     0.00,     3.73,  -999.99
cty,33109,OH: Miami County,1987,09,PRCP,     1.61,     0.00,     0.00,     0.00,     0.00,     0.00,     0.00,     0.00,     0.03,     0.00,     0.00,     3.05,     1.73,     0.00,     0.00,     0.11,     2.27,     3.00,     1.21,     0.00,     0.00,     1.52,     0.00,     0.00,     0.00,     0.00,     0.00,     0.00,     0.00,     5.61,  -999.99
cty,33111,OH: Monroe County,1987,09,PRCP,     1.85,     0.00,     0.00,     0.00,     0.02,     4.93,     2.09,    23.87,     2.66,     0.03,     0.00,     3.32,     3.56,     2.39,     0.00,     0.00,     2.16,     6.27,     1.57,     2.07,     0.00,     0.46,     3.03,     0.00,     0.00,     0.00,     0.00,     0.00,     0.05,    20.72,  -999.99
cty,33113,OH: Montgomery County,1987,09,PRCP,     0.97,     0.00,     0.00,     0.00,     0.00,     0.00,     0.00,     0.00,     0.00,     0.00,     0.00,     3.10,     1.46,     0.00,     0.00,     0.00,     2.61,     2.37,     1.10,     0.00,     0.00,     1.02,     0.00,     0.00,     0.00,     0.00,     0.00,     0.00,     0.00,     5.71,  -999.99
cty,33115,OH: Morgan County,1987,09,PRCP,     0.61,     0.00,     0.00,     0.00,     0.00,     1.75,     0.00,    11.17,     0.05,     0.00,     0.00,     4.51,     3.30,     1.67,     0.00,     0.00,     1.68,     4.54,     0.98,     0.87,     0.00,     0.72,     2.19,     0.00,     0.00,     0.00,     0.00,     0.00,     0.00,    18.67,  -999.99
cty,33117,OH: Morrow County,1987,09,PRCP,     4.46,     0.00,     0.00,     0.00,     0.00,     0.00,     0.00,     0.00,     0.00,     0.00,     0.03,     5.69,     4.09,     0.00,     0.00,     1.70,     2.23,     3.98,     1.74,     0.00,     0.02,     2.41,     1.39,     0.00,     0.00,     0.00,     0.00,     0.00,     0.02,     6.50,  -999.99
cty,33119,OH: Muskingum County,1987,09,PRCP,     2.15,     0.00,     0.00,     0.00,     0.00,     0.69,     0.08,     6.54,     0.00,     0.00,     0.00,     6.35,     4.87,     0.09,     0.00,     0.00,     2.59,     5.35,     1.66,     0.55,     0.00,     1.93,     2.95,     0.00,     0.00,     0.00,     0.00,     0.00,     0.00,    19.79,  -999.99
cty,33121,OH: Noble County,1987,09,PRCP,     1.46,     0.00,     0.00,     0.00,     0.00,     2.09,     0.78,    14.72,     1.16,     0.00,     0.00,     4.09,     3.78,     1.17,     0.00,     0.00,     1.76,     4.85,     1.13,     1.16,     0.00,     0.79,     3.30,     0.00,     0.00,     0.00,     0.00,     0.00,     0.00,    18.59,  -999.99
cty,33123,OH: Ottawa County,1987,09,PRCP,     0.00,     0.87,     0.00,     0.00,     0.00,     0.00,     0.00,     0.00,     0.00,     0.00,     0.00,     4.12,     7.39,     0.00,     0.00,    15.51,     7.52,    15.28,     4.32,     0.00,     1.35,     2.04,     0.59,     0.00,     0.00,     0.00,     0.00,     0.00,     0.00,     7.03,  -999.99
cty,33125,OH: Paulding County,1987,09,PRCP,     0.00,     0.00,     0.00,     0.00,     0.00,     0.00,     0.00,     0.00,     0.17,     0.00,     4.49,     0.52,     2.64,     0.00,     0.00,     9.22,     4.37,     4.15,     1.35,     0.00,     0.00,     2.15,     0.00,     0.00,     0.00,     0.00,     0.00,     0.00,     2.00,     4.21,  -999.99
cty,33127,OH: Perry County,1987,09,PRCP,     1.03,     0.00,     0.00,     0.00,     0.00,     0.72,     0.00,     6.46,     0.01,     0.00,     0.02,     7.36,     4.34,     0.19,     0.00,     0.01,     2.65,     5.76,     1.71,     0.34,     0.00,     1.73,     1.98,     0.00,     0.00,     0.00,     0.00,     0.00,     0.02,    23.35,  -999.99
cty,33129,OH: Pickaway County,1987,09,PRCP,     2.56,     0.00,     0.00,     0.00,     0.00,     0.01,     0.00,     0.00,     0.00,     0.00,     0.01,     7.21,     2.74,     0.00,     0.00,     0.00,     2.83,     4.48,     1.85,     0.01,     0.00,     1.56,     0.60,     0.00,     0.00,     0.00,     0.00,     0.01,     0.01,    16.18,  -999.99
cty,33131,OH: Pike County,1987,09,PRCP,     0.00,     0.00,     0.00,     0.00,     0.00,     0.00,     0.00,     2.67,     0.00,     0.00,     0.00,     9.04,     3.14,     2.18,     0.00,     0.00,     3.92,     6.65,     2.26,     0.73,     0.00,     0.56,     0.10,     0.00,     0.00,     0.00,     0.00,     0.00,     0.00,    27.42,  -999.99
cty,33133,OH: Portage County,1987,09,PRCP,     6.29,     0.00,     1.25,     0.00,     0.00,     0.05,     1.49,     8.19,     1.05,     0.00,     0.00,    12.94,     6.36,     0.00,     0.00,     4.55,     4.53,    16.66,     5.79,     4.28,     0.00,     2.76,     2.68,     0.00,     0.00,     0.00,     0.00,     0.00,     0.00,    15.11,  -999.99
cty,33135,OH: Preble County,1987,09,PRCP,     0.77,     0.00,     0.00,     0.00,     0.00,     0.00,     0.00,     0.00,     1.45,     0.00,     0.00,     2.91,     1.52,     0.00,     0.00,     0.09,     2.70,     2.44,     1.10,     0.00,     0.00,     0.87,     0.00,     0.00,     0.00,     0.00,     0.00,     0.00,     0.00,     6.39,  -999.99
cty,33137,OH: Putnam County,1987,09,PRCP,     0.00,     0.00,     0.00,     0.00,     0.00,     0.00,     0.00,     0.00,     0.00,     0.00,     0.81,     1.38,     1.99,     0.00,     0.00,     5.98,     2.63,     3.31,     1.13,     0.00,     0.00,     1.08,     0.00,     0.00,     0.00,     0.00,     0.00,     0.00,     0.00,     2.85,  -999.99
cty,33139,OH: Richland County,1987,09,PRCP,     3.24,     0.00,     0.00,     0.00,     0.00,     0.00,     0.00,     0.00,     0.00,     0.00,     0.00,     4.76,     4.12,     0.00,     0.00,     1.90,     1.96,     4.21,     1.81,     0.00,     0.00,     1.97,     1.18,     0.00,     0.00,     0.00,     0.00,     0.00,     0.00,     4.85,  -999.99
cty,33141,OH: Ross County,1987,09,PRCP,     0.82,     0.00,     0.00,     0.00,     0.00,     0.00,     0.00,     0.40,     0.00,     0.00,     0.00,     7.66,     2.63,     0.86,     0.00,     0.00,     3.10,     5.11,     1.97,     0.19,     0.00,     0.92,     0.26,     0.00,     0.00,     0.00,     0.00,     0.00,     0.00,    20.78,  -999.99
cty,33143,OH: Sandusky County,1987,09,PRCP,     0.35,     0.10,     0.00,     0.00,     0.00,     0.00,     0.00,     0.00,     0.00,     0.00,     0.00,     4.10,     6.80,     0.00,     0.00,    12.71,     5.51,    12.48,     3.85,     0.00,     0.31,     2.07,     0.94,     0.00,     0.00,     0.00,     0.00,     0.00,     0.00,     6.06,  -999.99
cty,33145,OH: Scioto County,1987,09,PRCP,     0.00,     0.00,     0.00,     0.00,     0.00,     0.00,     0.18,     4.09,     0.00,     0.00,     0.00,     7.70,     2.73,     3.14,     0.00,     0.00,     2.47,     6.19,     1.61,     1.23,     0.00,     0.00,     0.00,     0.00,     0.00,     0.00,     0.00,     0.00,     0.00,    25.49,  -999.99
cty,33147,OH: Seneca County,1987,09,PRCP,     1.96,     0.00,     0.00,     0.00,     0.00,     0.00,     0.00,     0.00,     0.00,     0.00,     0.00,     3.92,     5.28,     0.00,     0.00,     8.08,     3.74,     8.62,     2.95,     0.00,     0.00,     1.91,     1.12,     0.00,     0.00,     0.00,     0.00,     0.00,     0.00,     4.95,  -999.99
cty,33149,OH: Shelby County,1987,09,PRCP,     1.27,     0.00,     0.00,     0.00,     0.00,     0.00,     0.00,     0.00,     0.00,     0.00,     0.00,     2.03,     1.47,     0.00,     0.00,     1.17,     1.51,     2.30,     0.89,     0.00,     0.00,     1.17,     0.00,     0.00,     0.00,     0.00,     0.00,     0.00,     0.00,     3.73,  -999.99
cty,33151,OH: Stark County,1987,09,PRCP,     4.61,     0.00,     0.21,     0.00,     0.00,     0.36,     1.07,     5.93,     0.37,     0.00,     0.00,     9.25,     5.69,     0.00,     0.00,     2.24,     3.36,    10.46,     3.73,     2.42,     0.00,     2.65,     2.46,     0.00,     0.00,     0.00,     0.00,     0.00,     0.00,    12.63,  -999.99
cty,33153,OH: Summit County,1987,09,PRCP,     5.59,     0.00,     0.89,     0.00,     0.00,     0.00,     0.09,     4.12,     0.00,     0.00,     0.00,    12.15,     7.05,     0.00,     0.00,     4.34,     4.06,    14.53,     4.60,     2.80,     0.00,     2.86,     2.82,     0.00,     0.00,     0.00,     0.00,     0.00,     0.00,    12.73,  -999.99
cty,33155,OH: Trumbull County,1987,09,PRCP,     6.05,     0.00,     1.49,     0.00,     0.00,     0.55,     1.77,    14.24,     2.86,     0.00,     0.00,    11.77,     5.60,     0.00,     0.00,     5.07,     5.09,    16.57,     6.51,     5.43,     0.00,     2.09,     2.49,     0.00,     0.00,     0.00,     0.00,     0.00,     0.00,    17.04,  -999.99
cty,33157,OH: Tuscarawas County,1987,09,PRCP,     3.94,     0.00,     0.00,     0.00,     0.01,     0.81,     1.11,     7.93,     0.23,     0.00,     0.02,     8.97,     6.81,     0.00,     0.02,     0.09,     3.63,     8.55,     3.21,     1.73,     0.01,     3.07,     3.40,     0.00,     0.00,     0.00,     0.00,     0.00,     0.06,    17.01,  -999.99
cty,33159,OH: Union County,1987,09,PRCP,     3.33,     0.00,     0.00,     0.00,     0.00,     0.00,     0.00,     0.00,     0.00,     0.00,     0.03,     3.51,     1.87,     0.00,     0.00,     1.32,     1.89,     3.18,     1.45,     0.00,     0.00,     1.64,     0.55,     0.00,     0.00,     0.00,     0.00,     0.00,     0.00,     5.01,  -999.99
cty,33161,OH: Van Wert County,1987,09,PRCP,     0.00,     0.00,     0.00,     0.00,     0.00,     0.00,     0.00,     0.00,     0.00,     0.00,     1.52,     0.90,     1.60,     0.00,     0.00,     4.22,     2.12,     2.39,     0.85,     0.00,     0.00,     1.47,     0.00,     0.00,     0.00,     0.00,     0.00,     0.00,     0.43,     3.07,  -999.99
cty,33163,OH: Vinton County,1987,09,PRCP,     0.00,     0.00,     0.00,     0.00,     0.00,     1.11,     0.00,     6.93,     0.00,     0.00,     0.00,     5.33,     2.01,     2.41,     0.00,     0.00,     1.30,     4.72,     0.86,     0.68,     0.00,     0.15,     0.41,     0.00,     0.00,     0.00,     0.00,     0.00,     0.00,    17.49,  -999.99
cty,33165,OH: Warren County,1987,09,PRCP,     0.56,     0.00,     0.00,     0.00,     0.00,     0.00,     0.00,     0.00,     0.00,     0.00,     0.00,     6.41,     3.24,     0.00,     0.00,     0.00,     6.22,     3.18,     1.85,     0.00,     0.00,     1.30,     0.00,     0.00,     0.00,     0.00,     0.00,     0.00,     0.00,    10.76,  -999.99
cty,33167,OH: Washington County,1987,09,PRCP,     1.08,     0.00,     0.00,     0.00,     0.00,     3.09,     1.09,    18.55,     1.33,     0.00,     0.00,     3.48,     3.07,     2.78,     0.00,     0.00,     1.00,     4.56,     0.20,     1.35,     0.00,     0.02,     1.92,     0.00,     0.00,     0.00,     0.00,     0.00,     0.00,    17.41,  -999.99
cty,33169,OH: Wayne County,1987,09,PRCP,     5.44,     0.00,     0.00,     0.00,     0.00,     0.02,     0.00,     1.30,     0.00,     0.00,     0.03,    10.30,     7.80,     0.00,     0.02,     2.93,     3.69,    10.03,     3.61,     0.76,     0.00,     3.53,     2.59,     0.00,     0.00,     0.00,     0.00,     0.00,     0.04,    11.47,  -999.99
cty,33171,OH: Williams County,1987,09,PRCP,     0.00,     0.17,     0.00,     0.00,     0.00,     0.00,     0.00,     0.00,     2.14,     0.00,     9.82,     0.00,     4.38,     0.00,     2.02,    12.57,     7.83,     6.40,     1.92,     0.00,     1.21,     2.32,     0.00,     0.00,     0.00,     0.00,     0.00,     0.00,     5.36,     5.42,  -999.99
cty,33173,OH: Wood County,1987,09,PRCP,     0.00,     0.06,     0.00,     0.00,     0.00,     0.00,     0.00,     0.00,     0.00,     0.00,     0.25,     2.48,     4.41,     0.00,     0.00,    12.63,     5.48,     8.78,     2.81,     0.00,     0.92,     1.31,     0.00,     0.00,     0.00,     0.00,     0.00,     0.03,     0.30,     4.68,  -999.99
cty,33175,OH: Wyandot County,1987,09,PRCP,     2.84,     0.00,     0.00,     0.00,     0.00,     0.00,     0.00,     0.00,     0.00,     0.00,     0.00,     3.59,     3.50,     0.00,     0.00,     5.11,     3.02,     6.08,     2.32,     0.00,     0.11,     1.88,     0.92,     0.00,     0.00,     0.00,     0.00,     0.00,     0.00,     4.49,  -999.99
cty,34001,OK: Adair County,1987,09,PRCP,     0.00,     0.00,     0.00,     0.00,     0.00,     0.00,     0.25,     1.95,     0.00,    15.02,     0.00,     0.00,    13.88,     0.00,     3.10,    46.97,     0.00,     0.77,    12.36,     0.00,     0.32,     0.00,     0.00,     0.00,     0.00,     0.00,     0.00,     4.66,    27.73,     0.00,  -999.99
cty,34003,OK: Alfalfa County,1987,09,PRCP,     0.00,     0.00,     0.00,     0.00,     0.00,     0.08,     5.12,     0.05,     0.00,    22.33,     0.00,    18.84,     0.53,     0.05,     0.00,     0.00,     0.00,    35.15,     0.00,     0.03,     3.54,     0.00,     0.00,     0.00,     0.00,     0.00,     0.00,    71.73,     0.00,     0.00,  -999.99
cty,34005,OK: Atoka County,1987,09,PRCP,     0.00,     0.00,     0.00,     0.00,     0.00,     0.01,     0.08,     1.12,     0.00,    14.33,     0.01,     0.00,     0.93,     0.63,    53.12,    11.27,     0.00,    10.62,    11.99,     0.00,     0.01,     0.06,     0.00,     0.00,     0.00,     0.00,     0.00,     2.64,     7.81,     0.01,  -999.99
cty,34007,OK: Beaver County,1987,09,PRCP,     0.00,     0.00,     0.00,     0.00,     0.69,     9.61,     3.47,     3.19,     0.00,     0.15,    17.09,    25.73,     0.00,     0.00,     0.03,     0.15,     0.09,    30.49,     0.00,     0.00,     3.16,     0.00,     0.00,     0.00,     0.00,     0.00,     0.67,     7.32,     0.00,     0.00,  -999.99
cty,34009,OK: Beckham County,1987,09,PRCP,     0.00,     0.00,     0.00,     0.00,     0.00,     5.09,     4.45,     0.01,     0.00,     0.43,     4.45,    21.68,     0.00,     0.01,     5.76,     0.00,     0.01,    14.84,     0.03,     0.04,    29.83,     0.00,     0.00,     0.00,     0.00,     0.00,     0.01,     9.32,     0.01,     0.00,  -999.99
cty,34011,OK: Blaine County,1987,09,PRCP,     0.00,     0.00,     0.00,     0.00,     0.00,     0.01,     4.14,     0.00,     0.00,    16.74,     0.00,    15.27,     0.02,     0.00,     0.00,     0.00,     0.00,    32.22,     0.69,     0.00,    16.53,     0.00,     0.00,     0.00,     0.00,     0.00,     0.00,    33.28,     0.00,     0.00,  -999.99
cty,34013,OK: Bryan County,1987,09,PRCP,     0.00,     0.00,     0.00,     0.00,     0.00,     0.00,     0.14,     1.86,     0.00,    16.12,     2.26,     0.15,     4.82,     9.61,    66.56,     9.42,     0.00,    13.74,    11.08,     0.00,     0.00,     0.00,     0.00,     0.00,     0.00,     0.00,     0.00,     0.42,     6.80,     0.00,  -999.99
cty,34015,OK: Caddo County,1987,09,PRCP,     0.00,     0.00,     0.00,     0.00,     0.00,     0.00,     2.92,     0.00,     0.00,    12.36,     0.00,    16.98,     0.00,     0.00,     0.00,     0.06,     0.00,    31.10,     0.04,     0.00,    24.17,     0.00,     0.00,     0.00,     0.00,     0.00,     0.00,    21.30,     2.81,     0.00,  -999.99
cty,34017,OK: Canadian County,1987,09,PRCP,     0.00,     0.00,     0.00,     0.00,     0.00,     0.00,     3.75,     0.00,     0.00,    20.55,     0.00,    12.27,     0.86,     0.00,     0.00,     0.94,     0.00,    30.02,     1.66,     0.00,    14.43,     0.00,     0.00,     0.00,     0.00,     0.00,     0.00,    23.10,     1.97,     0.00,  -999.99
cty,34019,OK: Carter County,1987,09,PRCP,     0.00,     0.00,     0.00,     0.00,     0.00,     0.00,     3.13,     0.00,     0.00,    22.99,     0.00,     5.12,     3.67,     0.00,    40.09,     4.95,     0.00,    26.81,     1.06,     0.00,     0.80,     0.00,     0.00,     0.00,     0.00,     0.00,     0.00,     4.87,    11.99,     0.00,  -999.99
cty,34021,OK: Cherokee County,1987,09,PRCP,     0.00,     0.00,     0.00,     0.00,     0.00,     0.00,     0.70,     1.84,     0.00,    15.72,     0.00,     0.00,    13.14,     0.00,     5.17,    36.94,     0.00,     4.33,    12.46,     0.00,     1.70,     0.00,     0.00,     0.00,     0.00,     0.00,     0.00,     8.05,    23.30,     0.00,  -999.99
cty,34023,OK: Choctaw County,1987,09,PRCP,     0.00,     0.00,     0.00,     0.00,     0.00,     0.00,     0.01,     0.02,     0.01,     6.84,     1.21,     0.03,     3.27,     5.20,    42.01,    10.40,     0.00,     7.10,    17.57,     0.00,     0.00,     0.00,     0.00,     0.00,     0.00,     0.00,     0.00,     0.07,     5.36,     0.00,  -999.99
cty,34025,OK: Cimarron County,1987,09,PRCP,     0.00,     0.00,     0.00,     0.00,     0.24,     9.33,     3.58,    13.08,     0.00,     0.00,     7.94,    14.51,     0.00,     0.00,     0.00,     0.00,     0.11,    18.08,     0.00,     0.13,     6.45,     0.00,     0.00,     0.00,     0.00,     0.00,     0.04,     0.19,     0.00,     0.00,  -999.99
cty,34027,OK: Cleveland County,1987,09,PRCP,     0.00,     0.00,     0.00,     0.00,     0.00,     0.00,     6.91,     0.00,     0.14,    27.07,     0.00,     7.13,     1.49,     0.00,     8.77,     5.53,     0.00,    36.82,     4.05,     0.00,     6.34,     0.00,     0.00,     0.00,     0.00,     0.00,     0.56,    18.66,     6.49,     0.00,  -999.99
cty,34029,OK: Coal County,1987,09,PRCP,     0.00,     0.00,     0.00,     0.00,     0.00,     0.00,     2.92,     1.63,     0.00,    18.74,     0.00,     0.00,     0.00,     0.00,    53.22,    11.52,     0.00,    15.19,     9.32,     0.00,     0.53,     0.01,     0.00,     0.00,     0.00,     0.00,     0.00,     5.33,     9.35,     0.02,  -999.99
cty,34031,OK: Comanche County,1987,09,PRCP,     0.00,     0.00,     0.00,     0.00,     0.00,     0.02,     2.72,     0.00,     0.16,     7.83,     0.02,    18.00,     0.00,     0.00,     0.92,     0.02,     0.04,    32.64,     0.00,     0.03,    17.42,     0.00,     0.00,     0.00,     0.00,     0.00,     0.02,    17.65,     5.38,     0.00,  -999.99
cty,34033,OK: Cotton County,1987,09,PRCP,     0.00,     0.00,     0.00,     0.00,     0.00,     0.00,     2.46,     0.00,     0.02,     6.76,     0.00,    16.94,     0.00,     0.00,     5.87,     0.00,     0.00,    24.58,     0.00,     0.01,     7.75,     0.00,     0.00,     0.00,     0.00,     0.00,     0.00,    12.58,     7.42,     0.00,  -999.99
cty,34035,OK: Craig County,1987,09,PRCP,     0.00,     0.00,     0.00,     0.00,     0.00,     0.00,     3.78,     3.43,     0.00,    10.97,     0.00,     0.00,     1.59,     0.00,     2.81,    22.12,     0.00,     2.81,     6.10,     0.00,     0.00,     0.00,     0.00,     0.00,     0.00,     0.00,     0.00,    20.85,    16.33,     0.00,  -999.99
cty,34037,OK: Creek County,1987,09,PRCP,     0.00,     0.00,     0.00,     0.00,     0.00,     0.02,     7.10,     0.00,     0.02,    16.65,     0.00,     0.04,     6.98,     0.02,     3.28,    16.08,     0.02,    18.24,     6.94,     0.02,     4.49,     0.00,     0.00,     0.00,     0.00,     0.00,     0.20,    33.40,     3.24,     0.00,  -999.99
cty,34039,OK: Custer County,1987,09,PRCP,     0.00,     0.00,     0.00,     0.00,     0.00,     1.11,     4.05,     0.00,     0.02,     5.57,     0.04,    18.83,     0.00,     0.00,     1.31,     0.00,     0.00,    22.18,     0.19,     0.00,    27.40,     0.00,     0.00,     0.00,     0.00,     0.00,     0.01,    20.83,     0.02,     0.00,  -999.99
cty,34041,OK: Delaware County,1987,09,PRCP,     0.00,     0.00,     0.00,     0.00,     0.00,     0.00,     2.02,     2.47,     0.00,    12.08,     0.00,     0.03,     7.53,     0.00,     2.28,    29.02,     0.00,     1.58,     8.02,     0.01,     0.08,     0.00,     0.00,     0.00,     0.00,     0.00,     0.00,     8.12,    22.44,     0.00,  -999.99
cty,34043,OK: Dewey County,1987,09,PRCP,     0.00,     0.00,     0.00,     0.00,     0.00,     1.73,     4.91,     0.00,     0.00,     6.83,     0.30,    20.30,     0.01,     0.00,     0.90,     0.00,     0.00,    26.99,     0.03,     0.00,    18.95,     0.00,     0.00,     0.00,     0.00,     0.00,     0.00,    25.08,     0.00,     0.00,  -999.99
cty,34045,OK: Ellis County,1987,09,PRCP,     0.00,     0.00,     0.00,     0.00,     0.00,     6.44,     5.56,     0.01,     0.00,     0.25,     6.19,    26.32,     0.00,     0.00,     1.09,     0.00,     0.00,    26.61,     0.00,     0.00,    11.68,     0.00,     0.00,     0.00,     0.00,     0.00,     0.00,    16.43,     0.00,     0.00,  -999.99
cty,34047,OK: Garfield County,1987,09,PRCP,     0.00,     0.00,     0.00,     0.00,     0.00,     0.00,     4.61,     0.30,     0.10,    26.32,     0.00,    10.12,     6.31,     0.00,     0.00,     0.00,     0.00,    29.28,     2.02,     0.00,     6.34,     0.00,     0.00,     0.00,     0.00,     0.00,     1.21,    65.82,     0.00,     0.00,  -999.99
cty,34049,OK: Garvin County,1987,09,PRCP,     0.00,     0.00,     0.00,     0.00,     0.00,     0.00,     5.15,     0.00,     0.14,    26.17,     0.05,     6.86,     0.41,     0.07,    21.13,     4.12,     0.13,    36.67,     3.07,     0.00,     3.03,     0.00,     0.00,     0.00,     0.00,     0.01,     0.00,    10.64,    11.06,     0.00,  -999.99
cty,34051,OK: Grady County,1987,09,PRCP,     0.00,     0.00,     0.00,     0.00,     0.00,     0.01,     4.27,     0.00,     0.13,    22.40,     0.05,    13.59,     0.01,     0.22,     2.30,     0.33,     0.12,    40.16,     0.74,     0.00,    12.25,     0.00,     0.00,     0.00,     0.00,     0.01,     0.01,    17.90,     7.32,     0.00,  -999.99
cty,34053,OK: Grant County,1987,09,PRCP,     0.00,     0.00,     0.00,     0.00,     0.00,     0.07,     4.12,     0.02,     0.37,    27.77,     0.01,    13.31,     6.52,     0.02,     0.01,     0.00,     0.01,    26.09,     0.66,     0.00,     1.49,     0.00,     0.00,     0.00,     0.00,     0.00,     0.72,    96.95,     0.00,     0.00,  -999.99
cty,34055,OK: Greer County,1987,09,PRCP,     0.00,     0.00,     0.00,     0.00,     0.00,     3.73,     4.48,     0.00,     0.00,     0.06,     1.89,    22.60,     0.00,     0.00,     5.64,     0.00,     0.00,    14.08,     0.00,     0.00,    30.00,     0.00,     0.00,     0.00,     0.00,     0.00,     0.00,    10.87,     0.02,     0.00,  -999.99
cty,34057,OK: Harmon County,1987,09,PRCP,     0.00,     0.00,     0.00,     0.00,     0.00,     5.22,     3.20,     0.00,     0.00,     0.00,     2.26,    18.93,     0.11,     0.00,     5.96,     0.00,     0.06,     8.20,     0.00,     0.00,    20.17,     0.02,     0.00,     0.00,     0.00,     0.00,     0.00,     5.53,     0.00,     0.00,  -999.99
cty,34059,OK: Harper County,1987,09,PRCP,     0.00,     0.00,     0.00,     0.00,     0.61,     7.72,     7.00,     0.06,     0.05,     4.05,    12.34,    26.53,     0.00,     0.00,     0.00,     0.04,     0.00,    35.15,     0.00,     0.04,     4.05,     0.00,     0.00,     0.00,     0.00,     0.00,     0.00,    27.45,     0.00,     0.00,  -999.99
cty,34061,OK: Haskell County,1987,09,PRCP,     0.00,     0.00,     0.00,     0.00,     0.00,     0.00,     0.16,     1.03,     0.00,    16.08,     0.00,     0.01,     4.05,     0.00,    14.97,    26.04,     0.00,     5.79,    15.61,     0.00,     0.15,     0.00,     0.00,     0.00,     0.00,     0.00,     0.01,     6.56,    12.19,     0.00,  -999.99
cty,34063,OK: Hughes County,1987,09,PRCP,     0.00,     0.02,     0.00,     0.00,     0.00,     0.00,     4.49,     1.77,     0.00,    17.31,     0.00,     0.05,     0.00,     0.03,    33.57,    13.83,     0.00,    15.50,     9.58,     0.00,     1.62,     0.01,     0.00,     0.00,     0.00,     0.00,     0.00,    10.84,     8.16,     0.00,  -999.99
cty,34065,OK: Jackson County,1987,09,PRCP,     0.00,     0.00,     0.00,     0.00,     0.00,     1.79,     3.54,     0.00,     0.00,     0.15,     0.00,    21.38,     0.18,     0.00,     3.16,     0.00,     0.00,    14.16,     0.00,     0.00,    23.27,     0.00,     0.00,     0.00,     0.00,     0.00,     0.00,    12.00,     0.04,     0.00,  -999.99
cty,34067,OK: Jefferson County,1987,09,PRCP,     0.00,     0.00,     0.00,     0.00,     0.00,     0.00,     2.12,     0.00,     0.00,    11.96,     0.00,     9.23,     2.92,     0.00,    20.70,     1.88,     0.00,    18.62,     0.00,     0.00,     0.97,     0.00,     0.00,     0.00,     0.00,     0.00,     0.00,     5.96,     9.56,     0.00,  -999.99
cty,34069,OK: Johnston County,1987,09,PRCP,     0.00,     0.00,     0.00,     0.00,     0.00,     0.00,     2.57,     1.37,     0.00,    24.09,     0.00,     0.17,     1.96,     0.76,    58.35,     9.06,     0.00,    22.54,     5.34,     0.00,     0.43,     0.00,     0.00,     0.00,     0.00,     0.00,     0.00,     4.35,    10.01,     0.00,  -999.99
cty,34071,OK: Kay County,1987,09,PRCP,     0.00,     0.00,     0.00,     0.00,     0.00,     0.00,     4.47,     0.09,     0.00,    16.83,     0.00,     1.59,     6.36,     0.00,     0.00,     2.75,     0.00,    12.90,     1.50,     0.21,     1.23,     0.00,     0.00,     0.00,     0.00,     0.00,     0.00,    79.81,     0.04,     0.00,  -999.99
cty,34073,OK: Kingfisher County,1987,09,PRCP,     0.00,     0.00,     0.00,     0.00,     0.00,     0.00,     4.20,     0.25,     0.02,    23.65,     0.00,    10.83,     3.04,     0.00,     0.01,     0.04,     0.00,    31.13,     1.92,     0.00,    11.01,     0.00,     0.00,     0.00,     0.00,     0.00,     0.59,    38.56,     0.10,     0.00,  -999.99
cty,34075,OK: Kiowa County,1987,09,PRCP,     0.00,     0.00,     0.00,     0.00,     0.00,     0.40,     3.15,     0.00,     0.04,     3.32,     0.00,    18.07,     0.00,     0.00,     1.34,     0.03,     0.00,    19.87,     0.00,     0.00,    27.60,     0.00,     0.00,     0.00,     0.00,     0.00,     0.00,    16.24,     0.88,     0.00,  -999.99
cty,34077,OK: Latimer County,1987,09,PRCP,     0.00,     0.00,     0.00,     0.00,     0.00,     0.00,     0.00,     0.69,     0.00,    18.97,     0.05,     0.00,     3.01,     0.00,    30.64,    26.99,     0.00,     7.41,    22.52,     0.00,     0.03,     0.28,     0.00,     0.00,     0.00,     0.00,     0.00,     5.74,    11.63,     0.00,  -999.99
cty,34079,OK: Le Flore County,1987,09,PRCP,     0.58,     0.00,     0.00,     0.00,     0.00,     0.00,     0.00,     0.26,     0.01,    15.65,     0.07,     0.00,     3.13,     0.01,     8.93,    31.82,     0.00,     0.62,    18.67,     0.00,     0.00,     0.00,     0.00,     0.00,     0.00,     0.00,     0.00,     3.65,    11.13,     0.00,  -999.99
cty,34081,OK: Lincoln County,1987,09,PRCP,     0.00,     0.00,     0.00,     0.00,     0.00,     0.02,     8.49,     0.28,     0.08,    21.50,     0.00,     0.99,     5.58,     0.21,     3.60,    10.06,     0.06,    26.05,     5.26,     0.04,     6.38,     0.00,     0.00,     0.00,     0.00,     0.00,     5.51,    31.50,     2.26,     0.00,  -999.99
cty,34083,OK: Logan County,1987,09,PRCP,     0.00,     0.00,     0.00,     0.00,     0.00,     0.00,     6.71,     0.15,     0.10,    27.29,     0.00,     6.73,     6.89,     0.00,     0.03,     3.72,     0.00,    31.60,     3.23,     0.00,     9.91,     0.00,     0.00,     0.00,     0.00,     0.00,     4.44,    43.95,     0.27,     0.00,  -999.99
cty,34085,OK: Love County,1987,09,PRCP,     0.00,     0.00,     0.00,     0.00,     0.00,     0.00,     1.64,     0.00,     0.00,    25.56,     0.00,     4.83,     7.71,     0.00,    59.31,     7.09,     0.14,    21.61,     0.05,     0.00,     0.00,     0.00,     0.00,     0.00,     0.00,     0.00,     0.00,     0.61,    12.21,     0.00,  -999.99
cty,34087,OK: McClain County,1987,09,PRCP,     0.00,     0.00,     0.00,     0.00,     0.00,     0.01,     5.85,     0.00,     0.00,    27.02,     0.00,     8.84,     0.09,     0.00,     9.09,     4.11,     0.00,    39.86,     3.48,     0.00,     6.49,     0.00,     0.00,     0.00,     0.00,     0.00,     0.11,    16.37,     8.28,     0.00,  -999.99
cty,34089,OK: McCurtain County,1987,09,PRCP,     0.82,     0.00,     0.00,     0.00,     0.00,     0.00,     0.00,     0.96,     0.12,     4.92,     0.02,     0.13,     3.13,     0.35,    18.33,    28.17,     0.00,     2.21,    25.10,     0.00,     0.00,     0.00,     0.00,     0.00,     0.00,     0.00,     0.00,     0.13,     7.59,     0.00,  -999.99
cty,34091,OK: McIntosh County,1987,09,PRCP,     0.00,     0.00,     0.00,     0.00,     0.00,     0.00,     2.12,     1.47,     0.00,    12.75,     0.00,     0.00,     2.52,     0.00,    17.89,    17.25,     0.00,     8.35,    10.91,     0.00,     0.88,     0.00,     0.00,     0.00,     0.00,     0.00,     0.00,     9.95,     8.42,     0.00,  -999.99
cty,34093,OK: Major County,1987,09,PRCP,     0.00,     0.00,     0.00,     0.00,     0.00,     0.51,     5.00,     0.00,     0.00,    16.96,     0.01,    16.76,     0.31,     0.00,     0.00,     0.00,     0.00,    34.70,     0.10,     0.00,     9.53,     0.00,     0.00,     0.00,     0.00,     0.00,     0.00,    45.13,     0.00,     0.00,  -999.99
cty,34095,OK: Marshall County,1987,09,PRCP,     0.00,     0.00,     0.00,     0.00,     0.00,     0.00,     0.37,     1.48,     0.00,    26.45,     0.00,     0.13,     5.59,     7.54,    69.22,     8.82,     0.00,    21.79,     4.77,     0.00,     0.00,     0.00,     0.00,     0.00,     0.00,     0.00,     0.00,     1.36,    10.17,     0.00,  -999.99
cty,34097,OK: Mayes County,1987,09,PRCP,     0.00,     0.00,     0.00,     0.00,     0.00,     0.00,     2.24,     1.98,     0.00,    12.38,     0.00,     0.00,     6.34,     0.00,     3.25,    22.20,     0.00,     4.24,     7.94,     0.00,     0.88,     0.00,     0.00,     0.00,     0.00,     0.00,     0.00,    14.79,    15.87,     0.00,  -999.99
cty,34099,OK: Murray County,1987,09,PRCP,     0.00,     0.00,     0.00,     0.00,     0.00,     0.00,     4.54,     0.00,     0.00,    26.39,     0.00,     4.84,     2.84,     0.00,    41.23,     5.80,     0.00,    31.02,     3.74,     0.00,     1.40,     0.00,     0.00,     0.00,     0.00,     0.00,     0.00,     6.38,    11.81,     0.00,  -999.99
cty,34101,OK: Muskogee County,1987,09,PRCP,     0.00,     0.00,     0.00,     0.00,     0.00,     0.00,     1.32,     1.37,     0.01,    13.57,     0.03,     0.02,     5.45,     0.01,    10.14,    22.18,     0.01,     6.54,    11.21,     0.00,     1.03,     0.01,     0.00,     0.00,     0.00,     0.00,     0.00,     9.40,    11.39,     0.00,  -999.99
cty,34103,OK: Noble County,1987,09,PRCP,     0.00,     0.00,     0.00,     0.00,     0.00,     0.00,     5.84,     0.09,     0.35,    21.75,     0.00,     2.24,     9.68,     0.00,     0.00,     3.19,     0.00,    20.90,     2.59,     0.00,     5.73,     0.00,     0.00,     0.00,     0.00,     0.00,     0.51,    64.12,     0.00,     0.00,  -999.99
cty,34105,OK: Nowata County,1987,09,PRCP,     0.00,     0.00,     0.00,     0.00,     0.00,     0.00,     5.56,     3.66,     0.00,    12.27,     0.00,     0.00,     1.89,     0.00,     3.03,    21.96,     0.00,     4.71,     5.60,     0.04,     0.11,     0.00,     0.00,     0.00,     0.00,     0.00,     0.00,    37.15,    10.24,     0.00,  -999.99
cty,34107,OK: Okfuskee County,1987,09,PRCP,     0.00,     0.00,     0.00,     0.00,     0.00,     0.00,     5.09,     0.86,     0.00,    14.73,     0.00,     0.00,     1.94,     0.00,    11.90,    13.58,     0.00,    16.30,     7.69,     0.00,     2.83,     0.01,     0.00,     0.00,     0.00,     0.00,     0.30,    17.37,     4.37,     0.00,  -999.99
cty,34109,OK: Oklahoma County,1987,09,PRCP,     0.00,     0.00,     0.00,     0.00,     0.00,     0.00,     6.94,     0.00,     0.31,    26.03,     0.00,     7.08,     4.00,     0.09,     1.42,     5.12,     0.00,    32.65,     3.49,     0.00,     8.89,     0.00,     0.00,     0.00,     0.00,     0.00,     3.46,    26.37,     3.20,     0.00,  -999.99
cty,34111,OK: Okmulgee County,1987,09,PRCP,     0.00,     0.00,     0.00,     0.00,     0.00,     0.00,     3.20,     0.94,     0.00,    11.51,     0.00,     0.01,     3.31,     0.00,     8.61,    14.37,     0.00,    10.11,     7.52,     0.00,     1.65,     0.00,     0.00,     0.00,     0.00,     0.00,     0.09,    14.40,     4.90,     0.00,  -999.99
cty,34113,OK: Osage County,1987,09,PRCP,     0.00,     0.00,     0.00,     0.00,     0.00,     0.00,     7.72,     1.83,     0.10,    14.92,     0.00,     0.04,     7.13,     0.00,     0.33,    16.90,     0.00,    12.51,     4.51,     0.03,     2.44,     0.00,     0.00,     0.00,     0.00,     0.00,     0.05,    67.38,     1.75,     0.00,  -999.99
cty,34115,OK: Ottawa County,1987,09,PRCP,     0.00,     0.00,     0.00,     0.00,     0.00,     0.01,     3.82,     5.08,     0.00,    12.19,     0.00,     0.00,     1.31,     0.01,     3.57,    30.01,     0.02,     0.15,     7.90,     0.00,     0.00,     0.00,     0.00,     0.00,     0.00,     0.00,     0.00,    14.86,    29.37,     0.00,  -999.99
cty,34117,OK: Pawnee County,1987,09,PRCP,     0.00,     0.00,     0.00,     0.00,     0.00,     0.00,     9.00,     0.05,     0.00,    20.50,     0.00,     0.00,    10.85,     0.00,     0.00,    13.38,     0.00,    20.79,     4.94,     0.00,     5.43,     0.00,     0.00,     0.00,     0.00,     0.00,     0.04,    69.20,     0.61,     0.00,  -999.99
cty,34119,OK: Payne County,1987,09,PRCP,     0.00,     0.00,     0.00,     0.00,     0.00,     0.00,     7.90,     0.00,     0.09,    21.89,     0.00,     0.96,     9.18,     0.00,     0.00,     8.75,     0.00,    24.10,     4.18,     0.03,     7.17,     0.00,     0.00,     0.00,     0.00,     0.00,     3.18,    50.46,     0.03,     0.00,  -999.99
cty,34121,OK: Pittsburg County,1987,09,PRCP,     0.00,     0.07,     0.00,     0.00,     0.00,     0.00,     1.76,     1.88,     0.00,    16.85,     0.00,     0.02,     1.00,     0.00,    42.27,    18.47,     0.00,     9.95,    16.10,     0.00,     0.44,     0.27,     0.00,     0.00,     0.00,     0.00,     0.01,     7.65,    10.32,     0.00,  -999.99
cty,34123,OK: Pontotoc County,1987,09,PRCP,     0.00,     0.00,     0.00,     0.00,     0.00,     0.00,     5.49,     0.00,     0.00,    25.21,     0.00,     1.20,     0.05,     0.12,    43.37,     9.59,     0.00,    26.71,     6.49,     0.00,     1.55,     0.00,     0.00,     0.00,     0.00,     0.00,     0.00,     9.29,    10.41,     0.00,  -999.99
cty,34125,OK: Pottawatomie County,1987,09,PRCP,     0.00,     0.00,     0.00,     0.00,     0.00,     0.00,     7.05,     0.09,     0.06,    22.07,     0.00,     2.92,     1.44,     0.03,    13.58,     7.69,     0.02,    27.93,     4.89,     0.01,     3.90,     0.00,     0.00,     0.00,     0.00,     0.00,     2.13,    15.88,     5.60,     0.00,  -999.99
cty,34127,OK: Pushmataha County,1987,09,PRCP,     0.00,     0.00,     0.00,     0.00,     0.00,     0.00,     0.01,     0.04,     0.00,    12.27,     0.09,     0.01,     2.99,     0.11,    39.73,    20.79,     0.00,     7.53,    23.22,     0.00,     0.00,     0.19,     0.00,     0.00,     0.00,     0.00,     0.00,     1.78,     9.11,     0.00,  -999.99
cty,34129,OK: Roger Mills County,1987,09,PRCP,     0.00,     0.00,     0.00,     0.00,     0.01,     5.28,     4.54,     0.00,     0.00,     0.45,     4.24,    22.73,     0.00,     0.01,     3.14,     0.00,     0.01,    18.99,     0.16,     0.01,    22.93,     0.00,     0.00,     0.00,     0.00,     0.00,     0.01,    11.16,     0.00,     0.00,  -999.99
cty,34131,OK: Rogers County,1987,09,PRCP,     0.00,     0.00,     0.00,     0.00,     0.00,     0.00,     3.90,     2.33,     0.00,    13.61,     0.00,     0.00,     4.99,     0.00,     3.52,    19.89,     0.00,     6.95,     7.55,     0.00,     1.30,     0.00,     0.00,     0.00,     0.00,     0.00,     0.00,    29.20,    10.98,     0.00,  -999.99
cty,34133,OK: Seminole County,1987,09,PRCP,     0.00,     0.00,     0.00,     0.00,     0.00,     0.00,     6.01,     0.92,     0.00,    19.03,     0.00,     0.00,     0.48,     0.00,    19.32,    10.24,     0.00,    22.02,     6.35,     0.00,     2.78,     0.01,     0.00,     0.00,     0.00,     0.00,     0.30,    14.28,     5.96,     0.00,  -999.99
cty,34135,OK: Sequoyah County,1987,09,PRCP,     0.00,     0.00,     0.00,     0.00,     0.00,     0.00,     0.00,     1.11,     0.00,    11.92,     0.00,     0.00,     7.80,     0.00,     5.21,    37.10,     0.00,     1.34,    13.17,     0.00,     0.23,     0.00,     0.00,     0.00,     0.00,     0.00,     0.00,     4.07,    19.51,     0.00,  -999.99
cty,34137,OK: Stephens County,1987,09,PRCP,     0.00,     0.00,     0.00,     0.00,     0.00,     0.00,     3.20,     0.00,     0.00,    16.53,     0.00,    11.15,     0.10,     0.14,    10.96,     0.57,     0.00,    33.04,     0.04,     0.00,     4.39,     0.00,     0.00,     0.00,     0.00,     0.00,     0.02,    10.61,    10.51,     0.00,  -999.99
cty,34139,OK: Texas County,1987,09,PRCP,     0.00,     0.00,     0.00,     0.00,     1.58,     9.68,     0.54,    12.60,     0.00,     0.00,    12.13,    27.56,     0.04,     0.00,     0.01,     0.01,     0.00,    26.83,     0.09,     0.00,     4.38,     0.00,     0.00,     0.00,     0.00,     0.00,     0.00,     0.00,     0.00,     0.00,  -999.99
cty,34141,OK: Tillman County,1987,09,PRCP,     0.00,     0.00,     0.00,     0.00,     0.00,     0.00,     3.46,     0.00,     0.00,     2.40,     0.00,    24.49,     0.05,     0.00,     2.67,     0.00,     0.00,    24.39,     0.02,     0.00,    21.32,     0.00,     0.00,     0.00,     0.00,     0.00,     0.02,    16.95,     4.38,     0.00,  -999.99
cty,34143,OK: Tulsa County,1987,09,PRCP,     0.00,     0.00,     0.00,     0.00,     0.00,     0.00,     5.28,     1.37,     0.00,    14.83,     0.00,     0.08,     6.65,     0.00,     3.82,    19.16,     0.00,    11.80,     7.69,     0.04,     2.45,     0.00,     0.00,     0.00,     0.00,     0.00,     0.00,    30.53,     5.94,     0.00,  -999.99
cty,34145,OK: Wagoner County,1987,09,PRCP,     0.00,     0.00,     0.00,     0.00,     0.00,     0.00,     2.35,     1.41,     0.00,    13.20,     0.00,     0.05,     5.98,     0.00,     5.88,    20.02,     0.00,     7.12,     8.91,     0.00,     1.35,     0.00,     0.00,     0.00,     0.00,     0.00,     0.00,    14.98,    10.48,     0.00,  -999.99
cty,34147,OK: Washington County,1987,09,PRCP,     0.00,     0.00,     0.00,     0.00,     0.00,     0.02,     5.82,     3.15,     0.00,    11.35,     0.00,     0.00,     3.27,     0.00,     2.36,    19.14,     0.04,     6.55,     4.81,     0.00,     0.90,     0.00,     0.00,     0.00,     0.00,     0.00,     0.00,    43.72,     5.66,     0.00,  -999.99
cty,34149,OK: Washita County,1987,09,PRCP,     0.00,     0.00,     0.00,     0.00,     0.00,     0.95,     3.88,     0.00,     0.00,     4.77,     0.02,    19.76,     0.00,     0.00,     1.63,     0.00,     0.00,    21.72,     0.27,     0.00,    33.17,     0.00,     0.00,     0.00,     0.00,     0.00,     0.00,    19.36,     0.04,     0.00,  -999.99
cty,34151,OK: Woods County,1987,09,PRCP,     0.00,     0.00,     0.00,     0.00,     0.00,     2.73,     5.54,     0.00,     0.11,    11.42,     2.33,    20.71,     0.00,     0.00,     0.00,     0.00,     0.00,    32.83,     0.05,     0.03,     4.92,     0.00,     0.00,     0.00,     0.00,     0.00,     0.00,    44.28,     0.00,     0.00,  -999.99
cty,34153,OK: Woodward County,1987,09,PRCP,     0.00,     0.00,     0.00,     0.00,     0.00,     3.83,     5.93,     0.00,     0.00,     5.34,     3.47,    22.60,     0.00,     0.00,     0.23,     0.00,     0.00,    29.56,     0.06,     0.00,     8.10,     0.00,     0.00,     0.00,     0.00,     0.00,     0.00,    27.90,     0.00,     0.00,  -999.99
cty,35001,OR: Baker County,1987,09,PRCP,     0.01,     0.00,     0.00,     0.00,     0.00,     0.00,     0.00,     0.00,     0.00,     0.00,     0.01,     0.00,     0.00,     0.00,     0.00,     0.00,     0.00,     0.00,     0.00,     0.00,     0.00,     0.00,     0.00,     0.00,     0.00,     0.24,     0.00,     0.00,     0.00,     0.00,  -999.99
cty,35003,OR: Benton County,1987,09,PRCP,     0.00,     0.00,     0.00,     0.00,     0.00,     0.00,     0.00,     0.00,     0.00,     0.00,     0.00,     0.01,     0.01,     0.00,     2.19,     1.21,     0.00,     0.00,     0.00,     0.00,     0.00,     0.00,     0.00,     0.00,     0.26,     0.72,     0.00,     0.00,     0.00,     0.00,  -999.99
cty,35005,OR: Clackamas County,1987,09,PRCP,     0.00,     0.00,     0.01,     0.00,     0.00,     0.00,     0.00,     0.01,     0.00,     0.00,     0.02,     0.36,     0.47,     0.01,    10.68,     3.13,     0.00,     0.01,     0.00,     0.00,     0.00,     0.00,     0.00,     0.00,     0.63,    10.89,     0.10,     0.01,     0.00,     0.00,  -999.99
cty,35007,OR: Clatsop County,1987,09,PRCP,     0.00,     0.72,     0.25,     0.00,     0.00,     0.00,     0.00,     0.00,     0.00,     0.00,     0.43,     0.87,     1.05,     1.81,    15.36,     1.87,     0.00,     0.00,     0.00,     0.00,     0.00,     0.00,     0.00,     0.00,     0.81,     4.29,     0.00,     0.00,     0.00,     0.00,  -999.99
cty,35009,OR: Columbia County,1987,09,PRCP,     0.00,     0.00,     0.03,     0.00,     0.00,     0.00,     0.00,     0.00,     0.00,     0.00,     0.00,     0.06,     0.27,     0.13,     6.52,     1.47,     0.00,     0.00,     0.00,     0.00,     0.00,     0.00,     0.00,     0.00,     0.27,     2.21,     0.00,     0.00,     0.00,     0.00,  -999.99
cty,35011,OR: Coos County,1987,09,PRCP,     0.00,     0.00,     0.00,     0.00,     0.00,     0.00,     0.00,     0.00,     0.00,     0.00,     0.00,     0.00,     0.00,     0.00,     1.57,     0.00,     0.00,     0.00,     0.00,     0.00,     0.00,     0.00,     0.00,     0.00,     0.59,     0.26,     0.00,     0.00,     0.00,     0.00,  -999.99
cty,35013,OR: Crook County,1987,09,PRCP,     0.00,     0.00,     0.00,     0.00,     0.00,     0.00,     0.00,     0.00,     0.00,     0.00,     0.00,     0.00,     0.00,     0.00,     0.00,     0.00,     0.00,     0.00,     0.00,     0.00,     0.00,     0.00,     0.00,     0.00,     0.00,     0.05,     0.00,     0.00,     0.00,     0.00,  -999.99
cty,35015,OR: Curry County,1987,09,PRCP,     0.00,     0.00,     0.00,     0.00,     0.00,     0.00,     0.00,     0.00,     0.00,     0.00,     0.00,     0.00,     0.00,     0.00,     0.79,     0.00,     0.00,     0.00,     0.00,     0.00,     0.00,     0.00,     0.00,     0.09,     0.06,     0.02,     0.00,     0.00,     0.00,     0.00,  -999.99
cty,35017,OR: Deschutes County,1987,09,PRCP,     0.01,     0.00,     0.00,     0.00,     0.00,     0.00,     0.00,     0.00,     0.00,     0.00,     0.00,     0.00,     0.00,     0.00,     0.16,     0.06,     0.00,     0.00,     0.00,     0.00,     0.00,     0.00,     0.00,     0.00,     0.00,     0.00,     0.00,     0.08,     0.00,     0.00,  -999.99
cty,35019,OR: Douglas County,1987,09,PRCP,     0.00,     0.00,     0.00,     0.00,     0.00,     0.00,     0.00,     0.00,     0.00,     0.01,     0.01,     0.00,     0.00,     0.00,     0.55,     0.05,     0.00,     0.00,     0.00,     0.00,     0.00,     0.00,     0.00,     0.00,     0.14,     0.64,     0.00,     0.00,     0.00,     0.00,  -999.99
cty,35021,OR: Gilliam County,1987,09,PRCP,     0.00,     0.00,     0.00,     0.00,     0.00,     0.00,     0.00,     0.00,     0.00,     0.00,     0.00,     0.00,     0.00,     0.00,     0.00,     0.00,     0.00,     0.00,     0.00,     0.00,     0.00,     0.00,     0.00,     0.00,     0.00,     1.13,     0.00,     0.00,     0.00,     0.00,  -999.99
cty,35023,OR: Grant County,1987,09,PRCP,     0.00,     0.00,     0.00,     0.00,     0.00,     0.01,     0.00,     0.00,     0.00,     0.00,     0.01,     0.00,     0.00,     0.00,     0.00,     0.00,     0.00,     0.00,     0.00,     0.00,     0.00,     0.00,     0.00,     0.00,     0.00,     0.44,     0.01,     0.00,     0.00,     0.00,  -999.99
cty,35025,OR: Harney County,1987,09,PRCP,     0.00,     0.00,     0.01,     0.00,     0.00,     0.00,     0.00,     0.00,     0.00,     0.00,     0.00,     0.00,     0.00,     0.00,     0.00,     0.00,     0.00,     0.00,     0.00,     0.00,     0.00,     0.00,     0.00,     0.00,     0.00,     0.00,     0.00,     0.00,     0.00,     0.00,  -999.99
cty,35027,OR: Hood River County,1987,09,PRCP,     0.00,     0.00,     0.00,     0.00,     0.00,     0.00,     0.00,     0.00,     0.00,     0.00,     0.00,     0.00,     0.15,     0.04,     5.48,     0.60,     0.00,     0.00,     0.00,     0.00,     0.03,     0.00,     0.00,     0.00,     0.10,     6.74,     0.03,     0.00,     0.00,     0.00,  -999.99
cty,35029,OR: Jackson County,1987,09,PRCP,     0.00,     0.00,     0.00,     0.00,     0.00,     0.00,     0.00,     0.00,     0.00,     0.00,     0.00,     0.00,     0.00,     0.00,     0.00,     0.00,     0.00,     0.00,     0.00,     0.00,     0.00,     0.00,     0.00,     0.00,     0.00,     0.00,     0.00,     0.00,     0.00,     0.00,  -999.99
cty,35031,OR: Jefferson County,1987,09,PRCP,     0.03,     0.00,     0.00,     0.00,     0.00,     0.00,     0.00,     0.00,     0.00,     0.00,     0.00,     0.00,     0.00,     0.00,     0.00,     0.00,     0.00,     0.00,     0.00,     0.00,     0.00,     0.00,     0.00,     0.00,     0.00,     1.26,     0.00,     0.00,     0.00,     0.00,  -999.99
cty,35033,OR: Josephine County,1987,09,PRCP,     0.00,     0.00,     0.00,     0.00,     0.00,     0.00,     0.00,     0.00,     0.00,     0.00,     0.00,     0.00,     0.00,     0.00,     0.00,     0.00,     0.00,     0.00,     0.00,     0.00,     0.00,     0.00,     0.00,     0.00,     0.00,     0.00,     0.01,     0.00,     0.00,     0.00,  -999.99
cty,35035,OR: Klamath County,1987,09,PRCP,     0.10,     0.00,     0.04,     0.00,     0.00,     0.00,     0.00,     0.00,     0.03,     0.00,     0.00,     0.00,     0.00,     0.08,     0.00,     0.00,     0.00,     0.00,     0.00,     0.00,     0.00,     0.00,     0.03,     0.00,     0.00,     0.00,     0.00,     0.00,     0.00,     0.00,  -999.99
cty,35037,OR: Lake County,1987,09,PRCP,     0.00,     0.00,     0.00,     0.01,     0.00,     0.00,     0.00,     0.01,     0.00,     0.00,     0.00,     0.00,     0.00,     0.00,     0.00,     0.00,     0.00,     0.00,     0.00,     0.00,     0.00,     0.00,     0.00,     0.00,     0.00,     0.00,     0.00,     0.00,     0.00,     0.00,  -999.99
cty,35039,OR: Lane County,1987,09,PRCP,     0.00,     0.00,     0.00,     0.00,     0.00,     0.00,     0.00,     0.00,     0.00,     0.00,     0.00,     0.00,     0.00,     0.00,     3.84,     1.90,     0.01,     0.01,     0.01,     0.00,     0.00,     0.00,     0.00,     0.02,     0.50,     1.85,     0.00,     0.18,     0.00,     0.00,  -999.99
cty,35041,OR: Lincoln County,1987,09,PRCP,     0.00,     0.00,     0.00,     0.00,     0.00,     0.00,     0.00,     0.00,     0.00,     0.00,     0.00,     0.00,     0.00,     0.00,     9.44,     1.78,     0.00,     0.00,     0.00,     0.00,     0.00,     0.00,     0.00,     0.00,     1.19,     4.29,     0.00,     0.00,     0.00,     0.00,  -999.99
cty,35043,OR: Linn County,1987,09,PRCP,     0.00,     0.00,     0.00,     0.00,     0.00,     0.00,     0.00,     0.00,     0.00,     0.00,     0.05,     0.00,     0.00,     0.00,     5.06,     2.03,     0.00,     0.00,     0.00,     0.00,     0.00,     0.00,     0.00,     0.00,     0.65,     3.79,     0.00,     0.00,     0.00,     0.00,  -999.99
cty,35045,OR: Malheur County,1987,09,PRCP,     0.00,     0.00,     0.00,     0.00,     0.00,     0.00,     0.00,     0.00,     0.00,     0.00,     0.00,     0.00,     0.00,     0.00,     0.00,     0.00,     0.00,     0.00,     0.00,     0.00,     0.00,     0.00,     0.00,     0.00,     0.00,     0.01,     0.00,     0.00,     0.00,     0.00,  -999.99
cty,35047,OR: Marion County,1987,09,PRCP,     0.00,     0.00,     0.00,     0.00,     0.00,     0.00,     0.00,     0.00,     0.00,     0.00,     0.00,     0.02,     0.00,     0.00,     6.53,     2.20,     0.00,     0.00,     0.00,     0.00,     0.00,     0.00,     0.00,     0.00,     0.46,     5.29,     0.00,     0.00,     0.00,     0.00,  -999.99
cty,35049,OR: Morrow County,1987,09,PRCP,     0.00,     0.00,     0.00,     0.00,     0.00,     0.00,     0.00,     0.00,     0.00,     0.01,     0.00,     0.00,     0.00,     0.00,     0.00,     0.02,     0.00,     0.00,     0.00,     0.00,     0.00,     0.00,     0.00,     0.00,     0.00,     0.49,     0.00,     0.00,     0.00,     0.00,  -999.99
cty,35051,OR: Multnomah County,1987,09,PRCP,     0.00,     0.03,     0.07,     0.00,     0.00,     0.00,     0.00,     0.12,     0.05,     0.00,     0.00,     0.51,     0.16,     0.13,    10.36,     2.40,     0.00,     0.00,     0.00,     0.00,     0.03,     0.00,     0.00,     0.00,     0.48,     9.08,     0.08,     0.00,     0.00,     0.00,  -999.99
cty,35053,OR: Polk County,1987,09,PRCP,     0.00,     0.00,     0.00,     0.00,     0.00,     0.00,     0.00,     0.00,     0.00,     0.00,     0.00,     0.00,     0.00,     0.00,     5.12,     1.54,     0.00,     0.00,     0.00,     0.00,     0.00,     0.00,     0.00,     0.00,     0.37,     1.86,     0.00,     0.00,     0.00,     0.00,  -999.99
cty,35055,OR: Sherman County,1987,09,PRCP,     0.00,     0.00,     0.00,     0.00,     0.00,     0.00,     0.00,     0.00,     0.00,     0.00,     0.00,     0.00,     0.00,     0.00,     0.01,     0.00,     0.00,     0.00,     0.00,     0.00,     0.00,     0.00,     0.00,     0.00,     0.00,     1.22,     0.00,     0.00,     0.00,     0.00,  -999.99
cty,35057,OR: Tillamook County,1987,09,PRCP,     0.00,     0.28,     0.10,     0.00,     0.00,     0.00,     0.00,     0.00,     0.00,     0.00,     0.08,     0.31,     0.37,     0.29,    17.50,     2.24,     0.00,     0.00,     0.00,     0.00,     0.00,     0.00,     0.00,     0.00,     1.06,     7.30,     0.00,     0.00,     0.00,     0.00,  -999.99
cty,35059,OR: Umatilla County,1987,09,PRCP,     0.00,     0.00,     0.14,     0.00,     0.00,     0.00,     0.00,     0.00,     0.00,     0.00,     0.00,     0.00,     0.00,     0.00,     0.01,     0.08,     0.00,     0.00,     0.00,     0.00,     0.00,     0.00,     0.00,     0.00,     0.00,     2.81,     0.00,     0.14,     0.01,     0.01,  -999.99
cty,35061,OR: Union County,1987,09,PRCP,     0.00,     0.01,     0.03,     0.00,     0.00,     0.00,     0.00,     0.00,     0.00,     0.00,     0.00,     0.00,     0.00,     0.00,     0.07,     0.67,     0.00,     0.00,     0.00,     0.00,     0.01,     0.00,     0.00,     0.00,     0.00,     2.50,     0.00,     0.78,     0.07,     0.07,  -999.99
cty,35063,OR: Wallowa County,1987,09,PRCP,     0.00,     0.00,     0.00,     0.37,     0.00,     0.00,     0.00,     0.00,     0.00,     0.00,     0.00,     0.00,     0.00,     0.00,     0.00,     0.00,     0.00,     0.06,     0.00,     0.00,     0.00,     0.00,     0.00,     0.00,     0.00,     0.14,     0.85,     0.52,     0.00,     0.00,  -999.99
cty,35065,OR: Wasco County,1987,09,PRCP,     0.00,     0.00,     0.00,     0.00,     0.00,     0.00,     0.00,     0.00,     0.00,     0.00,     0.00,     0.00,     0.00,     0.00,     0.21,     0.01,     0.00,     0.00,     0.00,     0.00,     0.00,     0.00,     0.00,     0.00,     0.00,     1.71,     0.00,     0.00,     0.00,     0.00,  -999.99
cty,35067,OR: Washington County,1987,09,PRCP,     0.00,     0.00,     0.00,     0.00,     0.00,     0.00,     0.00,     0.00,     0.00,     0.00,     0.00,     0.00,     0.00,     0.00,     6.04,     1.59,     0.00,     0.00,     0.00,     0.00,     0.00,     0.00,     0.00,     0.00,     0.04,     1.70,     0.00,     0.00,     0.00,     0.00,  -999.99
cty,35069,OR: Wheeler County,1987,09,PRCP,     0.00,     0.00,     0.00,     0.00,     0.00,     0.00,     0.00,     0.00,     0.00,     0.00,     0.00,     0.00,     0.00,     0.00,     0.00,     0.00,     0.00,     0.00,     0.00,     0.00,     0.00,     0.00,     0.00,     0.00,     0.00,     0.49,     0.00,     0.00,     0.00,     0.00,  -999.99
cty,35071,OR: Yamhill County,1987,09,PRCP,     0.00,     0.00,     0.00,     0.00,     0.00,     0.00,     0.00,     0.00,     0.00,     0.00,     0.00,     0.00,     0.00,     0.00,     6.37,     1.57,     0.00,     0.00,     0.00,     0.00,     0.00,     0.00,     0.00,     0.00,     0.15,     2.31,     0.00,     0.00,     0.00,     0.00,  -999.99
cty,36001,PA: Adams County,1987,09,PRCP,     2.92,     0.00,     0.00,     0.00,     0.00,    11.53,    15.05,    17.90,    39.22,     0.00,     0.03,    16.79,    28.75,     3.58,     0.00,     1.76,     3.67,    27.44,     5.01,     8.34,     1.93,     1.74,     0.74,     0.00,     0.00,     0.00,     0.00,     0.00,     0.00,    10.71,  -999.99
cty,36003,PA: Allegheny County,1987,09,PRCP,     5.32,     0.00,     0.03,     0.00,     0.01,    10.44,     5.57,    28.99,     5.91,     0.00,     0.03,     4.71,     1.81,     0.00,     0.00,     0.00,     3.02,    19.37,     5.80,     2.66,     0.00,     0.68,     2.79,     0.00,     0.88,     0.00,     0.00,     0.00,     0.06,    14.43,  -999.99
cty,36005,PA: Armstrong County,1987,09,PRCP,     6.35,     0.00,     0.56,     0.00,     0.00,     8.61,     5.86,    28.17,     8.57,     0.00,     0.02,    11.69,     2.96,     0.04,     0.00,     1.54,     4.30,    21.56,     7.33,     4.55,     0.31,     0.63,     2.74,     0.00,     0.95,     0.00,     0.00,     0.00,     0.00,    13.38,  -999.99
cty,36007,PA: Beaver County,1987,09,PRCP,     5.76,     0.00,     0.28,     0.00,     0.00,     5.99,     4.70,    28.28,     4.93,     0.03,     0.00,     5.89,     2.75,     0.03,     0.00,     1.18,     4.00,    17.61,     6.54,     3.24,     0.00,     1.07,     3.10,     0.00,     0.33,     0.00,     0.00,     0.00,     0.00,    17.01,  -999.99
cty,36009,PA: Bedford County,1987,09,PRCP,     2.80,     0.00,     0.00,     0.00,     0.00,    13.66,    10.37,    23.94,    11.53,     0.00,     0.00,    11.23,     8.00,     0.00,     0.00,     0.07,     2.77,    18.53,     3.87,     7.65,     2.29,     0.83,     0.70,     0.00,     1.13,     0.00,     0.00,     0.00,     0.00,    13.74,  -999.99
cty,36011,PA: Berks County,1987,09,PRCP,     9.88,     0.00,     0.01,     0.00,     0.00,     3.32,    14.64,    13.65,    80.03,     0.00,     0.00,     0.69,    35.73,    15.23,     0.00,     0.58,     2.29,    22.35,    14.56,     2.85,     0.40,     0.85,     1.47,     0.00,     0.36,     0.00,     0.00,     0.00,     0.00,     2.95,  -999.99
cty,36013,PA: Blair County,1987,09,PRCP,     3.90,     0.00,     0.00,     0.00,     0.00,     9.84,     8.38,    16.05,     7.70,     0.01,     0.00,    11.81,     6.25,     0.00,     0.00,     0.96,     3.55,    22.05,     5.91,     6.00,     1.38,     0.98,     0.83,     0.00,     1.11,     0.00,     0.00,     0.00,     0.00,    12.59,  -999.99
cty,36015,PA: Bradford County,1987,09,PRCP,     2.17,     0.00,     0.56,     0.00,     0.00,     2.92,     4.00,     6.62,    10.75,     0.00,     0.00,     6.72,    21.93,     8.20,     0.00,     1.50,     5.22,    10.27,    10.23,     3.65,     0.27,     0.83,     0.87,     0.00,     0.58,     0.00,     0.00,     0.00,     0.00,     8.25,  -999.99
cty,36017,PA: Bucks County,1987,09,PRCP,     7.79,     0.00,     0.00,     0.00,     0.00,     0.82,     7.91,     8.80,    36.81,     0.00,     0.00,     0.00,    20.00,    17.95,     0.00,     0.00,     0.49,    18.59,    10.38,     1.21,     0.00,     0.18,     3.75,     0.00,     0.66,     0.00,     0.00,     0.00,     0.00,     0.60,  -999.99
cty,36019,PA: Butler County,1987,09,PRCP,     6.66,     0.00,     0.82,     0.00,     0.01,     6.94,     5.87,    34.00,     8.35,     0.00,     0.06,    10.42,     2.97,     0.08,     0.01,     2.63,     5.38,    20.94,     7.87,     4.16,     0.00,     0.93,     2.87,     0.00,     0.83,     0.00,     0.00,     0.00,     0.02,    15.68,  -999.99
cty,36021,PA: Cambria County,1987,09,PRCP,     5.86,     0.00,     0.10,     0.00,     0.00,    12.11,     7.72,    18.79,     9.05,     0.02,     0.00,    13.60,     5.80,     0.01,     0.00,     1.11,     3.33,    25.93,     7.12,     6.50,     2.00,     1.20,     2.35,     0.01,     1.52,     0.00,     0.00,     0.00,     0.00,    16.96,  -999.99
cty,36023,PA: Cameron County,1987,09,PRCP,     3.09,     0.00,     0.53,     0.00,     0.00,     5.87,     5.57,    15.09,     4.63,     0.00,     0.00,    18.90,    12.28,     1.05,     0.00,     3.26,     7.98,    21.37,    10.22,     7.16,     0.84,     1.30,     2.35,     0.00,     0.73,     0.00,     0.00,     0.00,     0.00,    11.79,  -999.99
cty,36025,PA: Carbon County,1987,09,PRCP,    15.54,     0.00,     0.48,     0.00,     0.00,     2.45,    16.04,    21.00,    82.62,     0.01,     0.00,     2.11,    55.62,    20.11,     0.00,     0.98,     6.04,    18.07,    18.85,     3.11,     0.30,     0.87,     0.91,     0.00,     0.08,     0.00,     0.00,     0.00,     0.00,     2.42,  -999.99
cty,36027,PA: Centre County,1987,09,PRCP,     3.61,     0.00,     0.00,     0.00,     0.00,     8.91,     8.45,    13.15,     5.81,     0.01,     0.00,    17.07,    10.48,     1.25,     0.00,     2.64,     7.78,    24.24,     9.80,     6.78,     1.01,     1.40,     1.42,     0.00,     0.64,     0.00,     0.00,     0.00,     0.00,    12.15,  -999.99
cty,36029,PA: Chester County,1987,09,PRCP,     6.79,     0.00,     0.00,     0.00,     0.00,     3.85,    11.97,    10.11,    69.94,     0.00,     0.00,     0.00,    24.57,    16.92,     0.00,     0.41,     0.00,    26.46,    12.81,     2.40,     0.55,     1.34,     1.61,     0.00,     0.29,     0.00,     0.00,     0.00,     0.00,     2.85,  -999.99
cty,36031,PA: Clarion County,1987,09,PRCP,     7.16,     0.00,     1.68,     0.00,     0.00,     5.38,     5.85,    33.15,    12.69,     0.00,     0.02,    19.13,     5.90,     0.08,     0.00,     4.17,     7.69,    23.65,    10.67,     9.03,     0.10,     1.12,     3.76,     0.00,     1.07,     0.00,     0.00,     0.00,     0.00,    18.52,  -999.99
cty,36033,PA: Clearfield County,1987,09,PRCP,     5.06,     0.00,     0.44,     0.00,     0.00,     7.91,     6.22,    17.16,     6.27,     0.14,     0.00,    15.58,     7.48,     0.17,     0.00,     2.54,     5.77,    23.47,     8.71,     6.58,     1.28,     0.98,     2.02,     0.00,     1.12,     0.00,     0.00,     0.00,     0.00,    13.11,  -999.99
cty,36035,PA: Clinton County,1987,09,PRCP,     2.95,     0.00,     0.04,     0.00,     0.06,     8.07,     7.81,    12.19,     5.02,     0.00,     0.11,    18.83,    12.84,     2.39,     0.06,     3.21,     9.39,    23.44,    12.04,     7.19,     0.77,     1.52,     1.66,     0.01,     0.56,     0.00,     0.00,     0.00,     0.13,    11.89,  -999.99
cty,36037,PA: Columbia County,1987,09,PRCP,     9.91,     0.00,     0.78,     0.00,     0.00,     3.16,    11.79,    17.18,    39.80,     0.00,     0.00,     4.09,    45.88,    12.75,     0.00,     1.90,     6.42,    17.29,    17.02,     4.91,     0.66,     1.46,     1.14,     0.00,     0.00,     0.00,     0.00,     0.00,     0.00,     7.79,  -999.99
cty,36039,PA: Crawford County,1987,09,PRCP,     5.73,     0.11,     3.13,     0.00,     0.00,     0.53,     2.11,    20.91,    12.86,     0.01,     0.00,    18.98,     8.45,     0.01,     0.00,     6.47,     7.03,    19.72,     8.99,    10.51,     0.00,     2.28,     3.16,     0.00,     0.02,     0.00,     0.00,     0.00,     0.00,    23.12,  -999.99
cty,36041,PA: Cumberland County,1987,09,PRCP,     3.97,     0.00,     0.00,     0.00,     0.00,    11.27,    15.37,    17.88,    30.87,     0.00,     0.05,    17.98,    28.83,     3.75,     0.00,     1.83,     5.05,    29.89,     7.24,     8.12,     1.62,     2.23,     0.99,     0.00,     0.00,     0.00,     0.00,     0.00,     0.00,    12.37,  -999.99
cty,36043,PA: Dauphin County,1987,09,PRCP,     7.24,     0.00,     0.09,     0.00,     0.00,     7.59,    16.89,    16.63,    42.06,     0.00,     0.00,     9.00,    37.32,     7.78,     0.00,     2.02,     5.46,    27.61,    13.33,     6.46,     1.31,     2.56,     1.57,     0.00,     0.00,     0.00,     0.00,     0.00,     0.00,     9.03,  -999.99
cty,36045,PA: Delaware County,1987,09,PRCP,     6.18,     0.00,     0.00,     0.00,     0.00,     1.83,     7.30,     8.04,    38.51,     0.00,     0.00,     0.00,    16.90,    17.46,     0.00,     0.00,     0.00,    22.61,    11.39,     1.59,     0.10,     1.39,     2.48,     0.00,     0.32,     0.00,     0.00,     0.00,     0.00,     1.80,  -999.99
cty,36047,PA: Elk County,1987,09,PRCP,     4.24,     0.00,     1.42,     0.00,     0.00,     4.77,     4.99,    20.34,     7.11,     0.02,     0.00,    18.50,    11.09,     0.23,     0.00,     3.67,     7.40,    21.23,     9.55,     7.77,     0.98,     1.29,     2.91,     0.00,     0.67,     0.00,     0.00,     0.00,     0.00,    13.66,  -999.99
cty,36049,PA: Erie County,1987,09,PRCP,     4.53,     1.19,     4.21,     0.00,     0.00,     0.00,     1.00,    14.19,    16.72,     0.00,     0.00,    18.00,    11.23,     0.00,     0.00,     5.20,     5.48,    19.62,     8.24,    10.06,     0.00,     2.67,     3.30,     0.00,     0.00,     0.00,     0.00,     0.00,     0.00,    24.01,  -999.99
cty,36051,PA: Fayette County,1987,09,PRCP,     4.23,     0.00,     0.00,     0.00,     0.00,    13.79,     3.94,    17.03,     9.22,     0.02,     0.00,     8.23,     3.91,     0.44,     0.00,     0.01,     0.06,    20.27,     3.72,     5.60,     2.66,     1.27,     6.52,     0.00,     0.81,     0.00,     0.00,     0.00,     0.00,    20.50,  -999.99
cty,36053,PA: Forest County,1987,09,PRCP,     5.99,     0.00,     2.91,     0.00,     0.00,     2.99,     4.92,    29.35,    14.62,     0.03,     0.00,    22.55,     9.34,     0.00,     0.00,     5.18,     8.58,    24.30,    11.44,    12.16,     0.48,     1.77,     3.92,     0.00,     0.58,     0.00,     0.00,     0.00,     0.00,    20.55,  -999.99
cty,36055,PA: Franklin County,1987,09,PRCP,     2.70,     0.00,     0.00,     0.00,     0.00,    11.88,    14.62,    21.70,    26.10,     0.00,     0.32,    16.23,    16.07,     0.89,     0.00,     1.63,     4.73,    24.74,     4.18,     9.20,     2.30,     1.59,     0.90,     0.00,     0.10,     0.00,     0.00,     0.00,     0.00,    14.14,  -999.99
cty,36057,PA: Fulton County,1987,09,PRCP,     2.41,     0.00,     0.00,     0.00,     0.00,    13.70,    13.17,    25.46,    18.69,     0.00,     0.03,    14.01,    10.86,     0.00,     0.00,     0.57,     3.87,    21.22,     3.61,     9.16,     2.46,     1.14,     0.59,     0.00,     0.54,     0.00,     0.00,     0.00,     0.00,    14.40,  -999.99
cty,36059,PA: Greene County,1987,09,PRCP,     3.14,     0.00,     0.00,     0.00,     0.00,    12.92,     4.27,    24.73,     4.02,     0.00,     0.00,     2.95,     2.30,     0.56,     0.00,     0.00,     1.56,    13.34,     3.24,     3.78,     0.36,     0.49,     3.47,     0.00,     0.33,     0.00,     0.00,     0.00,     0.00,    18.14,  -999.99
cty,36061,PA: Huntingdon County,1987,09,PRCP,     3.05,     0.00,     0.00,     0.00,     0.00,     8.30,     8.31,    13.04,     8.86,     0.00,     0.00,    12.31,     8.24,     0.02,     0.00,     1.20,     4.02,    21.28,     4.97,     5.92,     1.24,     1.11,     0.90,     0.00,     0.54,     0.00,     0.00,     0.00,     0.00,    11.55,  -999.99
cty,36063,PA: Indiana County,1987,09,PRCP,     6.90,     0.00,     0.30,     0.00,     0.00,    11.05,     5.93,    21.62,     9.32,     0.00,     0.00,    14.19,     4.25,     0.00,     0.00,     0.95,     3.08,    25.36,     7.16,     5.69,     1.21,     1.00,     3.01,     0.00,     1.20,     0.00,     0.00,     0.00,     0.00,    16.47,  -999.99
cty,36065,PA: Jefferson County,1987,09,PRCP,     5.82,     0.00,     1.12,     0.00,     0.00,     6.06,     5.03,    22.74,     8.07,     0.00,     0.00,    16.26,     6.39,     0.00,     0.00,     2.88,     5.57,    20.66,     8.42,     7.38,     0.85,     0.86,     2.67,     0.00,     0.96,     0.00,     0.00,     0.00,     0.00,    13.79,  -999.99
cty,36067,PA: Juniata County,1987,09,PRCP,     3.37,     0.00,     0.00,     0.00,     0.01,    10.07,    12.94,    14.28,    12.50,     0.00,     0.09,    16.88,    18.39,     2.52,     0.00,     2.02,     7.74,    25.51,     8.87,     6.52,     1.28,     2.21,     0.96,     0.01,     0.08,     0.00,     0.00,     0.00,     0.02,    10.85,  -999.99
cty,36069,PA: Lackawanna County,1987,09,PRCP,    14.62,     0.00,     0.55,     0.00,     0.00,     1.76,     8.43,    14.88,    56.32,     0.00,     0.00,     1.82,    46.12,    20.31,     0.00,     1.64,     7.38,    13.39,    17.86,     3.35,     0.44,     0.19,     0.40,     0.00,     0.83,     0.00,     0.00,     0.00,     0.00,     4.61,  -999.99
cty,36071,PA: Lancaster County,1987,09,PRCP,     6.96,     0.00,     0.00,     0.00,     0.00,     5.51,    14.67,    10.24,    78.08,     0.00,     0.00,     2.20,    31.22,    11.47,     0.00,     1.32,     1.43,    27.06,    11.35,     3.73,     0.96,     1.63,     1.35,     0.00,     0.06,     0.00,     0.00,     0.00,     0.00,     4.75,  -999.99
cty,36073,PA: Lawrence County,1987,09,PRCP,     6.04,     0.00,     0.94,     0.00,     0.00,     3.34,     3.64,    25.30,     5.28,     0.13,     0.00,     9.44,     3.65,     0.00,     0.00,     3.26,     5.09,    16.94,     6.83,     4.48,     0.00,     1.43,     2.73,     0.00,     0.00,     0.00,     0.00,     0.00,     0.00,    17.24,  -999.99
cty,36075,PA: Lebanon County,1987,09,PRCP,     7.30,     0.00,     0.01,     0.00,     0.00,     5.74,    15.77,    13.88,    51.46,     0.00,     0.00,     4.39,    34.01,     8.88,     0.00,     1.27,     3.39,    22.97,    12.68,     4.49,     0.87,     1.47,     1.23,     0.00,     0.07,     0.00,     0.00,     0.00,     0.00,     4.93,  -999.99
cty,36077,PA: Lehigh County,1987,09,PRCP,    12.54,     0.00,     0.04,     0.00,     0.00,     1.96,    14.76,    16.98,    86.09,     0.00,     0.00,     0.19,    40.59,    19.85,     0.00,     0.00,     3.37,    20.48,    15.86,     2.29,     0.01,     0.52,     1.80,     0.00,     0.34,     0.00,     0.00,     0.00,     0.00,     1.78,  -999.99
cty,36079,PA: Luzerne County,1987,09,PRCP,    13.13,     0.00,     0.52,     0.00,     0.00,     2.40,    10.82,    16.14,    54.76,     0.04,     0.00,     2.46,    49.60,    17.04,     0.00,     1.59,     6.53,    14.81,    17.18,     3.74,     0.48,     0.60,     0.64,     0.00,     0.44,     0.00,     0.00,     0.00,     0.00,     5.12,  -999.99
cty,36081,PA: Lycoming County,1987,09,PRCP,     2.76,     0.00,     0.25,     0.00,     0.05,     5.75,     8.21,    10.97,     9.50,     0.00,     0.07,    12.32,    21.22,     4.35,     0.04,     2.17,     7.91,    17.01,    12.09,     5.25,     0.54,     1.50,     1.09,     0.00,     0.31,     0.00,     0.00,     0.00,     0.09,     8.45,  -999.99
cty,36083,PA: McKean County,1987,09,PRCP,     3.45,     0.45,     2.15,     0.00,     0.00,     3.47,     5.56,    20.66,     9.78,     0.00,     0.01,    24.12,    19.12,     0.91,     0.00,     4.25,     8.66,    25.92,    11.51,     9.39,     1.37,     2.37,     4.01,     0.00,     0.53,     0.00,     0.00,     0.00,     0.00,    17.52,  -999.99
cty,36085,PA: Mercer County,1987,09,PRCP,     6.73,     0.00,     2.00,     0.00,     0.00,     1.98,     3.00,    25.52,     8.19,     0.00,     0.00,    15.63,     6.07,     0.00,     0.00,     5.83,     6.97,    19.60,     8.53,     7.64,     0.01,     1.97,     3.13,     0.00,     0.01,     0.00,     0.00,     0.00,     0.00,    21.90,  -999.99
cty,36087,PA: Mifflin County,1987,09,PRCP,     2.98,     0.00,     0.00,     0.00,     0.07,     8.61,     9.79,    12.18,     7.71,     0.00,     0.14,    14.88,    11.83,     0.81,     0.00,     1.92,     7.10,    21.86,     7.35,     5.94,     1.13,     1.62,     1.04,     0.05,     0.27,     0.00,     0.00,     0.00,     0.12,    10.37,  -999.99
cty,36089,PA: Monroe County,1987,09,PRCP,    17.04,     0.00,     0.26,     0.00,     0.00,     1.79,    14.76,    19.25,    78.80,     0.00,     0.00,     1.69,    44.66,    30.33,     0.00,     0.66,     6.55,    18.82,    21.86,     2.51,     0.14,     0.25,     0.68,     0.00,     0.51,     0.00,     0.00,     0.00,     0.00,     1.48,  -999.99
cty,36091,PA: Montgomery County,1987,09,PRCP,     7.54,     0.00,     0.00,     0.00,     0.00,     1.45,     8.92,     9.40,    49.12,     0.00,     0.00,     0.00,    21.92,    17.54,     0.00,     0.04,     0.05,    21.91,    11.86,     1.52,     0.00,     0.77,     3.55,     0.00,     0.73,     0.00,     0.00,     0.00,     0.00,     1.45,  -999.99
cty,36093,PA: Montour County,1987,09,PRCP,     6.95,     0.00,     0.68,     0.00,     0.00,     4.03,    11.33,    16.17,    25.34,     0.00,     0.00,     6.35,    37.66,     9.83,     0.00,     2.17,     7.32,    18.99,    16.36,     5.53,     0.78,     1.85,     1.46,     0.00,     0.00,     0.00,     0.00,     0.00,     0.00,     9.62,  -999.99
cty,36095,PA: Northampton County,1987,09,PRCP,    12.50,     0.00,     0.10,     0.00,     0.00,     1.10,    12.75,    15.50,    66.85,     0.00,     0.00,     0.05,    34.70,    22.89,     0.00,     0.22,     3.76,    17.82,    14.76,     1.66,     0.00,     0.36,     1.84,     0.00,     0.41,     0.00,     0.00,     0.00,     0.00,     1.01,  -999.99
cty,36097,PA: Northumberland County,1987,09,PRCP,     8.97,     0.00,     0.65,     0.00,     0.00,     4.73,    12.46,    17.03,    32.67,     0.00,     0.00,     6.89,    38.05,    12.19,     0.00,     2.37,     6.82,    22.27,    17.62,     6.03,     0.89,     2.21,     1.70,     0.00,     0.00,     0.00,     0.00,     0.00,     0.00,    11.19,  -999.99
cty,36099,PA: Perry County,1987,09,PRCP,     4.35,     0.00,     0.00,     0.00,     0.00,    10.69,    14.88,    16.47,    22.14,     0.00,     0.08,    17.21,    25.46,     3.84,     0.00,     2.07,     6.65,    28.86,     9.28,     7.47,     1.46,     2.42,     1.15,     0.00,     0.05,     0.00,     0.00,     0.00,     0.00,    12.21,  -999.99
cty,36101,PA: Philadelphia County,1987,09,PRCP,     6.54,     0.00,     0.00,     0.00,     0.00,     0.99,     5.95,     6.74,    27.47,     0.00,     0.00,     0.00,    14.92,    16.47,     0.00,     0.00,     0.00,    19.90,     9.96,     1.31,     0.00,     1.10,     3.75,     0.00,     0.65,     0.00,     0.00,     0.00,     0.00,     0.96,  -999.99
cty,36103,PA: Pike County,1987,09,PRCP,    15.23,     0.00,     0.08,     0.00,     0.00,     0.90,     9.90,    14.41,    61.55,     0.00,     0.00,     0.87,    31.17,    32.61,     0.00,     0.64,     6.68,    15.09,    20.51,     1.95,     0.04,     0.00,     0.16,     0.00,     1.05,     0.00,     0.00,     0.00,     0.00,     1.20,  -999.99
cty,36105,PA: Potter County,1987,09,PRCP,     2.41,     0.17,     0.58,     0.00,     0.00,     5.92,     6.48,    14.07,     4.94,     0.00,     0.00,    26.31,    21.42,     1.75,     0.00,     3.53,     9.17,    22.94,    12.63,     8.17,     0.84,     1.91,     2.57,     0.00,     0.95,     0.00,     0.00,     0.00,     0.00,    13.30,  -999.99
cty,36107,PA: Schuylkill County,1987,09,PRCP,    12.64,     0.00,     0.39,     0.00,     0.00,     4.60,    17.70,    20.26,    69.13,     0.00,     0.00,     3.77,    53.63,    15.36,     0.00,     1.61,     5.53,    22.47,    18.60,     4.80,     0.73,     1.40,     1.12,     0.00,     0.01,     0.00,     0.00,     0.00,     0.00,     5.47,  -999.99
cty,36109,PA: Snyder County,1987,09,PRCP,     4.27,     0.00,     0.04,     0.00,     0.11,     9.71,    14.71,    15.39,    16.09,     0.00,     0.15,    15.99,    26.04,     5.60,     0.07,     2.35,     9.22,    25.47,    13.36,     6.31,     1.10,     2.73,     1.00,     0.00,     0.03,     0.00,     0.00,     0.00,     0.16,     9.84,  -999.99
cty,36111,PA: Somerset County,1987,09,PRCP,     4.11,     0.00,     0.00,     0.00,     0.01,    16.81,     8.69,    24.24,     9.51,     0.01,     0.00,    12.45,     6.42,     0.01,     0.00,     0.06,     2.26,    21.48,     5.24,     7.61,     2.84,     1.21,     3.57,     0.00,     1.75,     0.00,     0.00,     0.00,     0.00,    18.93,  -999.99
cty,36113,PA: Sullivan County,1987,09,PRCP,     5.09,     0.00,     0.56,     0.00,     0.00,     3.94,     8.09,    12.04,    20.78,     0.00,     0.00,     6.84,    33.71,     9.48,     0.00,     1.90,     6.86,    13.36,    13.94,     4.64,     0.44,     1.04,     0.83,     0.00,     0.37,     0.00,     0.00,     0.00,     0.00,     7.87,  -999.99
cty,36115,PA: Susquehanna County,1987,09,PRCP,     6.53,     0.00,     0.88,     0.00,     0.00,     1.98,     4.83,     9.46,    29.38,     0.10,     0.00,     2.68,    30.96,    12.61,     0.00,     1.29,     5.38,     9.93,    12.48,     3.11,     0.32,     0.68,     0.24,     0.00,     0.68,     0.01,     0.00,     0.00,     0.00,     4.55,  -999.99
cty,36117,PA: Tioga County,1987,09,PRCP,     1.13,     0.07,     0.30,     0.00,     0.00,     4.09,     4.29,     6.47,     3.57,     0.00,     0.00,    13.87,    15.55,     3.43,     0.00,     1.99,     5.90,    13.28,     9.70,     4.38,     0.35,     1.14,     1.34,     0.00,     0.65,     0.00,     0.00,     0.00,     0.00,     9.40,  -999.99
cty,36119,PA: Union County,1987,09,PRCP,     3.53,     0.00,     0.00,     0.00,     0.00,     8.72,    12.12,    13.26,    12.56,     0.00,     0.00,    15.18,    23.02,     6.22,     0.00,     2.32,     8.78,    23.89,    13.67,     5.81,     0.88,     2.16,     0.99,     0.00,     0.07,     0.00,     0.00,     0.00,     0.00,     9.98,  -999.99
cty,36121,PA: Venango County,1987,09,PRCP,     6.23,     0.00,     2.18,     0.00,     0.00,     2.48,     4.29,    30.85,    14.21,     0.01,     0.02,    19.37,     6.01,     0.01,     0.00,     5.77,     8.05,    21.66,    10.74,     9.86,     0.01,     1.57,     4.06,     0.00,     0.87,     0.00,     0.00,     0.00,     0.00,    21.19,  -999.99
cty,36123,PA: Warren County,1987,09,PRCP,     4.34,     0.57,     3.84,     0.00,     0.00,     1.10,     3.56,    22.78,    16.51,     0.00,     0.00,    20.53,     9.64,     0.00,     0.00,     4.84,     7.31,    22.14,     9.75,    11.62,     0.45,     2.37,     3.19,     0.00,     0.06,     0.00,     0.00,     0.00,     0.00,    20.77,  -999.99
cty,36125,PA: Washington County,1987,09,PRCP,     4.22,     0.00,     0.00,     0.00,     0.00,    11.00,     4.85,    26.61,     4.47,     0.03,     0.00,     2.97,     2.07,     0.12,     0.00,     0.00,     2.19,    16.02,     4.78,     2.71,     0.01,     0.33,     3.34,     0.00,     0.61,     0.00,     0.00,     0.00,     0.00,    16.77,  -999.99
cty,36127,PA: Wayne County,1987,09,PRCP,    13.27,     0.00,     0.22,     0.00,     0.00,     1.57,     7.14,    13.12,    58.19,     0.01,     0.00,     1.71,    36.37,    25.35,     0.00,     1.23,     6.72,    13.96,    20.26,     2.74,     0.34,     0.10,     0.00,     0.00,     0.87,     0.00,     0.00,     0.00,     0.00,     2.77,  -999.99
cty,36129,PA: Westmoreland County,1987,09,PRCP,     5.82,     0.00,     0.01,     0.00,     0.00,    13.42,     5.63,    22.31,    10.72,     0.00,     0.00,     9.74,     3.51,     0.02,     0.00,     0.00,     1.16,    26.12,     5.95,     4.82,     1.36,     1.20,     4.61,     0.00,     1.30,     0.00,     0.00,     0.00,     0.01,    19.22,  -999.99
cty,36131,PA: Wyoming County,1987,09,PRCP,     7.86,     0.00,     0.42,     0.00,     0.00,     2.82,     7.50,    11.85,    35.86,     0.00,     0.00,     3.56,    36.42,    16.17,     0.00,     1.42,     6.19,    12.85,    15.81,     3.56,     0.39,     0.64,     0.58,     0.00,     0.64,     0.00,     0.00,     0.00,     0.00,     5.25,  -999.99
cty,36133,PA: York County,1987,09,PRCP,     4.53,     0.00,     0.00,     0.00,     0.00,     7.75,    13.84,    11.31,    53.93,     0.00,     0.02,     8.33,    30.58,     6.59,     0.00,     1.52,     2.68,    26.41,     7.22,     5.51,     1.44,     2.05,     1.04,     0.00,     0.00,     0.00,     0.00,     0.00,     0.00,     7.17,  -999.99
cty,37001,RI: Bristol County,1987,09,PRCP,    12.17,     0.00,     0.00,     0.00,     0.00,     0.00,     4.13,     4.59,    15.52,     0.00,     0.00,     0.00,     0.00,    46.35,     0.00,     0.00,     2.67,     7.59,    33.03,    38.63,     7.13,     1.43,     2.72,     0.00,     0.00,     0.00,     0.00,     0.00,     0.00,     4.12,  -999.99
cty,37003,RI: Kent County,1987,09,PRCP,    10.29,     0.00,     0.00,     0.00,     0.00,     0.00,     4.28,     4.70,    15.16,     0.00,     0.00,     0.00,     0.93,    43.74,     0.00,     0.00,     3.27,     8.95,    34.69,    24.96,     4.44,     1.03,     1.70,     0.00,     0.00,     0.00,     0.00,     0.00,     0.00,     3.87,  -999.99
cty,37005,RI: Newport County,1987,09,PRCP,    12.98,     0.00,     0.00,     0.00,     0.00,     0.00,     4.12,     4.81,    12.61,     0.00,     0.00,     0.00,     0.00,    42.38,     0.00,     0.00,     3.53,     7.09,    29.23,    38.92,     7.29,     1.40,     2.36,     0.00,     0.00,     0.00,     0.00,     0.00,     0.00,     3.69,  -999.99
cty,37007,RI: Providence County,1987,09,PRCP,     8.71,     0.00,     0.01,     0.00,     0.00,     0.00,     3.73,     3.88,    16.59,     0.07,     0.00,     0.00,     1.02,    42.02,     0.00,     0.00,     2.10,     7.85,    33.96,    23.75,     4.57,     0.84,     1.85,     0.00,     0.00,     0.00,     0.00,     0.00,     0.00,     3.86,  -999.99
cty,37009,RI: Washington County,1987,09,PRCP,    10.13,     1.03,     0.00,     0.00,     0.00,     0.00,     4.01,     4.98,    11.87,     0.11,     0.00,     0.00,     0.68,    39.15,     0.00,     0.00,     4.20,     8.65,    30.01,    22.59,     3.94,     1.09,     1.44,     0.00,     0.00,     0.00,     0.00,     0.00,     0.00,     3.29,  -999.99
cty,38001,SC: Abbeville County,1987,09,PRCP,     0.30,     0.00,     0.00,     0.00,     7.50,     9.90,    13.33,     8.31,     0.00,     0.00,     0.00,     2.43,     8.44,     0.00,     0.00,     0.00,     0.00,     0.00,     0.00,     4.60,     0.00,     0.00,     0.00,     0.00,     0.00,     0.00,     0.00,     0.00,     0.00,     4.46,  -999.99
cty,38003,SC: Aiken County,1987,09,PRCP,    11.77,     0.00,     0.05,     0.49,     7.10,    14.74,    18.88,    12.30,     0.00,     0.00,     0.00,     3.79,    11.50,     0.00,     0.00,     0.00,     0.00,     0.00,     0.00,     4.71,     0.00,     0.00,     0.00,     0.00,     0.00,     0.00,     0.00,     0.00,     0.00,    10.04,  -999.99
cty,38005,SC: Allendale County,1987,09,PRCP,    23.63,     0.03,     7.95,     8.31,    25.77,    24.98,    15.99,     8.35,     0.00,     0.00,     0.00,     5.80,    11.54,     0.00,     0.00,     0.00,     0.00,     0.00,     0.00,     6.42,     0.00,     0.00,     0.00,     0.00,     0.00,     0.00,     0.00,     0.00,     0.00,     8.99,  -999.99
cty,38007,SC: Anderson County,1987,09,PRCP,     0.00,     0.00,     0.00,     0.73,     4.86,    13.82,    18.11,     7.55,     0.00,     0.05,     0.34,     3.05,    10.73,     0.00,     0.00,     0.00,     0.00,     0.00,     0.00,     4.74,     0.00,     0.00,     0.00,     0.00,     0.00,     0.00,     0.00,     0.00,     0.00,     5.00,  -999.99
cty,38009,SC: Bamberg County,1987,09,PRCP,    25.37,     0.00,    10.92,     7.50,    35.53,    31.31,    22.60,    11.35,     0.00,     0.00,     0.00,     4.65,     9.37,     0.00,     0.00,     0.00,     0.00,     0.00,     0.00,     3.72,     0.00,     0.00,     0.00,     0.00,     0.00,     0.00,     0.00,     0.06,     0.18,     8.37,  -999.99
cty,38011,SC: Barnwell County,1987,09,PRCP,    16.56,     0.00,     2.78,     3.57,    13.75,    18.22,    16.70,     9.29,     0.00,     0.00,     0.00,     4.87,    10.58,     0.00,     0.00,     0.00,     0.00,     0.00,     0.00,     4.96,     0.00,     0.00,     0.00,     0.00,     0.00,     0.00,     0.00,     0.00,     0.04,     8.50,  -999.99
cty,38013,SC: Beaufort County,1987,09,PRCP,    35.15,     2.07,    19.90,    48.18,    86.18,    49.42,    17.30,     8.98,     0.00,     0.00,     0.00,     4.63,     7.25,     1.16,     0.00,     0.00,     0.00,     0.00,     0.00,     4.84,     0.00,     0.00,     0.00,     0.00,     0.00,     0.00,     0.00,     0.00,     0.00,     9.03,  -999.99
cty,38015,SC: Berkeley County,1987,09,PRCP,    49.12,     0.00,     4.19,    24.90,   135.50,    53.28,    32.38,    21.52,     0.00,     4.16,     0.00,     1.31,    12.86,     0.00,     0.00,     0.00,     0.04,     0.00,     0.00,     2.70,     0.00,     0.00,     0.00,     0.00,     0.00,     0.00,     0.00,     0.59,     0.10,     4.81,  -999.99
cty,38017,SC: Calhoun County,1987,09,PRCP,    26.30,     0.00,     0.00,     0.25,    44.99,    27.04,    38.14,    15.16,     0.00,     1.91,     0.00,     4.87,    13.05,     0.00,     0.00,     0.00,     0.00,     0.00,     0.00,     2.03,     0.00,     0.00,     0.00,     0.00,     0.00,     0.00,     0.00,     0.00,     0.00,     6.63,  -999.99
cty,38019,SC: Charleston County,1987,09,PRCP,    46.56,     0.20,    12.98,    40.25,   119.74,    53.37,    25.61,    18.06,     0.00,     2.01,     0.00,     1.16,     9.53,     0.10,     0.00,     0.00,     0.00,     0.00,     0.00,     3.48,     0.00,     0.00,     0.00,     0.00,     0.00,     0.00,     0.00,     0.46,     0.00,     6.05,  -999.99
cty,38021,SC: Cherokee County,1987,09,PRCP,     0.00,     0.00,     0.00,     0.00,    25.47,    32.63,    59.96,    42.85,     0.04,     6.30,    24.18,     9.21,    23.21,     0.00,     0.00,     0.00,     0.42,     0.00,     0.00,     2.40,     0.00,     0.00,     0.00,     0.00,     0.00,     0.00,     0.00,     0.00,     0.00,    16.85,  -999.99
cty,38023,SC: Chester County,1987,09,PRCP,     7.17,     0.00,     0.00,     0.00,    32.22,    25.04,    53.57,    38.13,     0.00,     8.03,    14.58,    13.11,    19.68,     0.00,     0.00,     0.00,     0.00,     0.00,     0.00,     1.80,     0.00,     0.00,     0.00,     0.00,     0.00,     0.00,     0.00,     0.01,     0.00,    13.71,  -999.99
cty,38025,SC: Chesterfield County,1987,09,PRCP,    15.56,     0.00,     0.00,     0.00,    27.63,    21.44,    35.51,    33.11,     0.00,     9.28,     3.42,     5.61,    19.37,     0.00,     0.00,     0.00,     0.00,     0.00,     0.00,     0.83,     0.00,     0.00,     0.00,     0.00,     0.00,     0.00,     0.00,     0.00,     0.00,     8.11,  -999.99
cty,38027,SC: Clarendon County,1987,09,PRCP,    35.80,     0.00,     0.16,     1.36,    76.18,    33.76,    38.63,    19.95,     0.00,     4.99,     0.00,     2.96,    15.32,     0.00,     0.00,     0.00,     0.00,     0.00,     0.00,     1.69,     0.00,     0.00,     0.00,     0.00,     0.00,     0.00,     0.00,     0.00,     0.06,     4.39,  -999.99
cty,38029,SC: Colleton County,1987,09,PRCP,    35.25,     0.24,    19.04,    26.85,    73.52,    44.14,    21.95,    11.19,     0.00,     0.00,     0.00,     3.61,     7.51,     0.04,     0.00,     0.00,     0.00,     0.00,     0.00,     3.92,     0.00,     0.00,     0.00,     0.00,     0.00,     0.00,     0.00,     0.03,     0.05,     7.99,  -999.99
cty,38031,SC: Darlington County,1987,09,PRCP,    19.81,     0.00,     0.00,     0.00,    33.08,    22.24,    30.66,    27.34,     0.00,     8.57,     0.00,     3.13,    17.53,     0.00,     0.00,     0.00,     0.00,     0.00,     0.00,     0.82,     0.00,     0.00,     0.00,     0.00,     0.00,     0.00,     0.00,     0.00,     0.00,     4.82,  -999.99
cty,38033,SC: Dillon County,1987,09,PRCP,    19.95,     0.00,     0.00,     0.00,    30.71,    23.68,    24.22,    35.50,     0.00,    12.60,     0.00,     0.16,    20.88,     0.00,     0.00,     0.00,     0.00,     0.00,     0.00,     0.87,     0.00,     0.00,     0.00,     0.00,     0.00,     0.00,     0.00,     0.00,     0.00,     4.12,  -999.99
cty,38035,SC: Dorchester County,1987,09,PRCP,    44.15,     0.00,    13.03,    22.67,   100.12,    49.31,    30.63,    15.00,     0.00,     0.00,     0.00,     3.24,     9.77,     0.00,     0.00,     0.00,     0.00,     0.00,     0.00,     3.34,     0.00,     0.00,     0.00,     0.00,     0.00,     0.00,     0.00,     0.02,     0.02,     6.98,  -999.99
cty,38037,SC: Edgefield County,1987,09,PRCP,     6.40,     0.00,     0.00,     0.00,     6.61,     8.60,    14.21,    10.73,     0.07,     0.00,     0.03,     1.98,     9.98,     0.00,     0.00,     0.00,     0.00,     0.00,     0.00,     4.87,     0.00,     0.00,     0.00,     0.00,     0.00,     0.00,     0.00,     0.00,     0.00,     8.73,  -999.99
cty,38039,SC: Fairfield County,1987,09,PRCP,     9.92,     0.00,     0.00,     0.17,    26.56,    20.04,    40.38,    25.19,     1.21,     6.42,     4.54,    11.01,    14.61,     0.00,     0.00,     0.00,     0.00,     0.00,     0.03,     1.63,     0.00,     0.00,     0.00,     0.00,     0.00,     0.00,     0.00,     0.00,     0.05,     9.72,  -999.99
cty,38041,SC: Florence County,1987,09,PRCP,    29.05,     0.00,     0.00,     0.48,    50.25,    29.89,    29.25,    30.40,     0.00,     9.05,     0.00,     0.94,    17.38,     0.00,     0.00,     0.00,     0.00,     0.00,     0.00,     1.09,     0.00,     0.00,     0.00,     0.00,     0.00,     0.00,     0.00,     0.06,     0.00,     3.41,  -999.99
cty,38043,SC: Georgetown County,1987,09,PRCP,    49.92,     0.00,     0.90,    17.36,   100.43,    49.68,    30.61,    33.68,     0.00,    10.17,     0.00,     0.00,    18.22,     0.75,     0.00,     0.00,     0.00,     0.00,     0.00,     2.07,     0.00,     0.00,     0.00,     0.00,     0.00,     0.00,     0.00,     1.87,     0.00,     3.34,  -999.99
cty,38045,SC: Greenville County,1987,09,PRCP,     0.00,     0.05,     0.00,     0.25,     7.08,    30.06,    24.77,    12.05,     1.18,     1.51,    10.26,     3.81,    14.33,     0.16,     0.00,     0.02,     3.38,     0.00,     0.00,     3.07,     0.00,     0.00,     0.00,     0.00,     0.00,     0.00,     0.00,     0.00,     0.00,     9.53,  -999.99
cty,38047,SC: Greenwood County,1987,09,PRCP,     2.89,     0.00,     0.00,     0.00,    15.38,    14.86,    18.51,    17.20,     0.16,     0.00,     0.00,     5.50,    13.13,     0.00,     0.00,     0.00,     0.00,     0.00,     0.00,     5.29,     0.00,     0.00,     0.00,     0.00,     0.00,     0.00,     0.00,     0.00,     0.00,     9.42,  -999.99
cty,38049,SC: Hampton County,1987,09,PRCP,    30.96,     0.50,    15.46,    19.26,    49.25,    37.74,    17.88,     8.59,     0.00,     0.00,     0.00,     5.80,    10.62,     0.00,     0.00,     0.00,     0.00,     0.00,     0.00,     6.22,     0.00,     0.00,     0.00,     0.00,     0.00,     0.00,     0.00,     0.00,     0.00,     9.58,  -999.99
cty,38051,SC: Horry County,1987,09,PRCP,    30.25,     0.00,     0.00,     5.24,    41.01,    29.02,    21.18,    30.52,     0.00,    12.17,     0.00,     0.00,    17.90,     1.46,     0.11,     0.00,     0.00,     0.00,     0.00,     1.13,     0.00,     0.00,     0.00,     0.00,     0.00,     0.00,     0.00,     0.36,     0.00,     2.13,  -999.99
cty,38053,SC: Jasper County,1987,09,PRCP,    32.53,     2.25,    16.29,    38.85,    71.25,    46.37,    16.02,     7.32,     0.00,     0.00,     0.00,     6.08,     9.18,     0.84,     0.00,     0.00,     0.00,     0.00,     0.34,     5.74,     0.00,     0.00,     0.00,     0.00,     0.00,     0.00,     0.00,     0.22,     0.28,     9.69,  -999.99
cty,38055,SC: Kershaw County,1987,09,PRCP,    17.93,     0.00,     0.00,     0.00,    36.87,    22.02,    42.08,    26.69,     0.00,     7.37,     1.44,     7.64,    17.60,     0.00,     0.00,     0.00,     0.00,     0.00,     0.00,     1.16,     0.00,     0.00,     0.00,     0.00,     0.00,     0.00,     0.00,     0.00,     0.00,     7.54,  -999.99
cty,38057,SC: Lancaster County,1987,09,PRCP,    11.20,     0.00,     0.00,     0.00,    31.08,    20.75,    43.26,    35.05,     0.00,     7.83,     9.14,     9.57,    18.05,     0.00,     0.00,     0.00,     0.00,     0.00,     0.00,     1.13,     0.00,     0.00,     0.00,     0.00,     0.00,     0.00,     0.00,     0.01,     0.00,    10.35,  -999.99
cty,38059,SC: Laurens County,1987,09,PRCP,     0.43,     0.00,     0.00,     0.00,    13.98,    17.12,    22.67,    16.50,     0.06,     0.22,     1.06,     6.13,    11.68,     0.00,     0.00,     0.00,     0.00,     0.00,     0.00,     2.60,     0.00,     0.00,     0.00,     0.00,     0.00,     0.00,     0.00,     0.00,     0.00,     8.53,  -999.99
cty,38061,SC: Lee County,1987,09,PRCP,    23.25,     0.00,     0.00,     0.00,    41.26,    23.58,    37.41,    23.33,     0.00,     7.09,     0.00,     4.31,    17.25,     0.00,     0.00,     0.00,     0.00,     0.00,     0.00,     1.06,     0.00,     0.00,     0.00,     0.00,     0.00,     0.00,     0.00,     0.00,     0.00,     5.06,  -999.99
cty,38063,SC: Lexington County,1987,09,PRCP,    15.25,     0.00,     0.00,     0.00,    17.30,    21.09,    31.48,    20.09,     0.14,     0.80,     0.00,     7.32,    12.80,     0.00,     0.00,     0.00,     0.00,     0.00,     0.00,     2.51,     0.00,     0.00,     0.00,     0.00,     0.00,     0.00,     0.00,     0.00,     0.00,    10.71,  -999.99
cty,38065,SC: McCormick County,1987,09,PRCP,     3.62,     0.00,     0.00,     0.00,     7.98,     7.48,    13.13,     8.85,     0.16,     0.00,     0.00,     0.40,     9.23,     0.00,     0.00,     0.00,     0.00,     0.00,     0.00,     6.03,     0.00,     0.00,     0.00,     0.00,     0.00,     0.00,     0.00,     0.00,     0.00,     6.50,  -999.99
cty,38067,SC: Marion County,1987,09,PRCP,    26.45,     0.01,     0.00,     1.22,    40.96,    27.89,    23.92,    32.94,     0.00,    11.37,     0.00,     0.00,    17.90,     0.08,     0.08,     0.00,     0.00,     0.00,     0.00,     0.99,     0.00,     0.00,     0.00,     0.00,     0.00,     0.00,     0.00,     0.06,     0.00,     2.95,  -999.99
cty,38069,SC: Marlboro County,1987,09,PRCP,    16.59,     0.00,     0.00,     0.00,    26.64,    21.08,    26.88,    34.93,     0.00,    11.09,     0.10,     2.61,    21.07,     0.00,     0.00,     0.00,     0.00,     0.00,     0.00,     0.78,     0.00,     0.00,     0.00,     0.00,     0.00,     0.00,     0.00,     0.00,     0.00,     6.24,  -999.99
cty,38071,SC: Newberry County,1987,09,PRCP,     6.73,     0.00,     0.00,     0.00,    18.03,    18.92,    31.97,    23.05,     0.63,     2.07,     0.09,     9.71,    13.56,     0.00,     0.00,     0.00,     0.00,     0.00,     0.00,     2.46,     0.00,     0.00,     0.00,     0.00,     0.00,     0.00,     0.00,     0.00,     0.00,    11.78,  -999.99
cty,38073,SC: Oconee County,1987,09,PRCP,     0.00,     0.00,     0.00,     0.34,     1.86,    23.82,    27.08,     4.85,     2.25,     1.05,    10.15,     4.97,    14.33,     0.00,     0.00,     0.00,     3.88,     0.00,     0.00,     5.60,     0.00,     0.00,     0.00,     0.00,     0.00,     0.00,     0.00,     0.00,     0.00,     9.71,  -999.99
cty,38075,SC: Orangeburg County,1987,09,PRCP,    28.43,     0.00,     4.69,     4.79,    51.53,    31.80,    30.82,    13.58,     0.00,     0.47,     0.00,     4.02,    10.70,     0.00,     0.00,     0.00,     0.00,     0.00,     0.00,     2.50,     0.00,     0.00,     0.00,     0.00,     0.00,     0.00,     0.00,     0.04,     0.16,     6.81,  -999.99
cty,38077,SC: Pickens County,1987,09,PRCP,     0.00,     0.00,     0.00,     0.27,     3.11,    25.58,    20.92,     5.81,     2.12,     1.19,    10.21,     3.39,    13.12,     0.02,     0.00,     0.00,     4.17,     0.00,     0.00,     3.67,     0.00,     0.00,     0.00,     0.00,     0.00,     0.00,     0.00,     0.00,     0.00,     8.96,  -999.99
cty,38079,SC: Richland County,1987,09,PRCP,    19.32,     0.00,     0.00,     0.00,    34.49,    23.40,    41.01,    20.82,     0.16,     5.39,     0.00,     7.80,    14.89,     0.00,     0.00,     0.00,     0.00,     0.00,     0.00,     1.77,     0.00,     0.00,     0.00,     0.00,     0.00,     0.00,     0.00,     0.00,     0.00,     8.12,  -999.99
cty,38081,SC: Saluda County,1987,09,PRCP,     8.49,     0.00,     0.00,     0.00,     9.94,    14.76,    22.51,    18.96,     0.00,     0.00,     0.00,     6.41,    11.93,     0.00,     0.00,     0.00,     0.00,     0.00,     0.00,     3.38,     0.00,     0.00,     0.00,     0.00,     0.00,     0.00,     0.00,     0.00,     0.00,    11.47,  -999.99
cty,38083,SC: Spartanburg County,1987,09,PRCP,     0.00,     0.01,     0.00,     0.01,    13.03,    25.60,    32.32,    21.08,     0.00,     2.39,    11.49,     5.63,    14.82,     0.02,     0.00,     0.00,     1.17,     0.00,     0.00,     2.20,     0.00,     0.00,     0.00,     0.00,     0.00,     0.00,     0.00,     0.00,     0.00,    10.89,  -999.99
cty,38085,SC: Sumter County,1987,09,PRCP,    26.39,     0.00,     0.00,     0.00,    49.64,    24.84,    38.83,    18.86,     0.00,     5.36,     0.00,     4.03,    15.43,     0.00,     0.00,     0.00,     0.00,     0.00,     0.00,     1.32,     0.00,     0.00,     0.00,     0.00,     0.00,     0.00,     0.00,     0.00,     0.00,     4.80,  -999.99
cty,38087,SC: Union County,1987,09,PRCP,     1.20,     0.00,     0.00,     0.00,    25.77,    25.91,    46.92,    30.86,     0.00,     5.80,    12.68,    12.02,    17.97,     0.00,     0.00,     0.00,     0.00,     0.00,     0.00,     2.20,     0.00,     0.00,     0.00,     0.00,     0.00,     0.00,     0.00,     0.00,     0.00,    14.28,  -999.99
cty,38089,SC: Williamsburg County,1987,09,PRCP,    50.31,     0.00,     0.29,     8.91,   107.88,    49.46,    37.80,    34.40,     0.00,     8.68,     0.00,     0.32,    19.66,     0.00,     0.00,     0.00,     0.00,     0.00,     0.00,     2.03,     0.00,     0.00,     0.00,     0.00,     0.00,     0.00,     0.00,     1.63,     0.00,     4.18,  -999.99
cty,38091,SC: York County,1987,09,PRCP,     2.46,     0.00,     0.00,     0.00,    27.39,    25.20,    53.08,    43.15,     0.00,     7.02,    18.97,    10.35,    19.54,     0.00,     0.00,     0.00,     0.00,     0.00,     0.00,     1.70,     0.00,     0.00,     0.00,     0.00,     0.00,     0.00,     0.00,     0.02,     0.00,    14.29,  -999.99
cty,39003,SD: Aurora County,1987,09,PRCP,     0.00,     0.00,     0.00,     0.00,    13.80,     0.00,     0.00,     1.52,     0.00,     0.00,     0.00,     3.83,     0.00,     0.00,     0.00,    12.39,     8.75,     0.00,     0.07,     0.00,     0.00,     0.00,     0.00,     0.00,     0.00,     0.00,     0.00,     0.00,     0.00,     0.00,  -999.99
cty,39005,SD: Beadle County,1987,09,PRCP,     0.00,     0.00,     0.00,     0.00,    10.71,     0.00,     0.00,     1.20,     0.00,     0.00,     0.00,     5.13,     0.00,     0.00,     0.00,     2.95,    10.62,     0.95,     1.81,     0.39,     0.00,     0.00,     0.00,     0.00,     0.00,     0.00,     0.00,     0.00,     0.00,     0.00,  -999.99
cty,39007,SD: Bennett County,1987,09,PRCP,     0.00,     0.00,     0.00,     0.00,     1.31,     0.00,     2.68,     2.96,     2.53,     0.00,     0.65,     1.76,     0.00,     0.00,     8.18,    11.67,     1.37,     0.00,     0.00,     0.00,     0.00,     0.00,     0.00,     0.00,     0.00,     0.00,     0.00,     0.00,     0.00,     0.00,  -999.99
cty,39009,SD: Bon Homme County,1987,09,PRCP,     0.00,     0.00,     0.00,     0.00,     1.84,     0.00,     0.00,     0.00,     3.64,     0.07,     0.00,     2.81,     0.00,     0.00,     0.81,    39.26,    18.84,     0.00,     0.00,     0.00,     0.00,     0.00,     0.00,     0.00,     0.00,     0.00,     0.00,     0.00,     0.00,     0.00,  -999.99
cty,39011,SD: Brookings County,1987,09,PRCP,     0.00,     0.00,     0.00,     0.00,    27.36,     0.58,     0.00,     0.43,     0.30,     0.26,     0.60,     9.49,     1.17,     0.00,     0.00,    12.33,    23.27,     2.26,     5.89,     2.90,     0.03,     0.00,     0.00,     0.00,     0.00,     0.00,     0.00,     0.00,     0.00,     0.00,  -999.99
cty,39013,SD: Brown County,1987,09,PRCP,     0.00,     0.00,     0.00,     0.00,    11.05,     0.27,     0.00,     1.65,     0.00,     0.01,     0.72,     4.15,     0.09,     0.00,     0.00,     0.00,     5.15,     1.00,     3.80,     0.99,     0.00,     0.00,     0.00,     0.00,     0.00,     0.00,     0.00,     0.00,     1.54,     0.00,  -999.99
cty,39015,SD: Brule County,1987,09,PRCP,     0.00,     0.00,     0.00,     0.00,     9.41,     0.00,     0.00,     2.13,     0.00,     0.00,     0.00,     4.65,     0.00,     0.00,     0.00,    12.43,     7.16,     0.00,     0.00,     0.00,     0.00,     0.00,     0.00,     0.00,     0.00,     0.00,     0.00,     0.00,     0.00,     0.00,  -999.99
cty,39017,SD: Buffalo County,1987,09,PRCP,     0.00,     0.00,     0.00,     0.00,     4.55,     0.00,     0.00,     2.17,     0.00,     0.00,     0.00,     7.07,     0.00,     0.00,     0.00,     5.42,     8.37,     0.05,     0.00,     0.00,     0.00,     0.00,     0.00,     0.00,     0.00,     0.00,     0.00,     0.00,     0.00,     0.00,  -999.99
cty,39019,SD: Butte County,1987,09,PRCP,     0.00,     0.00,     0.00,     4.53,    15.84,     1.50,     3.05,     0.00,     0.00,     0.00,     4.75,     0.00,     0.00,     0.00,     0.00,     0.00,     0.00,     0.00,     0.00,     0.00,     0.00,     0.00,     0.00,     0.00,     0.00,     0.00,     0.00,     0.00,     0.00,     0.00,  -999.99
cty,39021,SD: Campbell County,1987,09,PRCP,     0.00,     0.00,     0.00,     0.00,     0.82,     0.09,     0.05,     3.00,     0.00,     0.00,     6.22,     6.10,     0.00,     0.00,     0.00,     0.00,     0.00,     0.05,     1.04,     0.00,     0.00,     0.00,     0.00,     0.00,     0.00,     0.00,     0.00,     0.00,     2.30,     0.00,  -999.99
cty,39023,SD: Charles Mix County,1987,09,PRCP,     0.00,     0.00,     0.00,     0.00,    17.81,     0.00,     0.11,     2.61,     3.03,     0.09,     0.00,     3.65,     0.06,     0.00,     0.16,    35.69,    10.42,     0.00,     0.00,     0.00,     0.00,     0.00,     0.00,     0.00,     0.00,     0.00,     0.00,     0.00,     0.00,     0.00,  -999.99
cty,39025,SD: Clark County,1987,09,PRCP,     0.00,     0.00,     0.00,     0.00,    13.00,     0.15,     0.00,     1.05,     0.00,     0.08,     0.00,     4.96,     0.00,     0.00,     0.00,     1.49,     8.79,     1.17,     2.94,     1.24,     0.00,     0.00,     0.00,     0.00,     0.00,     0.00,     0.00,     0.00,     0.00,     0.00,  -999.99
cty,39027,SD: Clay County,1987,09,PRCP,     0.00,     0.00,     0.00,     0.00,     0.00,     0.00,     0.00,     0.00,     0.89,     0.60,     0.00,     1.88,     1.00,     0.00,     2.72,    27.52,    29.24,     0.00,     1.36,     0.00,     0.00,     0.00,     0.00,     0.00,     0.00,     0.00,     0.00,     0.00,     0.00,     0.00,  -999.99
cty,39029,SD: Codington County,1987,09,PRCP,     0.00,     0.00,     0.00,     0.00,    21.47,     1.12,     0.00,     0.32,     0.16,     0.00,     0.09,     5.96,     0.00,     0.00,     0.00,     2.93,    11.99,     1.57,     4.88,     2.09,     0.00,     0.00,     0.00,     0.00,     0.00,     0.00,     0.00,     0.00,     0.09,     0.00,  -999.99
cty,39031,SD: Corson County,1987,09,PRCP,     0.00,     0.00,     0.00,     2.62,     1.20,     0.94,     2.59,     0.27,     0.00,     0.00,     7.43,     1.17,     0.00,     0.00,     0.00,     0.00,     0.00,     0.38,     0.00,     0.00,     0.00,     0.00,     0.00,     0.00,     0.00,     0.00,     0.00,     0.00,     0.79,     0.00,  -999.99
cty,39033,SD: Custer County,1987,09,PRCP,     0.00,     0.00,     0.29,     2.39,     3.46,     0.09,     3.58,     4.76,     0.31,     0.05,     1.24,     0.00,     0.00,     0.00,     0.00,     0.74,     1.98,     0.00,     0.00,     0.00,     0.00,     0.00,     0.00,     0.00,     0.00,     0.00,     0.00,     0.00,     0.00,     0.00,  -999.99
cty,39035,SD: Davison County,1987,09,PRCP,     0.00,     0.00,     0.00,     0.00,    19.91,     0.00,     0.00,     0.87,     0.00,     0.00,     0.00,     4.64,     0.00,     0.00,     0.00,    18.34,    14.46,     0.00,     1.27,     0.38,     0.00,     0.00,     0.00,     0.00,     0.00,     0.00,     0.00,     0.00,     0.00,     0.00,  -999.99
cty,39037,SD: Day County,1987,09,PRCP,     0.00,     0.00,     0.00,     0.00,    18.67,     1.62,     0.00,     1.66,     0.00,     0.16,     0.00,     6.06,     0.06,     0.00,     0.00,     0.02,     9.46,     1.74,     5.79,     2.14,     0.00,     0.00,     0.00,     0.00,     0.00,     0.00,     0.00,     0.00,     1.93,     0.00,  -999.99
cty,39039,SD: Deuel County,1987,09,PRCP,     0.00,     0.00,     0.00,     0.00,    22.87,     0.62,     0.00,     0.00,     0.90,     0.00,     1.53,     7.66,     0.00,     0.00,     0.00,     6.45,    18.16,     2.50,     6.79,     2.76,     0.00,     0.00,     0.00,     0.00,     0.00,     0.00,     0.00,     0.00,     0.00,     0.00,  -999.99
cty,39041,SD: Dewey County,1987,09,PRCP,     0.00,     0.00,     0.00,     0.07,     0.01,     0.01,     1.40,     1.90,     0.00,     0.00,     5.44,     4.51,     0.00,     0.00,     0.00,     0.00,     0.00,     0.02,     0.00,     0.00,     0.00,     0.00,     0.00,     0.00,     0.00,     0.00,     0.00,     0.00,     0.02,     0.00,  -999.99
cty,39043,SD: Douglas County,1987,09,PRCP,     0.00,     0.00,     0.00,     0.00,    15.68,     0.00,     0.00,     1.75,     1.49,     0.00,     0.00,     3.55,     0.00,     0.00,     0.00,    23.97,    10.81,     0.00,     0.03,     0.01,     0.00,     0.00,     0.00,     0.00,     0.00,     0.00,     0.00,     0.00,     0.00,     0.00,  -999.99
cty,39045,SD: Edmunds County,1987,09,PRCP,     0.00,     0.00,     0.00,     0.00,     3.86,     0.00,     0.00,     1.79,     0.00,     0.24,     1.62,     4.12,     0.00,     0.00,     0.00,     0.00,     3.98,     0.02,     1.88,     0.03,     0.00,     0.00,     0.00,     0.00,     0.00,     0.00,     0.00,     0.00,     0.28,     0.00,  -999.99
cty,39047,SD: Fall River County,1987,09,PRCP,     0.00,     0.00,     0.00,     1.68,     5.53,     0.00,     1.32,     2.19,     2.40,     0.00,     1.51,     0.00,     0.00,     0.00,     0.08,     0.53,     1.90,     0.00,     0.00,     0.00,     0.00,     0.00,     0.00,     0.00,     0.00,     0.00,     0.00,     0.00,     0.00,     0.00,  -999.99
cty,39049,SD: Faulk County,1987,09,PRCP,     0.00,     0.00,     0.00,     0.00,     5.34,     0.00,     0.00,     2.10,     0.00,     0.65,     0.27,     5.53,     0.00,     0.00,     0.00,     0.00,     7.54,     0.20,     2.08,     0.09,     0.00,     0.00,     0.00,     0.00,     0.00,     0.00,     0.00,     0.00,     0.00,     0.00,  -999.99
cty,39051,SD: Grant County,1987,09,PRCP,     0.00,     0.00,     0.00,     0.00,    21.76,     1.38,     0.00,     0.03,     0.03,     0.00,     1.47,     5.94,     0.06,     0.00,     0.00,     1.99,    16.00,     2.73,     7.91,     2.79,     0.01,     0.00,     0.00,     0.00,     0.00,     0.00,     0.00,     0.00,     1.67,     0.00,  -999.99
cty,39053,SD: Gregory County,1987,09,PRCP,     0.00,     0.00,     0.00,     0.00,    18.71,     0.00,     1.03,     2.84,     3.64,     0.00,     0.00,     2.92,     0.00,     0.00,     1.15,    29.26,     4.36,     0.00,     0.00,     0.00,     0.00,     0.00,     0.00,     0.00,     0.00,     0.00,     0.00,     0.00,     0.00,     0.00,  -999.99
cty,39055,SD: Haakon County,1987,09,PRCP,     0.00,     0.00,     0.00,     0.00,     0.00,     0.00,     1.64,     2.54,     0.00,     0.00,     3.54,     2.25,     0.00,     0.00,     0.00,     0.59,     0.06,     0.00,     0.00,     0.00,     0.00,     0.00,     0.00,     0.00,     0.00,     0.00,     0.00,     0.00,     0.00,     0.00,  -999.99
cty,39057,SD: Hamlin County,1987,09,PRCP,     0.00,     0.00,     0.00,     0.00,    24.30,     0.75,     0.00,     0.03,     0.36,     0.00,     0.00,     7.10,     0.00,     0.00,     0.00,     5.02,    14.31,     1.57,     4.49,     2.09,     0.00,     0.00,     0.00,     0.00,     0.00,     0.00,     0.00,     0.00,     0.00,     0.00,  -999.99
cty,39059,SD: Hand County,1987,09,PRCP,     0.00,     0.00,     0.00,     0.00,     5.56,     0.00,     0.01,     2.61,     0.06,     0.06,     0.00,     8.08,     0.00,     0.00,     0.00,     1.29,    13.20,     0.36,     1.90,     0.00,     0.00,     0.00,     0.00,     0.00,     0.00,     0.00,     0.00,     0.00,     0.00,     0.00,  -999.99
cty,39061,SD: Hanson County,1987,09,PRCP,     0.00,     0.00,     0.00,     0.00,    12.13,     0.00,     0.00,     0.00,     0.00,     0.00,     0.00,     4.83,     0.00,     0.00,     0.00,    19.45,    17.38,     0.42,     1.73,     0.05,     0.00,     0.00,     0.00,     0.00,     0.00,     0.00,     0.00,     0.00,     0.00,     0.00,  -999.99
cty,39063,SD: Harding County,1987,09,PRCP,     0.00,     0.00,     0.02,     4.01,    21.52,     2.07,     2.61,     0.00,     0.00,     0.00,     7.26,     0.00,     0.00,     0.00,     0.00,     0.00,     0.00,     0.00,     0.00,     0.00,     0.00,     0.00,     0.00,     0.00,     0.00,     0.00,     0.00,     0.59,     0.00,     0.00,  -999.99
cty,39065,SD: Hughes County,1987,09,PRCP,     0.00,     0.00,     0.00,     0.00,     0.92,     0.00,     0.02,     3.19,     0.00,     0.00,     0.58,     9.59,     0.00,     0.00,     0.00,     0.78,     5.39,     0.00,     0.03,     0.00,     0.00,     0.00,     0.00,     0.00,     0.00,     0.00,     0.00,     0.00,     0.00,     0.00,  -999.99
cty,39067,SD: Hutchinson County,1987,09,PRCP,     0.00,     0.00,     0.00,     0.00,     5.77,     0.00,     0.00,     0.00,     1.39,     0.00,     0.00,     3.30,     0.00,     0.00,     0.61,    25.33,    17.87,     0.00,     0.95,     0.01,     0.00,     0.00,     0.00,     0.00,     0.00,     0.00,     0.00,     0.00,     0.00,     0.00,  -999.99
cty,39069,SD: Hyde County,1987,09,PRCP,     0.00,     0.00,     0.00,     0.00,     3.12,     0.00,     0.00,     3.55,     0.00,     0.04,     0.00,    11.56,     0.00,     0.00,     0.00,     1.23,    10.53,     0.00,     0.78,     0.00,     0.00,     0.00,     0.00,     0.00,     0.00,     0.00,     0.00,     0.00,     0.00,     0.00,  -999.99
cty,39071,SD: Jackson County,1987,09,PRCP,     0.00,     0.00,     0.00,     0.00,     0.20,     0.00,     2.47,     3.70,     0.19,     0.00,     3.07,     2.33,     0.00,     0.00,     1.81,     7.95,     0.00,     0.00,     0.00,     0.00,     0.00,     0.00,     0.00,     0.00,     0.00,     0.00,     0.00,     0.00,     0.00,     0.00,  -999.99
cty,39073,SD: Jerauld County,1987,09,PRCP,     0.00,     0.00,     0.00,     0.00,     8.86,     0.00,     0.00,     1.28,     0.00,     0.00,     0.00,     4.10,     0.00,     0.00,     0.00,     4.94,     8.11,     0.00,     0.63,     0.00,     0.00,     0.00,     0.00,     0.00,     0.00,     0.00,     0.00,     0.00,     0.00,     0.00,  -999.99
cty,39075,SD: Jones County,1987,09,PRCP,     0.00,     0.00,     0.00,     0.00,     0.00,     0.00,     0.02,     3.38,     0.00,     0.00,     1.40,     4.52,     0.00,     0.00,     0.00,     6.18,     0.68,     0.00,     0.00,     0.00,     0.00,     0.00,     0.00,     0.00,     0.00,     0.00,     0.00,     0.00,     0.00,     0.00,  -999.99
cty,39077,SD: Kingsbury County,1987,09,PRCP,     0.00,     0.00,     0.00,     0.00,    17.20,     0.14,     0.00,     0.11,     0.00,     0.05,     0.00,     6.99,     0.00,     0.00,     0.00,     7.07,    14.20,     1.54,     3.17,     1.50,     0.00,     0.00,     0.00,     0.00,     0.00,     0.00,     0.00,     0.00,     0.00,     0.00,  -999.99
cty,39079,SD: Lake County,1987,09,PRCP,     0.00,     0.00,     0.00,     0.00,    12.40,     0.00,     0.00,     0.00,     0.02,     0.00,     0.00,     6.79,     1.25,     0.00,     0.02,    13.57,    19.34,     1.59,     3.20,     1.71,     0.00,     0.00,     0.00,     0.00,     0.00,     0.00,     0.00,     0.00,     0.00,     0.00,  -999.99
cty,39081,SD: Lawrence County,1987,09,PRCP,     0.00,     0.00,     0.00,     3.62,    11.56,     1.95,     5.96,     1.45,     0.00,     0.00,     5.66,     0.00,     0.00,     0.00,     0.00,     0.00,     1.57,     0.17,     0.00,     0.00,     0.00,     0.00,     0.00,     0.00,     0.00,     0.00,     0.00,     0.00,     0.00,     0.00,  -999.99
cty,39083,SD: Lincoln County,1987,09,PRCP,     0.00,     0.00,     0.00,     0.00,     0.00,     0.00,     0.00,     0.00,     0.00,     0.00,     0.00,     3.03,     2.22,     0.00,     4.39,    24.86,    29.35,     0.47,     2.12,     0.82,     0.00,     0.00,     0.00,     0.00,     0.00,     0.00,     0.00,     0.00,     0.00,     0.00,  -999.99
cty,39085,SD: Lyman County,1987,09,PRCP,     0.00,     0.00,     0.00,     0.00,     2.50,     0.00,     0.00,     2.47,     0.00,     0.00,     0.00,     5.02,     0.00,     0.00,     0.00,     6.97,     4.13,     0.00,     0.00,     0.00,     0.00,     0.00,     0.00,     0.00,     0.00,     0.00,     0.00,     0.00,     0.00,     0.00,  -999.99
cty,39087,SD: McCook County,1987,09,PRCP,     0.00,     0.00,     0.00,     0.00,     4.47,     0.00,     0.00,     0.00,     0.00,     0.00,     0.04,     4.80,     0.53,     0.00,     1.84,    19.30,    20.13,     1.25,     2.03,     0.50,     0.00,     0.00,     0.00,     0.00,     0.00,     0.00,     0.00,     0.00,     0.00,     0.00,  -999.99
cty,39089,SD: McPherson County,1987,09,PRCP,     0.00,     0.00,     0.00,     0.00,     2.76,     0.03,     0.00,     2.23,     0.00,     0.08,     3.27,     4.35,     0.00,     0.00,     0.00,     0.00,     1.62,     0.00,     2.46,     0.07,     0.00,     0.00,     0.00,     0.00,     0.00,     0.00,     0.00,     0.10,     2.04,     0.00,  -999.99
cty,39091,SD: Marshall County,1987,09,PRCP,     0.00,     0.00,     0.00,     0.06,    16.89,     2.76,     0.00,     1.85,     0.00,     0.00,     0.27,     5.65,     1.60,     0.00,     0.02,     0.00,     6.30,     1.92,     7.66,     2.32,     0.00,     0.00,     0.00,     0.00,     0.00,     0.00,     0.00,     0.00,     4.72,     0.00,  -999.99
cty,39093,SD: Meade County,1987,09,PRCP,     0.00,     0.00,     0.00,     2.61,     4.13,     0.99,     3.39,     0.24,     0.00,     0.00,     4.77,     0.09,     0.00,     0.00,     0.00,     0.00,     0.08,     0.00,     0.00,     0.00,     0.00,     0.00,     0.00,     0.00,     0.00,     0.00,     0.00,     0.00,     0.00,     0.00,  -999.99
cty,39095,SD: Mellette County,1987,09,PRCP,     0.00,     0.00,     0.00,     0.00,     0.08,     0.00,     1.66,     3.82,     0.17,     0.00,     0.34,     3.79,     0.00,     0.00,     1.22,    11.78,     0.08,     0.00,     0.00,     0.00,     0.00,     0.00,     0.00,     0.00,     0.00,     0.00,     0.00,     0.00,     0.00,     0.00,  -999.99
cty,39097,SD: Miner County,1987,09,PRCP,     0.00,     0.00,     0.00,     1.13,    11.09,     0.00,     0.00,     0.00,     0.00,     0.00,     0.20,     6.53,     0.00,     0.00,     0.27,    13.39,    16.20,     1.65,     2.47,     0.95,     0.00,     0.00,     0.00,     0.00,     0.00,     0.00,     0.00,     0.00,     0.00,     0.00,  -999.99
cty,39099,SD: Minnehaha County,1987,09,PRCP,     0.00,     0.00,     0.00,     0.00,     2.15,     0.00,     0.00,     0.00,     0.00,     0.00,     0.00,     4.35,     2.12,     0.00,     2.57,    17.29,    21.72,     1.22,     2.47,     1.27,     0.00,     0.00,     0.00,     0.00,     0.00,     0.00,     0.00,     0.00,     0.00,     0.00,  -999.99
cty,39101,SD: Moody County,1987,09,PRCP,     0.00,     0.00,     0.00,     0.00,     9.57,     0.00,     0.00,     0.00,     0.00,     0.00,     0.35,     6.82,     2.42,     0.00,     0.00,    15.60,    22.50,     1.67,     4.03,     2.13,     0.00,     0.00,     0.00,     0.00,     0.00,     0.00,     0.00,     0.00,     0.00,     0.00,  -999.99
cty,39102,SD: Oglala Lakota County,1987,09,PRCP,     0.00,     0.00,     0.00,     0.00,     3.65,     0.00,     2.59,     1.40,     1.45,     0.00,     3.00,     0.00,     0.00,     0.00,     2.39,     4.87,     1.18,     0.00,     0.00,     0.00,     0.00,     0.00,     0.00,     0.00,     0.00,     0.00,     0.00,     0.00,     0.00,     0.00,  -999.99
cty,39103,SD: Pennington County,1987,09,PRCP,     0.00,     0.00,     0.04,     1.17,     3.05,     0.28,     3.43,     2.63,     0.02,     0.01,     3.45,     0.02,     0.00,     0.00,     0.00,     0.56,     0.77,     0.00,     0.00,     0.00,     0.00,     0.00,     0.00,     0.00,     0.00,     0.00,     0.00,     0.00,     0.00,     0.00,  -999.99
cty,39105,SD: Perkins County,1987,09,PRCP,     0.00,     0.00,     0.08,     5.34,     5.45,     3.90,     2.42,     0.00,     0.00,     0.04,     6.14,     0.00,     0.00,     0.00,     0.00,     0.00,     0.04,     0.00,     0.00,     0.00,     0.00,     0.00,     0.00,     0.00,     0.00,     0.00,     0.00,     0.03,     0.00,     0.00,  -999.99
cty,39107,SD: Potter County,1987,09,PRCP,     0.00,     0.00,     0.00,     0.00,     0.29,     0.00,     0.00,     2.31,     0.00,     0.42,     2.31,     6.11,     0.00,     0.00,     0.00,     0.00,     2.47,     0.00,     0.83,     0.00,     0.00,     0.00,     0.00,     0.00,     0.00,     0.00,     0.00,     0.00,     0.00,     0.00,  -999.99
cty,39109,SD: Roberts County,1987,09,PRCP,     0.00,     0.00,     0.00,     0.00,    19.58,     2.61,     0.00,     0.51,     0.00,     0.00,     0.16,     4.84,     1.46,     0.00,     0.00,     0.04,    10.41,     2.35,     8.63,     2.79,     0.00,     0.00,     0.00,     0.00,     0.00,     0.00,     0.00,     0.01,     3.96,     0.00,  -999.99
cty,39111,SD: Sanborn County,1987,09,PRCP,     0.00,     0.00,     0.00,     0.00,    16.43,     0.00,     0.00,     0.75,     0.00,     0.00,     0.00,     5.41,     0.00,     0.00,     0.00,     9.54,    13.21,     0.72,     1.70,     0.05,     0.00,     0.00,     0.00,     0.00,     0.00,     0.00,     0.00,     0.00,     0.00,     0.00,  -999.99
cty,39115,SD: Spink County,1987,09,PRCP,     0.00,     0.00,     0.00,     0.00,    11.52,     0.01,     0.00,     1.78,     0.00,     0.23,     0.03,     5.67,     0.00,     0.00,     0.00,     0.08,    11.38,     1.46,     3.26,     1.11,     0.00,     0.00,     0.00,     0.00,     0.00,     0.00,     0.00,     0.00,     0.00,     0.00,  -999.99
cty,39117,SD: Stanley County,1987,09,PRCP,     0.00,     0.00,     0.00,     0.00,     0.03,     0.00,     0.50,     3.10,     0.00,     0.00,     3.31,     5.19,     0.00,     0.00,     0.00,     0.00,     0.80,     0.00,     0.00,     0.00,     0.00,     0.00,     0.00,     0.00,     0.00,     0.00,     0.00,     0.00,     0.00,     0.00,  -999.99
cty,39119,SD: Sully County,1987,09,PRCP,     0.00,     0.00,     0.00,     0.00,     0.32,     0.00,     0.00,     2.93,     0.00,     0.00,     2.06,     8.17,     0.00,     0.00,     0.00,     0.00,     3.56,     0.00,     0.08,     0.00,     0.00,     0.00,     0.00,     0.00,     0.00,     0.00,     0.00,     0.00,     0.00,     0.00,  -999.99
cty,39121,SD: Todd County,1987,09,PRCP,     0.00,     0.00,     0.00,     0.00,     0.70,     0.00,     1.65,     2.03,     1.95,     0.00,     0.00,     1.73,     0.00,     0.00,     4.48,    10.67,     0.00,     0.00,     0.00,     0.00,     0.00,     0.00,     0.00,     0.00,     0.00,     0.00,     0.00,     0.00,     0.00,     0.00,  -999.99
cty,39123,SD: Tripp County,1987,09,PRCP,     0.00,     0.00,     0.00,     0.00,     4.96,     0.00,     1.06,     2.23,     2.30,     0.00,     0.00,     2.58,     0.00,     0.00,     2.03,    14.63,     1.60,     0.00,     0.00,     0.00,     0.00,     0.00,     0.00,     0.00,     0.00,     0.00,     0.00,     0.00,     0.00,     0.00,  -999.99
cty,39125,SD: Turner County,1987,09,PRCP,     0.00,     0.00,     0.00,     0.00,     0.04,     0.00,     0.00,     0.00,     0.17,     0.00,     0.00,     3.88,     1.50,     0.00,     4.25,    28.46,    30.60,     0.29,     2.11,     0.14,     0.00,     0.00,     0.00,     0.00,     0.00,     0.00,     0.00,     0.00,     0.00,     0.00,  -999.99
cty,39127,SD: Union County,1987,09,PRCP,     0.00,     0.00,     0.00,     0.00,     0.00,     0.00,     0.00,     0.00,     0.05,     0.91,     0.00,     1.56,     1.38,     0.00,     3.82,    28.90,    31.38,     0.00,     1.40,     0.17,     0.00,     0.00,     0.00,     0.00,     0.00,     0.00,     0.00,     0.00,     0.00,     0.00,  -999.99
cty,39129,SD: Walworth County,1987,09,PRCP,     0.00,     0.00,     0.00,     0.00,     0.29,     0.05,     0.00,     2.76,     0.00,     0.01,     3.89,     6.27,     0.00,     0.00,     0.00,     0.00,     1.16,     0.06,     0.77,     0.00,     0.00,     0.00,     0.00,     0.00,     0.00,     0.00,     0.00,     0.00,     0.45,     0.00,  -999.99
cty,39135,SD: Yankton County,1987,09,PRCP,     0.00,     0.00,     0.00,     0.00,     0.00,     0.00,     0.00,     0.00,     1.83,     0.36,     0.00,     2.21,     0.17,     0.00,     1.81,    28.42,    23.35,     0.02,     0.63,     0.00,     0.00,     0.00,     0.00,     0.00,     0.00,     0.00,     0.00,     0.00,     0.00,     0.00,  -999.99
cty,39137,SD: Ziebach County,1987,09,PRCP,     0.00,     0.00,     0.00,     0.72,     0.32,     0.42,     2.84,     0.33,     0.00,     0.00,     7.00,     1.30,     0.00,     0.00,     0.00,     0.00,     0.00,     0.00,     0.00,     0.00,     0.00,     0.00,     0.00,     0.00,     0.00,     0.00,     0.00,     0.00,     0.00,     0.00,  -999.99
cty,40001,TN: Anderson County,1987,09,PRCP,     0.00,     0.00,     0.00,     0.00,     0.00,     0.00,     9.97,     4.60,     8.71,     0.00,     4.89,    24.12,    15.52,     0.00,     0.00,     0.00,     3.31,     1.86,     2.56,    16.86,     0.00,     0.00,     0.00,     0.00,     0.00,     0.00,     0.00,     0.00,     0.00,    35.80,  -999.99
cty,40003,TN: Bedford County,1987,09,PRCP,     0.00,     0.00,     0.00,     0.00,     0.00,     0.00,     1.41,     4.56,     2.25,     0.00,    11.37,    15.57,     2.82,     5.51,     0.00,     0.00,     1.98,     1.96,     8.06,     1.76,     0.00,     0.00,     0.00,     0.00,     0.00,     0.00,     0.00,     0.00,     0.00,    24.79,  -999.99
cty,40005,TN: Benton County,1987,09,PRCP,     0.00,     0.00,     0.00,     0.00,     0.00,     0.00,     0.00,     4.06,     0.00,     0.00,     6.67,     8.31,     0.00,     0.75,     0.00,     6.81,    13.54,     0.00,     5.82,     0.00,     0.00,     0.00,     0.00,     0.00,     0.00,     0.00,     0.00,     0.00,     6.75,    16.27,  -999.99
cty,40007,TN: Bledsoe County,1987,09,PRCP,     0.00,     0.00,     0.00,     0.00,     0.00,     0.00,     4.22,     4.19,     4.97,     0.00,     5.30,    12.63,     6.95,     3.26,     0.00,     0.00,     0.00,     1.45,     4.28,     6.12,     0.00,     0.00,     0.00,     0.00,     0.00,     0.00,     0.00,     0.00,     0.00,    21.65,  -999.99
cty,40009,TN: Blount County,1987,09,PRCP,     0.04,     0.00,     0.00,     0.00,     0.00,     1.06,     9.23,     6.42,     3.99,     0.00,     1.72,    10.78,    11.53,     0.05,     0.00,     0.00,     0.01,     0.12,     2.77,     8.62,     0.00,     0.00,     0.00,     0.00,     0.00,     0.00,     0.00,     0.00,     0.00,    19.63,  -999.99
cty,40011,TN: Bradley County,1987,09,PRCP,     0.00,     0.00,     0.00,     0.00,     0.00,     0.00,     4.87,     5.49,     4.73,     0.03,     3.72,    13.23,    10.95,     3.53,     0.00,     0.00,     0.17,     0.03,     4.63,     7.54,     0.00,     0.00,     0.00,     0.00,     0.00,     0.00,     0.00,     0.00,     0.00,    24.89,  -999.99
cty,40013,TN: Campbell County,1987,09,PRCP,     0.00,     0.00,     0.00,     0.00,     0.00,     0.04,     6.67,     4.33,     7.89,     0.00,     3.79,    21.29,    12.71,     0.00,     0.00,     0.00,     1.30,     1.44,     3.08,    15.17,     0.00,     0.00,     0.00,     0.00,     0.00,     0.00,     0.00,     0.00,     0.00,    33.36,  -999.99
cty,40015,TN: Cannon County,1987,09,PRCP,     0.00,     0.00,     0.00,     0.00,     0.00,     0.00,     3.28,     7.59,     6.16,     0.00,    12.07,    20.97,     5.12,     7.87,     0.00,     0.00,     2.47,     3.12,    12.65,     4.03,     0.00,     0.00,     0.00,     0.00,     0.00,     0.00,     0.00,     0.00,     0.00,    43.69,  -999.99
cty,40017,TN: Carroll County,1987,09,PRCP,     0.00,     0.00,     0.00,     0.00,     0.00,     0.00,     0.00,     4.09,     0.00,     0.00,     7.09,     5.93,     0.00,     0.11,     0.00,    10.90,    17.72,     0.01,     5.53,     0.00,     0.00,     0.00,     0.00,     0.00,     0.00,     0.00,     0.00,     0.00,    11.51,    12.14,  -999.99
cty,40019,TN: Carter County,1987,09,PRCP,     0.06,     0.00,     0.00,     0.00,     2.38,    13.27,    20.47,    25.26,     1.17,     0.04,     1.66,    10.95,    20.94,     0.00,     0.00,     0.00,     0.19,     2.39,     0.00,    10.89,     0.00,     0.00,     0.00,     0.00,     0.00,     0.00,     0.00,     0.00,     0.00,    13.90,  -999.99
cty,40021,TN: Cheatham County,1987,09,PRCP,     0.00,     0.00,     0.00,     0.00,     0.00,     0.00,     0.00,     5.00,     0.72,     0.00,     5.88,    15.10,     0.00,     3.69,     0.00,     0.00,     6.49,     2.95,     7.80,     0.00,     0.00,     0.00,     0.00,     0.00,     0.00,     0.00,     0.00,     0.00,     0.20,    29.32,  -999.99
cty,40023,TN: Chester County,1987,09,PRCP,     0.00,     0.00,     0.00,     0.00,     0.00,     0.00,     0.00,     3.71,     0.00,     0.00,    20.15,     7.81,     3.94,     0.00,     0.00,     4.96,     5.60,     0.00,     8.46,     0.00,     0.00,     0.00,     0.00,     0.00,     0.00,     0.00,     0.00,     0.00,     7.11,     7.09,  -999.99
cty,40025,TN: Claiborne County,1987,09,PRCP,     0.10,     0.00,     0.00,     0.00,     0.00,     0.00,     9.58,     7.93,     6.01,     0.00,     3.76,    25.85,    17.62,     0.00,     0.00,     0.00,     2.72,     1.84,     0.68,    17.72,     0.00,     0.00,     0.00,     0.00,     0.00,     0.00,     0.00,     0.00,     0.00,    33.45,  -999.99
cty,40027,TN: Clay County,1987,09,PRCP,     0.00,     0.00,     0.00,     0.00,     0.00,     0.00,     0.00,     2.71,     8.95,     0.00,     3.24,     7.44,     2.56,     3.02,     0.00,     0.00,     2.06,     1.68,     5.12,     4.47,     0.00,     0.00,     0.00,     0.00,     0.00,     0.00,     0.00,     0.00,     0.00,    27.75,  -999.99
cty,40029,TN: Cocke County,1987,09,PRCP,     0.05,     0.00,     0.00,     0.06,     0.20,     5.01,    17.79,    13.73,     1.56,     0.00,     1.11,    12.88,    16.93,     0.08,     0.00,     0.00,     0.02,     0.49,     2.43,     9.22,     0.00,     0.00,     0.00,     0.00,     0.00,     0.00,     0.00,     0.00,     0.00,    15.40,  -999.99
cty,40031,TN: Coffee County,1987,09,PRCP,     0.00,     0.00,     0.00,     0.00,     0.00,     0.00,     2.95,     6.63,     4.03,     0.00,    11.27,    17.89,     5.14,     6.09,     0.00,     0.00,     1.35,     2.37,     9.32,     3.22,     0.00,     0.00,     0.00,     0.00,     0.00,     0.00,     0.00,     0.00,     0.02,    31.62,  -999.99
cty,40033,TN: Crockett County,1987,09,PRCP,     0.00,     0.00,     0.00,     0.00,     0.00,     0.00,     0.00,     3.79,     0.00,     0.00,     9.73,     2.85,     4.58,     0.00,     0.00,    13.99,    12.35,     0.00,     5.72,     0.00,     0.00,     0.00,     0.00,     0.00,     0.00,     0.00,     0.00,     0.00,    20.10,     4.11,  -999.99
cty,40035,TN: Cumberland County,1987,09,PRCP,     0.00,     0.00,     0.00,     0.00,     0.00,     0.07,     3.62,     3.33,     6.57,     0.00,     4.22,    12.88,     5.66,     2.44,     0.00,     0.00,     0.00,     1.64,     4.52,     8.47,     0.00,     0.00,     0.00,     0.00,     0.00,     0.00,     0.00,     0.00,     0.00,    26.52,  -999.99
cty,40037,TN: Davidson County,1987,09,PRCP,     0.00,     0.00,     0.00,     0.00,     0.00,     0.00,     0.00,     4.28,     1.88,     0.00,     6.28,    14.03,     0.33,     4.05,     0.00,     0.00,     4.18,     2.85,     7.96,     0.58,     0.00,     0.00,     0.00,     0.00,     0.00,     0.00,     0.00,     0.00,     0.00,    28.37,  -999.99
cty,40039,TN: Decatur County,1987,09,PRCP,     0.00,     0.00,     0.00,     0.00,     0.00,     0.00,     0.00,     6.18,     0.00,     0.00,    23.64,    16.17,     0.00,     3.72,     0.00,     4.65,     9.90,     0.00,    11.69,     0.00,     0.00,     0.00,     0.00,     0.00,     0.00,     0.00,     0.00,     0.00,     6.77,    20.54,  -999.99
cty,40041,TN: DeKalb County,1987,09,PRCP,     0.00,     0.00,     0.00,     0.00,     0.04,     0.40,     2.83,     7.60,     9.26,     0.26,    10.32,    20.40,     5.64,     7.95,     0.00,     0.00,     2.07,     3.26,    13.45,     5.81,     0.00,     0.00,     0.00,     0.00,     0.00,     0.00,     0.00,     0.18,     0.00,    49.73,  -999.99
cty,40043,TN: Dickson County,1987,09,PRCP,     0.00,     0.00,     0.00,     0.00,     0.00,     0.00,     0.00,     6.16,     0.00,     0.00,     8.64,    18.53,     0.00,     4.73,     0.00,     0.47,     9.07,     2.16,     9.67,     0.00,     0.00,     0.00,     0.00,     0.00,     0.00,     0.00,     0.00,     0.00,     1.20,    33.48,  -999.99
cty,40045,TN: Dyer County,1987,09,PRCP,     0.00,     0.00,     0.00,     0.00,     0.00,     0.00,     0.00,     1.97,     0.00,     0.00,     4.76,     0.14,     1.61,     0.00,     0.00,    13.99,     9.23,     0.00,     2.63,     0.00,     0.00,     0.00,     0.00,     0.00,     0.00,     0.00,     0.00,     0.00,    17.03,     1.49,  -999.99
cty,40047,TN: Fayette County,1987,09,PRCP,     0.00,     0.00,     0.00,     0.00,     0.00,     0.00,     0.00,     4.36,     0.00,     0.00,    19.43,     2.85,     7.00,     0.00,     0.00,     7.21,     1.57,     0.00,     8.01,     0.00,     0.00,     0.00,     0.00,     0.00,     0.00,     0.00,     0.00,     0.00,     9.20,     0.81,  -999.99
cty,40049,TN: Fentress County,1987,09,PRCP,     0.00,     0.00,     0.00,     0.00,     0.00,     0.00,     2.05,     2.96,     9.01,     0.00,     3.42,    12.28,     5.09,     2.56,     0.00,     0.00,     0.00,     0.90,     4.91,    10.71,     0.00,     0.00,     0.00,     0.00,     0.00,     0.00,     0.00,     0.00,     0.00,    32.09,  -999.99
cty,40051,TN: Franklin County,1987,09,PRCP,     0.00,     0.00,     0.00,     0.00,     0.00,     0.00,     2.73,     6.58,     2.80,     0.00,    11.93,    15.84,     6.23,     5.40,     0.00,     0.00,     0.59,     2.13,     7.43,     2.61,     0.00,     0.00,     0.00,     0.00,     0.00,     0.00,     0.00,     0.00,     0.05,    23.48,  -999.99
cty,40053,TN: Gibson County,1987,09,PRCP,     0.00,     0.00,     0.00,     0.00,     0.00,     0.00,     0.00,     3.37,     0.00,     0.00,     6.17,     2.86,     0.00,     0.00,     0.00,    13.56,    16.57,     0.05,     4.37,     0.00,     0.00,     0.00,     0.00,     0.00,     0.00,     0.00,     0.00,     0.00,    17.31,     5.91,  -999.99
cty,40055,TN: Giles County,1987,09,PRCP,     0.00,     0.00,     0.00,     0.00,     0.00,     0.00,     0.95,     5.25,     1.88,     0.00,    26.26,    24.72,     3.63,     7.58,     0.00,     0.00,     3.54,     0.00,    11.39,     1.85,     0.00,     0.00,     0.00,     0.00,     0.00,     0.00,     0.00,     0.00,     0.00,    28.83,  -999.99
cty,40057,TN: Grainger County,1987,09,PRCP,     0.00,     0.00,     0.00,     0.00,     0.00,     1.83,    12.62,     9.29,     4.90,     0.00,     3.75,    22.69,    18.65,     0.00,     0.00,     0.00,     2.92,     1.70,     0.00,    17.12,     0.00,     0.00,     0.00,     0.00,     0.00,     0.00,     0.00,     0.00,     0.00,    29.07,  -999.99
cty,40059,TN: Greene County,1987,09,PRCP,     0.02,     0.00,     0.00,     0.00,     0.03,     6.18,    16.00,    17.36,     0.26,     0.02,     2.23,    10.89,    18.12,     0.00,     0.01,     0.00,     0.45,     1.49,     0.24,    11.06,     0.00,     0.00,     0.00,     0.00,     0.00,     0.00,     0.00,     0.00,     0.00,    15.22,  -999.99
cty,40061,TN: Grundy County,1987,09,PRCP,     0.00,     0.00,     0.00,     0.00,     0.00,     0.00,     4.03,     8.19,     5.29,     0.00,    10.32,    18.96,     8.26,     5.68,     0.00,     0.00,     0.00,     2.47,     8.56,     5.46,     0.00,     0.00,     0.00,     0.00,     0.00,     0.00,     0.00,     0.00,     0.32,    33.65,  -999.99
cty,40063,TN: Hamblen County,1987,09,PRCP,     0.00,     0.00,     0.00,     0.00,     0.00,     5.61,    14.06,    10.79,     2.81,     0.00,     3.75,    16.78,    17.06,     0.00,     0.00,     0.00,     2.51,     1.45,     0.00,    13.71,     0.00,     0.00,     0.00,     0.00,     0.00,     0.00,     0.00,     0.00,     0.00,    21.47,  -999.99
cty,40065,TN: Hamilton County,1987,09,PRCP,     0.00,     0.00,     0.00,     0.00,     0.00,     0.00,     6.02,     6.82,     5.22,     0.00,     6.44,    15.55,    12.92,     5.21,     0.00,     0.00,     0.00,     0.34,     4.63,     6.61,     0.00,     0.00,     0.00,     0.00,     0.00,     0.00,     0.00,     0.00,     0.00,    22.24,  -999.99
cty,40067,TN: Hancock County,1987,09,PRCP,     0.00,     0.00,     0.00,     0.00,     0.00,     5.45,    11.56,    10.14,     2.72,     0.00,     4.13,    18.69,    16.04,     0.00,     0.00,     0.00,     3.07,     1.54,     0.00,    13.42,     0.00,     0.00,     0.00,     0.00,     0.00,     0.00,     0.00,     0.00,     0.00,    22.87,  -999.99
cty,40069,TN: Hardeman County,1987,09,PRCP,     0.00,     0.00,     0.00,     0.00,     0.00,     0.00,     0.00,     3.46,     0.00,     0.00,    24.94,     5.51,     5.74,     0.00,     0.00,     4.93,     1.16,     0.17,     9.20,     0.00,     0.00,     0.00,     0.00,     0.00,     0.00,     0.00,     0.00,     0.00,     7.14,     3.02,  -999.99
cty,40071,TN: Hardin County,1987,09,PRCP,     0.00,     0.00,     0.00,     0.00,     0.00,     0.00,     0.00,     3.36,     0.00,     0.00,    25.69,    11.39,     1.85,     1.47,     0.00,     0.13,     1.04,     0.00,     8.54,     0.00,     0.00,     0.00,     0.00,     0.00,     0.00,     0.00,     0.00,     0.00,     2.43,     9.68,  -999.99
cty,40073,TN: Hawkins County,1987,09,PRCP,     0.00,     0.00,     0.00,     0.00,     0.00,     6.60,    11.34,    11.77,     0.70,     0.00,     3.45,    12.72,    14.11,     0.00,     0.00,     0.00,     2.11,     1.25,     0.00,    10.67,     0.00,     0.00,     0.00,     0.00,     0.00,     0.00,     0.00,     0.00,     0.00,    15.54,  -999.99
cty,40075,TN: Haywood County,1987,09,PRCP,     0.00,     0.00,     0.00,     0.00,     0.00,     0.03,     0.00,     4.79,     0.00,     0.00,    15.82,     3.22,     8.29,     0.00,     0.00,    13.10,     8.62,     0.00,     7.88,     0.00,     0.00,     0.00,     0.00,     0.00,     0.00,     0.00,     0.00,     0.00,    20.17,     3.22,  -999.99
cty,40077,TN: Henderson County,1987,09,PRCP,     0.00,     0.00,     0.00,     0.00,     0.00,     0.00,     0.00,     4.99,     0.00,     0.00,    17.11,    10.22,     0.14,     0.00,     0.00,     7.72,    11.81,     0.00,     9.01,     0.00,     0.00,     0.00,     0.00,     0.00,     0.00,     0.00,     0.00,     0.00,     9.07,    13.72,  -999.99
cty,40079,TN: Henry County,1987,09,PRCP,     0.00,     0.00,     0.00,     0.00,     0.00,     0.00,     0.00,     3.02,     0.00,     0.00,     2.26,     3.99,     0.00,     0.00,     0.00,     9.75,    19.33,     0.00,     3.18,     0.00,     0.00,     0.00,     0.00,     0.00,     0.00,     0.00,     0.00,     0.00,    10.63,    11.05,  -999.99
cty,40081,TN: Hickman County,1987,09,PRCP,     0.00,     0.00,     0.00,     0.00,     0.00,     0.00,     0.00,     7.62,     0.06,     0.00,    19.04,    25.10,     0.00,     7.32,     0.00,     0.27,     8.80,     0.37,    13.79,     0.00,     0.00,     0.00,     0.00,     0.00,     0.00,     0.00,     0.00,     0.00,     2.12,    38.27,  -999.99
cty,40083,TN: Houston County,1987,09,PRCP,     0.00,     0.00,     0.00,     0.00,     0.00,     0.00,     0.00,     4.52,     0.00,     0.00,     4.40,    10.29,     0.00,     1.86,     0.00,     4.39,    11.97,     0.00,     5.71,     0.00,     0.00,     0.00,     0.00,     0.00,     0.00,     0.00,     0.00,     0.00,     4.57,    21.80,  -999.99
cty,40085,TN: Humphreys County,1987,09,PRCP,     0.07,     0.00,     0.00,     0.00,     0.00,     0.00,     0.00,     5.05,     0.21,     0.00,     8.13,    12.71,     0.00,     3.63,     0.00,     4.44,    10.56,     0.00,     7.48,     0.00,     0.00,     0.00,     0.00,     0.00,     0.00,     0.00,     0.00,     0.00,     4.52,    22.97,  -999.99
cty,40087,TN: Jackson County,1987,09,PRCP,     0.00,     0.00,     0.00,     0.00,     0.00,     0.00,     0.12,     3.81,     8.37,     0.00,     4.46,     9.65,     2.91,     3.70,     0.00,     0.01,     1.89,     1.87,     6.80,     4.26,     0.00,     0.00,     0.00,     0.00,     0.00,     0.00,     0.00,     0.00,     0.00,    30.81,  -999.99
cty,40089,TN: Jefferson County,1987,09,PRCP,     0.00,     0.00,     0.00,     0.00,     0.00,     2.62,    11.81,     8.50,     2.94,     0.00,     2.32,    13.52,    14.23,     0.00,     0.00,     0.00,     1.21,     0.86,     0.69,    11.52,     0.00,     0.00,     0.00,     0.00,     0.00,     0.00,     0.00,     0.00,     0.00,    18.64,  -999.99
cty,40091,TN: Johnson County,1987,09,PRCP,     0.00,     0.00,     0.00,     0.00,     3.08,    14.71,    17.96,    22.96,     1.41,     0.00,     1.82,    10.00,    17.98,     0.29,     0.00,     0.00,     0.30,     2.38,     0.00,    10.26,     0.00,     0.00,     0.00,     0.00,     0.00,     0.00,     0.00,     0.00,     0.00,    11.65,  -999.99
cty,40093,TN: Knox County,1987,09,PRCP,     0.00,     0.00,     0.00,     0.00,     0.00,     0.00,     8.90,     4.85,     5.75,     0.00,     2.76,    16.37,    13.23,     0.00,     0.00,     0.00,     1.48,     0.59,     2.15,    13.30,     0.00,     0.00,     0.00,     0.00,     0.00,     0.00,     0.00,     0.00,     0.00,    24.21,  -999.99
cty,40095,TN: Lake County,1987,09,PRCP,     0.00,     0.00,     0.00,     0.00,     0.00,     0.00,     0.00,     0.90,     0.00,     0.00,     2.92,     0.00,     1.13,     0.00,     0.00,    13.64,     9.53,     0.00,     1.34,     0.00,     0.00,     0.00,     0.00,     0.00,     0.00,     0.00,     0.00,     0.00,    15.75,     0.86,  -999.99
cty,40097,TN: Lauderdale County,1987,09,PRCP,     0.00,     0.00,     0.00,     0.00,     0.00,     0.00,     0.10,     4.54,     0.00,     0.08,    13.09,     0.86,     6.74,     0.00,     0.00,    20.84,     8.78,     0.00,     6.14,     0.00,     0.00,     0.00,     0.00,     0.00,     0.00,     0.00,     0.00,     0.07,    23.54,     1.29,  -999.99
cty,40099,TN: Lawrence County,1987,09,PRCP,     0.00,     0.00,     0.00,     0.00,     0.00,     0.00,     0.00,     6.10,     0.34,     0.00,    34.36,    26.52,     3.30,     7.78,     0.00,     0.00,     4.14,     0.00,    13.17,     1.47,     0.00,     0.00,     0.00,     0.00,     0.00,     0.00,     0.00,     0.00,     0.00,    29.27,  -999.99
cty,40101,TN: Lewis County,1987,09,PRCP,     0.00,     0.00,     0.00,     0.00,     0.00,     0.00,     0.00,     7.43,     0.00,     0.00,    27.21,    27.06,     0.56,     8.50,     0.00,     0.00,     5.76,     0.00,    14.88,     0.04,     0.00,     0.00,     0.00,     0.00,     0.00,     0.00,     0.00,     0.00,     0.10,    35.52,  -999.99
cty,40103,TN: Lincoln County,1987,09,PRCP,     0.00,     0.00,     0.00,     0.00,     0.00,     0.90,     3.54,     5.55,     2.31,     0.00,    19.51,    21.26,     4.51,     7.16,     0.00,     0.00,     2.65,     1.31,     9.47,     2.09,     0.00,     0.00,     0.00,     0.00,     0.00,     0.00,     0.00,     0.00,     0.00,    26.62,  -999.99
cty,40105,TN: Loudon County,1987,09,PRCP,     0.00,     0.00,     0.00,     0.00,     0.00,     0.00,     6.07,     3.08,     5.64,     0.00,     2.13,    12.09,     9.56,     0.00,     0.00,     0.00,     0.43,     0.00,     2.82,    10.06,     0.00,     0.00,     0.00,     0.00,     0.00,     0.00,     0.00,     0.00,     0.00,    19.21,  -999.99
cty,40107,TN: McMinn County,1987,09,PRCP,     0.00,     0.00,     0.00,     0.00,     0.00,     0.00,     5.49,     4.07,     5.73,     0.00,     2.84,    13.09,     9.99,     0.49,     0.00,     0.00,     0.00,     1.44,     4.28,     9.56,     0.00,     0.00,     0.00,     0.00,     0.00,     0.00,     0.00,     0.00,     0.00,    24.18,  -999.99
cty,40109,TN: McNairy County,1987,09,PRCP,     0.00,     0.00,     0.00,     0.00,     0.00,     0.00,     0.00,     2.70,     0.00,     0.00,    24.94,     8.12,     3.43,     0.00,     0.00,     1.50,     0.34,     0.00,     8.38,     0.00,     0.00,     0.00,     0.00,     0.00,     0.00,     0.00,     0.00,     0.00,     3.88,     4.97,  -999.99
cty,40111,TN: Macon County,1987,09,PRCP,     0.00,     0.00,     0.00,     0.00,     0.00,     0.00,     0.00,     4.83,     8.21,     0.00,     4.59,     9.12,     2.88,     4.24,     0.00,     0.00,     3.96,     3.04,     6.57,     2.61,     0.00,     0.00,     0.00,     0.00,     0.00,     0.00,     0.00,     0.00,     0.00,    31.23,  -999.99
cty,40113,TN: Madison County,1987,09,PRCP,     0.00,     0.00,     0.00,     0.00,     0.00,     0.00,     0.00,     4.50,     0.00,     0.00,    16.17,     5.72,     4.40,     0.00,     0.00,     9.68,    10.68,     0.00,     8.12,     0.00,     0.00,     0.00,     0.00,     0.00,     0.00,     0.00,     0.00,     0.00,    13.54,     6.83,  -999.99
cty,40115,TN: Marion County,1987,09,PRCP,     0.00,     0.00,     0.00,     0.00,     0.00,     0.00,     4.21,     8.63,     4.19,     0.00,    10.08,    15.16,    11.01,     5.07,     0.00,     0.00,     0.00,     1.83,     5.57,     4.53,     0.00,     0.00,     0.00,     0.00,     0.00,     0.00,     0.00,     0.00,     0.05,    22.21,  -999.99
cty,40117,TN: Marshall County,1987,09,PRCP,     0.00,     0.00,     0.00,     0.00,     0.00,     0.00,     0.99,     4.31,     1.77,     0.00,    14.23,    17.74,     2.37,     5.95,     0.00,     0.00,     2.57,     1.87,     8.89,     1.58,     0.00,     0.00,     0.00,     0.00,     0.00,     0.00,     0.00,     0.00,     0.17,    25.54,  -999.99
cty,40119,TN: Maury County,1987,09,PRCP,     0.00,     0.00,     0.00,     0.00,     0.00,     0.03,     0.00,     5.63,     1.50,     0.00,    18.44,    23.22,     2.07,     7.23,     0.00,     0.00,     4.50,     1.34,    12.17,     1.48,     0.00,     0.00,     0.00,     0.00,     0.00,     0.00,     0.00,     0.00,     0.00,    33.65,  -999.99
cty,40121,TN: Meigs County,1987,09,PRCP,     0.00,     0.00,     0.00,     0.00,     0.00,     0.00,     4.80,     3.32,     4.76,     0.00,     3.97,    12.16,     8.68,     1.43,     0.00,     0.00,     0.00,     0.11,     3.11,     7.34,     0.00,     0.00,     0.00,     0.00,     0.00,     0.00,     0.00,     0.00,     0.00,    17.91,  -999.99
cty,40123,TN: Monroe County,1987,09,PRCP,     0.17,     0.00,     0.00,     0.00,     0.00,     0.99,     8.41,     5.78,     4.75,     0.00,     2.39,    11.48,    10.64,     0.24,     0.00,     0.00,     0.00,     0.26,     3.47,     9.35,     0.00,     0.00,     0.00,     0.00,     0.00,     0.00,     0.00,     0.00,     0.00,    24.71,  -999.99
cty,40125,TN: Montgomery County,1987,09,PRCP,     0.00,     0.00,     0.00,     0.00,     0.00,     0.00,     0.00,     5.58,     0.00,     0.00,     3.90,    12.74,     0.00,     1.16,     0.00,     1.58,    12.36,     2.04,     6.23,     0.00,     0.00,     0.00,     0.00,     0.00,     0.00,     0.00,     0.00,     0.00,     2.46,    27.92,  -999.99
cty,40127,TN: Moore County,1987,09,PRCP,     0.00,     0.00,     0.00,     0.00,     0.00,     0.00,     2.81,     5.43,     2.46,     0.00,    13.38,    16.92,     4.10,     6.00,     0.00,     0.00,     1.90,     2.12,     8.08,     2.10,     0.00,     0.00,     0.00,     0.00,     0.00,     0.00,     0.00,     0.00,     0.00,    24.57,  -999.99
cty,40129,TN: Morgan County,1987,09,PRCP,     0.00,     0.00,     0.00,     0.00,     0.00,     0.00,     3.83,     2.67,     7.11,     0.00,     3.32,    13.39,     7.29,     0.79,     0.00,     0.00,     0.63,     1.37,     3.28,    10.59,     0.00,     0.00,     0.00,     0.00,     0.00,     0.00,     0.00,     0.00,     0.00,    25.50,  -999.99
cty,40131,TN: Obion County,1987,09,PRCP,     0.00,     0.00,     0.00,     0.00,     0.00,     0.00,     0.00,     1.92,     0.00,     0.00,     2.82,     0.02,     0.00,     0.00,     0.00,    14.12,    16.60,     0.00,     2.01,     0.00,     0.00,     0.00,     0.00,     0.00,     0.00,     0.00,     0.00,     0.00,    19.48,     3.00,  -999.99
cty,40133,TN: Overton County,1987,09,PRCP,     0.03,     0.00,     0.00,     0.00,     0.00,     0.00,     1.09,     3.13,     8.18,     0.00,     3.32,    10.69,     3.25,     2.60,     0.00,     0.00,     0.02,     0.39,     5.49,     6.66,     0.00,     0.00,     0.00,     0.00,     0.00,     0.00,     0.00,     0.00,     0.00,    29.98,  -999.99
cty,40135,TN: Perry County,1987,09,PRCP,     0.00,     0.00,     0.00,     0.00,     0.00,     0.00,     0.00,     7.52,     0.00,     0.00,    23.86,    21.37,     0.00,     6.56,     0.00,     2.81,     9.43,     0.00,    13.38,     0.00,     0.00,     0.00,     0.00,     0.00,     0.00,     0.00,     0.00,     0.00,     5.61,    29.22,  -999.99
cty,40137,TN: Pickett County,1987,09,PRCP,     0.00,     0.00,     0.00,     0.00,     0.00,     0.00,     0.14,     2.70,     9.75,     0.00,     3.14,    10.20,     4.31,     2.40,     0.00,     0.00,     0.05,     0.00,     4.81,     8.45,     0.00,     0.00,     0.00,     0.00,     0.00,     0.00,     0.00,     0.00,     0.00,    31.81,  -999.99
cty,40139,TN: Polk County,1987,09,PRCP,     0.01,     0.00,     0.00,     0.00,     0.00,     0.57,     6.99,     5.30,     3.70,     0.09,     2.64,    10.62,     8.98,     2.27,     0.00,     0.07,     0.21,     0.47,     3.91,     7.54,     0.00,     0.00,     0.00,     0.00,     0.00,     0.00,     0.00,     0.00,     0.00,    26.12,  -999.99
cty,40141,TN: Putnam County,1987,09,PRCP,     0.00,     0.00,     0.00,     0.00,     0.00,     0.00,     2.26,     5.44,    10.08,     0.00,     6.16,    16.45,     4.46,     4.08,     0.00,     0.00,     0.45,     1.65,     8.93,     7.53,     0.00,     0.00,     0.00,     0.00,     0.00,     0.00,     0.00,     0.00,     0.00,    41.61,  -999.99
cty,40143,TN: Rhea County,1987,09,PRCP,     0.00,     0.00,     0.00,     0.00,     0.00,     0.00,     4.18,     2.88,     4.22,     0.00,     4.07,    10.75,     6.85,     1.50,     0.00,     0.00,     0.00,     0.56,     2.73,     6.04,     0.00,     0.00,     0.00,     0.00,     0.00,     0.00,     0.00,     0.00,     0.00,    16.19,  -999.99
cty,40145,TN: Roane County,1987,09,PRCP,     0.00,     0.00,     0.00,     0.00,     0.00,     0.00,     4.51,     2.33,     5.08,     0.00,     3.01,    11.97,     7.82,     0.00,     0.00,     0.00,     0.80,     0.12,     2.31,     8.60,     0.00,     0.00,     0.00,     0.00,     0.00,     0.00,     0.00,     0.00,     0.00,    18.39,  -999.99
cty,40147,TN: Robertson County,1987,09,PRCP,     0.00,     0.00,     0.00,     0.00,     0.00,     0.00,     0.00,     4.84,     1.91,     0.00,     3.56,    10.93,     0.00,     2.71,     0.00,     0.00,     6.82,     3.33,     5.63,     0.02,     0.00,     0.00,     0.00,     0.00,     0.00,     0.00,     0.00,     0.00,     0.00,    26.21,  -999.99
cty,40149,TN: Rutherford County,1987,09,PRCP,     0.00,     0.00,     0.00,     0.00,     0.00,     0.11,     0.65,     4.82,     2.92,     0.00,     9.55,    15.62,     2.61,     5.66,     0.00,     0.00,     2.41,     2.30,     9.26,     1.82,     0.00,     0.00,     0.00,     0.00,     0.00,     0.00,     0.00,     0.00,     0.33,    30.16,  -999.99
cty,40151,TN: Scott County,1987,09,PRCP,     0.00,     0.00,     0.00,     0.00,     0.00,     0.00,     3.19,     3.14,     8.66,     0.00,     3.25,    14.69,     8.65,     0.74,     0.00,     0.00,     0.23,     0.39,     3.89,    12.57,     0.00,     0.00,     0.00,     0.00,     0.00,     0.00,     0.00,     0.00,     0.00,    31.04,  -999.99
cty,40153,TN: Sequatchie County,1987,09,PRCP,     0.00,     0.00,     0.00,     0.00,     0.00,     0.00,     5.38,     6.76,     5.35,     0.00,     8.19,    16.05,     9.66,     4.89,     0.00,     0.00,     0.00,     1.85,     5.77,     6.14,     0.00,     0.00,     0.00,     0.00,     0.00,     0.00,     0.00,     0.00,     0.00,    26.05,  -999.99
cty,40155,TN: Sevier County,1987,09,PRCP,     0.20,     0.00,     0.00,     0.03,     0.04,     3.43,    14.35,     9.65,     3.13,     0.00,     1.50,    12.86,    15.00,     0.16,     0.00,     0.00,     0.02,     0.46,     2.89,     8.95,     0.00,     0.00,     0.00,     0.00,     0.00,     0.00,     0.00,     0.00,     0.00,    18.11,  -999.99
cty,40157,TN: Shelby County,1987,09,PRCP,     0.00,     0.00,     0.00,     0.00,     0.00,     0.00,     0.00,     5.29,     0.00,     0.00,    16.95,     1.77,     7.17,     0.00,     0.00,     9.27,     1.24,     0.02,     7.84,     0.00,     0.00,     0.00,     0.00,     0.00,     0.00,     0.00,     0.00,     0.00,     9.37,     0.02,  -999.99
cty,40159,TN: Smith County,1987,09,PRCP,     0.00,     0.00,     0.00,     0.00,     0.00,     0.00,     0.31,     6.51,     8.81,     0.00,     7.98,    14.27,     4.06,     6.67,     0.00,     0.00,     3.41,     3.37,    11.28,     3.76,     0.00,     0.00,     0.00,     0.00,     0.00,     0.00,     0.00,     0.00,     0.00,    42.66,  -999.99
cty,40161,TN: Stewart County,1987,09,PRCP,     0.00,     0.00,     0.00,     0.00,     0.00,     0.00,     0.00,     3.43,     0.00,     0.00,     1.47,     6.24,     0.00,     0.00,     0.00,     4.69,    13.43,     0.00,     3.49,     0.00,     0.00,     0.00,     0.00,     0.00,     0.00,     0.00,     0.00,     0.00,     5.22,    15.78,  -999.99
cty,40163,TN: Sullivan County,1987,09,PRCP,     0.00,     0.00,     0.00,     0.00,     0.90,    10.84,    14.66,    21.80,     0.19,     0.00,     2.57,    10.26,    16.68,     0.04,     0.00,     0.00,     0.74,     1.72,     0.00,    11.29,     0.00,     0.00,     0.00,     0.00,     0.00,     0.00,     0.00,     0.00,     0.00,    12.78,  -999.99
cty,40165,TN: Sumner County,1987,09,PRCP,     0.00,     0.00,     0.00,     0.00,     0.00,     0.00,     0.00,     5.15,     4.26,     0.00,     4.49,    10.85,     0.28,     3.83,     0.00,     0.00,     5.15,     3.58,     6.58,     0.65,     0.00,     0.00,     0.00,     0.00,     0.00,     0.00,     0.00,     0.00,     0.00,    29.66,  -999.99
cty,40167,TN: Tipton County,1987,09,PRCP,     0.00,     0.00,     0.00,     0.00,     0.00,     0.00,     0.00,     5.23,     0.00,     0.00,    16.03,     1.62,     7.63,     0.00,     0.00,    15.28,     4.90,     0.00,     7.21,     0.00,     0.00,     0.00,     0.00,     0.00,     0.00,     0.00,     0.00,     0.00,    16.66,     0.43,  -999.99
cty,40169,TN: Trousdale County,1987,09,PRCP,     0.00,     0.00,     0.00,     0.00,     0.00,     0.00,     0.00,     5.61,     6.50,     0.00,     5.74,    11.14,     1.66,     4.86,     0.00,     0.00,     4.19,     3.36,     8.09,     2.13,     0.00,     0.00,     0.00,     0.00,     0.00,     0.00,     0.00,     0.00,     0.00,    33.77,  -999.99
cty,40171,TN: Unicoi County,1987,09,PRCP,     0.12,     0.00,     0.00,     0.00,     1.09,    11.28,    20.88,    22.21,     0.96,     0.00,     2.17,     9.67,    19.29,     0.00,     0.00,     0.00,     0.04,     1.92,     0.26,     9.55,     0.32,     0.00,     0.00,     0.00,     0.00,     0.00,     0.00,     0.00,     0.00,    13.09,  -999.99
cty,40173,TN: Union County,1987,09,PRCP,     0.00,     0.00,     0.00,     0.00,     0.00,     0.00,    10.61,     6.62,     7.69,     0.00,     4.06,    25.45,    17.94,     0.00,     0.00,     0.00,     3.30,     1.92,     0.61,    18.46,     0.00,     0.00,     0.00,     0.00,     0.00,     0.00,     0.00,     0.00,     0.00,    35.92,  -999.99
cty,40175,TN: Van Buren County,1987,09,PRCP,     0.00,     0.00,     0.00,     0.00,     0.00,     0.00,     4.01,     6.68,     7.94,     0.00,     7.57,    19.81,     6.84,     5.20,     0.00,     0.00,     0.00,     1.93,     9.51,     7.97,     0.00,     0.00,     0.00,     0.00,     0.00,     0.00,     0.00,     0.00,     0.00,    41.69,  -999.99
cty,40177,TN: Warren County,1987,09,PRCP,     0.00,     0.00,     0.00,     0.00,     0.00,     0.00,     4.27,     8.35,     7.99,     0.00,    11.31,    24.48,     7.14,     8.16,     0.00,     0.00,     0.38,     1.95,    13.51,     6.41,     0.00,     0.00,     0.00,     0.00,     0.00,     0.00,     0.00,     0.00,     0.00,    49.96,  -999.99
cty,40179,TN: Washington County,1987,09,PRCP,     0.00,     0.00,     0.00,     0.00,     0.00,     8.27,    17.03,    22.88,     0.00,     0.00,     0.50,    10.44,    19.26,     0.00,     0.00,     0.00,     0.03,     1.50,     0.00,    10.31,     0.05,     0.00,     0.00,     0.00,     0.00,     0.00,     0.00,     0.00,     0.00,    13.78,  -999.99
cty,40181,TN: Wayne County,1987,09,PRCP,     0.00,     0.00,     0.00,     0.00,     0.00,     0.00,     0.00,     5.55,     0.00,     0.00,    32.08,    19.85,     1.43,     5.81,     0.00,     0.00,     2.39,     0.00,    11.47,     0.07,     0.00,     0.00,     0.00,     0.00,     0.00,     0.00,     0.00,     0.00,     0.74,    20.32,  -999.99
cty,40183,TN: Weakley County,1987,09,PRCP,     0.00,     0.00,     0.00,     0.00,     0.00,     0.00,     0.00,     3.07,     0.00,     0.00,     3.16,     2.59,     0.00,     0.00,     0.00,    13.22,    22.21,     0.00,     3.02,     0.00,     0.00,     0.00,     0.00,     0.00,     0.00,     0.00,     0.00,     0.00,    17.35,     7.62,  -999.99
cty,40185,TN: White County,1987,09,PRCP,     0.00,     0.00,     0.00,     0.00,     0.00,     0.00,     3.25,     6.57,    10.25,     0.00,     7.42,    20.38,     6.03,     4.44,     0.00,     0.00,     0.00,     0.75,    10.07,     8.69,     0.00,     0.00,     0.00,     0.00,     0.00,     0.00,     0.00,     0.00,     0.00,    46.35,  -999.99
cty,40187,TN: Williamson County,1987,09,PRCP,     0.00,     0.00,     0.00,     0.00,     0.00,     0.00,     0.00,     5.03,     1.87,     0.00,    11.55,    19.46,     1.54,     5.91,     0.00,     0.00,     4.43,     2.70,    10.73,     1.28,     0.00,     0.00,     0.00,     0.00,     0.00,     0.00,     0.00,     0.00,     0.00,    33.14,  -999.99
cty,40189,TN: Wilson County,1987,09,PRCP,     0.00,     0.00,     0.00,     0.00,     0.00,     0.09,     0.00,     5.88,     4.85,     0.04,     7.90,    14.94,     2.32,     5.70,     0.00,     0.03,     3.46,     3.17,     9.95,     2.20,     0.00,     0.00,     0.00,     0.00,     0.00,     0.00,     0.00,     0.00,     0.38,    36.39,  -999.99
cty,41001,TX: Anderson County,1987,09,PRCP,     1.08,     0.00,     0.00,     0.00,     0.00,     0.00,     0.01,     2.28,     0.00,     0.00,    19.82,     0.00,    11.41,     9.37,     0.00,    58.55,     0.00,     1.41,     0.00,     0.00,     0.00,     0.00,     0.00,     0.00,     0.00,     0.00,     0.00,     0.08,     3.76,     0.00,  -999.99
cty,41003,TX: Andrews County,1987,09,PRCP,     0.00,     0.00,     0.00,     0.00,     0.00,     8.66,     0.03,     6.21,     7.38,     7.10,     1.69,     0.00,     0.00,     9.28,     6.16,     0.00,     0.00,     3.73,     0.05,     0.00,     0.00,     0.00,     0.00,     0.00,     0.00,     0.00,     0.00,     0.00,     0.00,     0.00,  -999.99
cty,41005,TX: Angelina County,1987,09,PRCP,     0.63,     0.00,     0.00,     0.00,     0.00,     0.00,     0.00,     0.00,     0.00,     0.00,    24.75,     3.63,    14.40,     7.96,     0.00,    26.68,    16.79,     4.14,     7.98,     0.00,     0.00,     0.00,     0.00,     0.00,     0.00,     0.00,     0.00,     0.00,     5.65,     0.00,  -999.99
cty,41007,TX: Aransas County,1987,09,PRCP,     3.10,     0.00,     0.00,     0.00,     0.00,     0.00,     0.00,     0.00,     0.00,     0.00,     3.49,     0.00,     0.00,     0.00,     0.00,     0.00,     0.00,     2.93,    12.73,     0.00,     0.00,     0.00,     0.00,     0.00,     0.00,     0.00,    14.54,    42.87,     0.00,     0.00,  -999.99
cty,41009,TX: Archer County,1987,09,PRCP,     0.02,     0.00,     0.00,     0.00,     0.00,     0.00,     2.96,     0.00,     0.00,     1.00,     0.08,    20.71,     6.67,     1.70,    14.03,     0.00,     0.00,     7.21,     0.00,     0.00,     0.77,     0.00,     0.00,     0.00,     0.00,     0.00,     0.00,     6.88,     6.24,     0.00,  -999.99
cty,41011,TX: Armstrong County,1987,09,PRCP,     0.00,     0.00,     0.00,     0.00,     0.00,    21.44,     0.00,     5.67,     1.19,     0.00,     6.17,    14.11,     2.09,     1.83,     6.25,     0.00,     0.00,    13.75,     0.26,     0.00,    15.44,     0.00,     0.02,     0.00,     0.00,     0.00,     0.06,     0.00,     0.00,     0.00,  -999.99
cty,41013,TX: Atascosa County,1987,09,PRCP,     1.47,     0.00,     0.00,     0.00,     0.00,     0.00,     0.09,     0.00,     0.00,     2.68,    22.50,     0.00,     0.00,     0.00,     0.00,     0.00,     0.00,     0.00,     2.18,     0.00,     0.00,     0.00,     0.00,     0.00,     0.00,     0.00,     0.00,     1.40,     0.00,     0.00,  -999.99
cty,41015,TX: Austin County,1987,09,PRCP,     0.00,     0.00,     0.00,     0.00,     0.00,     0.00,     0.00,     0.00,     0.00,     0.47,    21.11,     0.83,     7.78,     0.00,     0.00,     1.48,    22.29,     6.20,    11.66,     0.00,     0.00,     0.00,     0.00,     0.00,     0.00,     0.00,     0.00,    12.28,    14.84,     0.00,  -999.99
cty,41017,TX: Bailey County,1987,09,PRCP,     0.00,     0.00,     0.00,     0.00,     0.00,    15.79,     0.00,    10.29,    15.97,     4.30,     0.53,     2.53,     3.97,     4.71,     8.94,     0.00,     0.00,     5.67,     1.37,     0.00,     4.95,     0.95,     0.00,     0.00,     0.00,     1.89,     0.00,     0.00,     0.00,     0.00,  -999.99
cty,41019,TX: Bandera County,1987,09,PRCP,     0.00,     0.00,     0.00,     0.00,     0.00,     0.00,     5.77,     0.00,     0.00,     0.00,    25.06,     0.00,     0.00,     0.05,     5.23,     0.00,     0.00,     8.87,    10.06,     0.00,     0.00,     0.00,     0.00,     0.00,     0.00,     0.00,     0.00,     0.00,     0.00,     0.00,  -999.99
cty,41021,TX: Bastrop County,1987,09,PRCP,     3.68,     0.00,     0.00,     0.00,     0.00,     0.00,     0.12,    10.77,     0.00,     0.00,    17.90,     0.00,     3.32,     0.00,     0.00,     1.54,    30.01,    11.93,    13.91,     0.00,     0.00,     0.00,     0.00,     0.00,     0.00,     0.00,     0.00,     4.94,     0.13,     0.00,  -999.99
cty,41023,TX: Baylor County,1987,09,PRCP,     0.00,     0.00,     0.00,     0.00,     0.00,     0.00,     2.61,     0.00,     0.00,     0.00,     0.08,    23.19,     5.68,     2.96,     6.77,     0.00,     0.00,     5.10,     0.00,     0.02,     2.18,     0.00,     0.00,     0.00,     0.00,     0.00,     0.00,     6.45,     1.97,     0.00,  -999.99
cty,41025,TX: Bee County,1987,09,PRCP,     6.40,     0.00,     0.00,     0.00,     0.00,     0.00,     0.00,     0.00,     0.00,     0.00,     7.59,     0.00,     0.00,     0.00,     0.00,     0.00,     0.00,     0.00,     2.43,     0.00,     0.00,     0.00,     0.00,     0.00,     0.00,     0.00,     3.93,    12.10,     0.17,     0.00,  -999.99
cty,41027,TX: Bell County,1987,09,PRCP,     2.23,     0.00,     0.00,     0.00,     0.00,     0.00,     4.03,     7.94,     0.00,     0.00,     0.68,     0.00,     8.83,     0.00,     0.02,     6.71,    10.28,    17.67,     8.41,     0.00,     0.00,     0.00,     0.00,     0.00,     0.00,     0.00,     0.00,     1.58,     0.00,     0.00,  -999.99
cty,41029,TX: Bexar County,1987,09,PRCP,     0.00,     0.00,     0.00,     0.00,     0.00,     0.00,     3.61,     6.10,     0.00,     2.99,    22.53,     0.00,     0.01,     0.00,     0.00,     0.00,     0.00,     2.58,    10.69,     0.00,     0.00,     0.00,     0.00,     0.00,     0.00,     0.00,     2.84,     0.68,     0.00,     0.00,  -999.99
cty,41031,TX: Blanco County,1987,09,PRCP,     2.84,     0.00,     0.00,     0.00,     0.00,     0.00,     7.64,     6.87,     0.00,     0.25,    16.15,     0.03,     0.00,     0.00,     0.00,     0.00,     0.03,    16.02,     9.91,     0.00,     0.00,     0.00,     0.00,     0.00,     0.00,     0.00,     0.00,     0.00,     0.00,     0.00,  -999.99
cty,41033,TX: Borden County,1987,09,PRCP,     0.00,     0.00,     0.00,     0.00,     0.00,    15.28,     0.00,     1.75,     5.91,     7.98,     1.37,     1.73,     0.00,    10.30,     8.67,     0.00,     0.00,     4.67,     0.00,     0.00,     0.00,     0.00,     0.00,     0.00,     0.00,     0.00,     0.00,     0.00,     0.00,     0.00,  -999.99
cty,41035,TX: Bosque County,1987,09,PRCP,     2.43,     0.00,     0.00,     0.00,     0.00,     0.00,     5.49,     9.69,     0.00,     0.00,     1.31,     0.00,    22.28,     0.17,     0.22,     7.01,     0.04,    12.13,    13.31,     0.00,     0.00,     0.00,     0.00,     0.00,     0.00,     0.00,     0.00,     0.02,     0.12,     0.00,  -999.99
cty,41037,TX: Bowie County,1987,09,PRCP,     0.01,     0.00,     0.00,     0.00,     0.00,     0.00,     0.02,     0.00,     0.02,     0.05,     2.79,     0.00,     1.82,     1.60,     8.30,    21.87,     0.00,     0.54,    21.74,     0.00,     0.00,     0.00,     0.00,     0.00,     0.00,     0.00,     0.00,     0.01,     6.82,     0.00,  -999.99
cty,41039,TX: Brazoria County,1987,09,PRCP,     0.00,     0.00,     0.00,     0.00,     0.00,     0.00,     0.02,     0.00,     0.00,     0.08,    10.15,     6.07,     7.39,     0.04,     0.00,     0.22,     8.55,     5.71,    11.15,     0.00,     0.10,     0.00,     0.00,     0.00,     0.00,     0.00,     0.31,    21.90,    32.95,     0.02,  -999.99
cty,41041,TX: Brazos County,1987,09,PRCP,     0.00,     0.00,     0.00,     0.00,     0.00,     0.00,     0.00,     0.18,     0.00,     0.02,    14.24,     0.03,     9.36,     0.00,     0.00,    18.12,    19.75,     4.82,     5.74,     0.00,     0.00,     0.00,     0.00,     0.00,     0.00,     0.00,     0.00,     4.99,     5.82,     0.00,  -999.99
cty,41043,TX: Brewster County,1987,09,PRCP,     0.00,     0.00,     0.00,     0.00,     0.00,     0.10,     0.93,     0.01,     0.00,     5.14,     6.82,     0.12,     0.14,     4.35,    15.94,     0.00,     0.00,     4.50,     0.23,     0.00,     0.00,     0.00,     0.00,     0.00,     0.31,    10.46,     0.00,     0.00,     1.49,     3.91,  -999.99
cty,41045,TX: Briscoe County,1987,09,PRCP,     0.00,     0.00,     0.00,     0.00,     0.00,    13.31,     0.00,     2.49,     2.67,     0.00,     3.06,    10.18,     3.87,     3.21,     7.61,     0.00,     0.00,     8.40,     0.08,     0.00,     8.37,     0.00,     0.00,     0.00,     0.00,     0.00,     0.00,     0.00,     0.00,     0.00,  -999.99
cty,41047,TX: Brooks County,1987,09,PRCP,    24.03,     0.00,     0.00,     0.00,     0.00,     0.00,     0.00,     0.00,     0.00,     0.00,     0.00,     0.00,     0.00,     0.00,     0.00,     0.00,     0.00,     0.00,     0.76,     0.50,     0.00,     1.94,     0.00,     0.00,     0.00,     0.00,     0.58,    55.14,     0.00,     0.00,  -999.99
cty,41049,TX: Brown County,1987,09,PRCP,     0.00,     0.00,     0.00,     0.00,     0.00,     0.00,    14.44,     0.00,     0.00,     0.00,     0.00,     0.00,     3.72,     0.08,     9.67,     5.48,     0.00,    13.61,    27.66,     0.00,     0.00,     0.00,     0.00,     0.00,     0.00,     0.00,     0.00,     3.78,     0.00,     0.00,  -999.99
cty,41051,TX: Burleson County,1987,09,PRCP,     1.01,     0.00,     0.00,     0.00,     0.00,     0.13,     0.00,     2.00,     0.00,     0.32,    13.87,     0.68,     7.47,     0.00,     0.11,    10.83,    25.76,     6.39,     6.74,     0.00,     0.00,     0.00,     0.00,     0.00,     0.00,     0.00,     0.05,     5.91,     3.89,     0.00,  -999.99
cty,41053,TX: Burnet County,1987,09,PRCP,     3.87,     0.00,     0.00,     0.00,     0.00,     0.00,    13.10,    12.84,     0.00,     0.05,     2.77,     0.00,     2.82,     0.00,     1.14,     5.31,     0.79,    34.66,    19.42,     0.00,     0.00,     0.00,     0.00,     0.00,     0.00,     0.00,     0.00,     0.24,     0.01,     0.00,  -999.99
cty,41055,TX: Caldwell County,1987,09,PRCP,     2.47,     0.00,     0.00,     0.00,     0.00,     0.00,     0.45,     9.22,     0.00,     0.16,    14.93,     0.00,     0.04,     0.00,     0.00,     0.03,    14.81,     7.57,    10.34,     0.00,     0.00,     0.00,     0.00,     0.00,     0.00,     0.00,     0.39,     3.40,     0.03,     0.00,  -999.99
cty,41057,TX: Calhoun County,1987,09,PRCP,     0.00,     0.00,     0.00,     0.00,     0.00,     0.00,     0.00,     0.00,     0.00,     0.00,     9.45,     0.00,     0.00,     0.00,     0.00,     0.00,     0.00,     7.67,    15.05,     0.00,     0.00,     0.00,     0.00,     0.00,     0.00,     0.00,    14.99,    31.48,     7.61,     0.00,  -999.99
cty,41059,TX: Callahan County,1987,09,PRCP,     0.00,     0.00,     0.00,     0.00,     0.00,     0.00,    10.41,     0.00,     0.00,     0.00,     0.00,     3.69,     6.81,     5.66,    13.25,     0.00,     0.00,     9.21,    17.26,     0.00,     0.00,     0.00,     0.00,     0.00,     0.00,     0.00,     0.00,     2.94,     0.00,     0.00,  -999.99
cty,41061,TX: Cameron County,1987,09,PRCP,     9.49,     0.00,     0.68,     0.00,     0.00,     0.00,     0.00,     0.00,     0.00,     0.00,     0.00,     0.00,     0.00,     0.00,     0.00,     0.00,     0.00,     0.00,     2.09,    14.73,     0.04,    12.25,    26.91,     0.00,     0.00,     0.00,     0.01,    64.61,     3.67,     0.37,  -999.99
cty,41063,TX: Camp County,1987,09,PRCP,     0.00,     0.00,     0.00,     0.00,     0.00,     0.00,     0.00,     0.00,     0.00,     0.00,     8.00,     0.00,     7.21,     5.81,     5.36,    20.08,     0.00,     0.00,    10.30,     0.00,     0.00,     0.00,     0.00,     0.00,     0.00,     0.00,     0.00,     0.00,     7.42,     0.00,  -999.99
cty,41065,TX: Carson County,1987,09,PRCP,     0.00,     0.00,     0.00,     0.00,     0.15,    22.06,     0.00,     8.35,     0.00,     0.02,     9.27,    18.62,     0.11,     0.00,     3.25,     0.00,     0.00,    22.96,     0.12,     0.00,    19.68,     0.00,     0.01,     0.00,     0.00,     0.00,     0.02,     0.12,     0.00,     0.00,  -999.99
cty,41067,TX: Cass County,1987,09,PRCP,     0.00,     0.00,     0.00,     0.00,     0.00,     0.00,     0.00,     0.00,     0.02,     0.41,     7.31,     2.10,     2.55,     2.11,     5.13,    26.45,     0.00,     1.44,    22.03,     0.00,     0.00,     0.00,     0.00,     0.00,     0.00,     0.00,     0.00,     0.03,    10.62,     0.00,  -999.99
cty,41069,TX: Castro County,1987,09,PRCP,     0.00,     0.00,     0.00,     0.00,     0.08,    23.82,     0.00,     7.79,    10.82,     2.67,     4.39,     5.76,     8.80,     3.55,    10.30,     0.00,     0.00,    11.75,     1.35,     0.00,    10.92,     1.67,     0.00,     0.00,     0.00,     0.00,     0.00,     0.00,     0.00,     0.00,  -999.99
cty,41071,TX: Chambers County,1987,09,PRCP,     0.00,     0.00,     0.00,     0.00,     0.00,     0.00,     0.00,     0.00,     0.00,     0.00,    22.67,     6.53,    17.47,     0.00,     0.00,     0.00,    29.82,     5.20,    22.76,     0.00,     0.00,     0.00,     0.00,     0.00,     0.00,     0.00,     0.00,     9.74,    35.55,     0.00,  -999.99
cty,41073,TX: Cherokee County,1987,09,PRCP,     4.04,     0.00,     0.00,     0.00,     0.00,     0.00,     0.00,     0.00,     0.00,     0.03,    15.90,     0.10,     9.70,     8.07,     0.00,    42.96,     0.00,     0.32,     0.61,     0.00,     0.00,     0.00,     0.00,     0.00,     0.00,     0.00,     0.00,     0.00,     3.48,     0.00,  -999.99
cty,41075,TX: Childress County,1987,09,PRCP,     0.00,     0.00,     0.00,     0.00,     0.00,     9.37,     0.45,     0.00,     0.00,     0.00,     2.35,    19.56,     2.61,     0.88,     5.85,     0.00,     0.00,     7.78,     0.00,     0.00,    16.62,     0.09,     0.00,     0.00,     0.00,     0.00,     0.14,     3.37,     0.00,     0.00,  -999.99
cty,41077,TX: Clay County,1987,09,PRCP,     0.00,     0.00,     0.00,     0.00,     0.00,     0.00,     2.24,     0.00,     0.01,     5.88,     0.00,    14.17,     5.30,     0.04,    20.32,     0.50,     0.00,     9.97,     0.00,     0.00,     0.46,     0.00,     0.00,     0.00,     0.00,     0.00,     0.00,     6.00,     7.89,     0.00,  -999.99
cty,41079,TX: Cochran County,1987,09,PRCP,     0.00,     0.00,     0.00,     0.00,     0.00,    12.99,     0.00,    12.07,    17.44,     5.09,     0.00,     1.13,     0.00,     6.82,    11.61,     0.00,     0.00,     3.71,     0.23,     0.00,     1.88,     0.64,     0.00,     0.00,     0.00,     2.39,     0.00,     0.00,     0.00,     0.00,  -999.99
cty,41081,TX: Coke County,1987,09,PRCP,     0.01,     0.00,     0.00,     0.00,     0.00,     8.25,    11.36,     0.00,     0.00,     2.68,     4.01,     0.00,     0.00,     5.65,     5.89,     0.00,     0.00,    20.38,    12.75,     0.00,     0.00,     0.00,     0.00,     0.00,     0.00,     0.00,     0.05,     0.01,     0.00,     0.00,  -999.99
cty,41083,TX: Coleman County,1987,09,PRCP,     0.00,     0.00,     0.00,     0.00,     0.00,     0.00,    13.99,     0.00,     0.00,     0.00,     0.07,     0.00,     0.53,     1.27,     9.69,     2.33,     0.00,    15.23,    26.87,     0.00,     0.00,     0.00,     0.00,     0.00,     0.00,     0.00,     0.00,     3.56,     0.00,     0.00,  -999.99
cty,41085,TX: Collin County,1987,09,PRCP,     0.00,     0.00,     0.00,     0.00,     0.00,     0.00,     0.02,     5.63,     0.01,     8.81,    10.00,     0.03,    15.31,     9.05,    24.35,     5.75,     0.00,     8.36,     6.46,     0.00,     0.00,     0.00,     0.00,     0.00,     0.00,     0.00,     0.00,     0.02,     3.73,     0.00,  -999.99
cty,41087,TX: Collingsworth County,1987,09,PRCP,     0.00,     0.00,     0.00,     0.00,     0.02,    11.30,     1.11,     0.00,     0.00,     0.02,     6.03,    18.91,     0.00,     0.13,     5.61,     0.00,     0.02,     9.87,     0.00,     0.02,    23.47,     0.00,     0.00,     0.00,     0.00,     0.00,     0.00,     2.84,     0.00,     0.00,  -999.99
cty,41089,TX: Colorado County,1987,09,PRCP,     0.50,     0.00,     0.00,     0.00,     0.00,     0.00,     0.00,     3.39,     0.00,     0.23,    20.55,     0.61,     2.15,     0.00,     0.02,     0.00,    20.94,     5.88,    15.11,     0.00,     0.00,     0.00,     0.00,     0.00,     0.00,     0.00,     1.17,    13.61,    10.77,     0.00,  -999.99
cty,41091,TX: Comal County,1987,09,PRCP,     0.03,     0.00,     0.00,     0.00,     0.00,     0.00,     9.02,    10.45,     0.06,     1.20,    17.52,     0.00,     0.01,     0.00,     0.00,     0.00,     0.61,    13.70,    10.44,     0.00,     0.00,     0.00,     0.00,     0.00,     0.00,     0.00,     5.71,     1.30,     0.00,     0.00,  -999.99
cty,41093,TX: Comanche County,1987,09,PRCP,     0.00,     0.00,     0.00,     0.00,     0.00,     0.00,    17.15,     0.12,     0.00,     0.03,     0.00,     0.89,    15.64,     0.08,    10.49,     6.25,     0.00,    17.09,    29.50,     0.01,     0.00,     0.00,     0.00,     0.00,     0.00,     0.00,     0.00,     3.57,     0.00,     0.00,  -999.99
cty,41095,TX: Concho County,1987,09,PRCP,     0.20,     0.00,     0.00,     0.00,     0.00,     0.00,    20.83,     0.00,     0.00,     0.00,     9.68,     0.00,     0.00,     2.00,    11.04,     0.00,     0.00,    32.93,    29.32,     0.00,     0.00,     0.00,     0.00,     0.00,     0.00,     0.00,     0.00,     5.06,     0.00,     0.00,  -999.99
cty,41097,TX: Cooke County,1987,09,PRCP,     0.00,     0.00,     0.00,     0.00,     0.00,     0.00,     0.10,     0.32,     0.00,    18.72,     1.42,     3.56,    12.08,     0.45,    50.65,     6.86,     0.05,    11.84,     0.00,     0.00,     0.00,     0.00,     0.00,     0.00,     0.00,     0.00,     0.00,     0.00,     8.18,     0.00,  -999.99
cty,41099,TX: Coryell County,1987,09,PRCP,     3.06,     0.00,     0.00,     0.00,     0.00,     0.00,     8.53,     9.38,     0.00,     0.00,     0.00,     0.00,    12.56,     0.00,     0.00,     7.24,     3.23,    21.84,    14.53,     0.00,     0.00,     0.00,     0.00,     0.00,     0.00,     0.00,     0.00,     0.03,     0.19,     0.00,  -999.99
cty,41101,TX: Cottle County,1987,09,PRCP,     0.00,     0.00,     0.00,     0.00,     0.07,     9.72,     0.06,     0.00,     0.10,     0.01,     0.00,    21.21,     7.10,     3.90,     4.99,     0.00,     0.00,     6.55,     0.00,     0.00,     7.71,     0.06,     0.00,     0.00,     0.00,     0.00,     0.05,     2.85,     0.04,     0.00,  -999.99
cty,41103,TX: Crane County,1987,09,PRCP,     0.00,     0.00,     0.00,     0.00,     0.00,     4.35,     0.00,     5.17,     0.91,     8.68,     3.39,     0.00,     0.00,     8.78,     7.42,     0.00,     0.00,     7.71,     0.05,     0.00,     0.00,     0.00,     0.00,     0.00,     0.00,     0.00,     0.00,     0.00,     0.06,     0.00,  -999.99
cty,41105,TX: Crockett County,1987,09,PRCP,     0.10,     0.00,     0.00,     0.00,     0.00,     3.64,     3.53,     0.12,     1.13,    10.84,     5.81,     0.00,     0.21,     3.23,    17.53,     0.00,     0.00,    14.95,     0.12,     0.00,     0.00,     0.00,     0.00,     0.00,     0.00,     0.00,     0.00,     0.00,     0.00,     0.13,  -999.99
cty,41107,TX: Crosby County,1987,09,PRCP,     0.00,     0.00,     0.00,     0.00,     0.00,    15.04,     0.00,     2.04,     6.39,     1.07,     1.00,    11.77,     8.76,     9.81,    15.95,     0.00,     0.00,     4.71,     0.08,     0.01,     2.98,     0.00,     0.00,     0.00,     0.00,     0.00,     0.00,     0.00,     0.00,     0.00,  -999.99
cty,41109,TX: Culberson County,1987,09,PRCP,     0.00,     0.00,     0.00,     0.00,     6.59,     0.15,     0.12,     0.02,     0.00,     1.58,     0.07,     0.00,     0.00,     8.45,     9.96,     0.00,     0.00,     4.68,     0.30,     0.00,     0.00,     0.00,     0.00,     0.00,     0.34,     0.00,     0.00,     0.00,     0.00,     0.00,  -999.99
cty,41111,TX: Dallam County,1987,09,PRCP,     0.00,     0.00,     0.00,     0.00,     0.46,    13.01,     0.92,    11.49,     0.31,     0.00,     9.58,     9.35,     0.00,     0.00,     0.00,     0.00,     0.00,    21.59,     0.00,     0.34,    11.98,     0.00,     0.00,     0.00,     0.00,     0.00,     0.00,     0.00,     0.00,     0.00,  -999.99
cty,41113,TX: Dallas County,1987,09,PRCP,     0.00,     0.00,     0.00,     0.00,     0.00,     0.00,     0.59,     6.70,     0.01,     2.95,    11.07,     0.01,    15.25,     5.65,     3.88,     3.84,     0.00,     3.35,     3.96,     0.00,     0.00,     0.00,     0.00,     0.00,     0.00,     0.00,     0.00,     0.00,     1.60,     0.00,  -999.99
cty,41115,TX: Dawson County,1987,09,PRCP,     0.00,     0.00,     0.00,     0.00,     0.00,    20.83,     0.00,     6.65,    12.85,    12.66,     2.61,     0.00,     0.00,    13.38,    16.87,     0.00,     0.00,     4.45,     0.00,     0.00,     0.00,     0.00,     0.00,     0.00,     0.00,     0.00,     0.07,     0.00,     0.00,     0.00,  -999.99
cty,41117,TX: Deaf Smith County,1987,09,PRCP,     0.00,     0.00,     0.00,     0.00,     1.39,    19.42,     0.00,     6.74,     6.05,     1.84,     4.92,     3.85,     5.48,     2.04,     3.92,     0.00,     0.00,    12.73,     1.00,     0.00,    11.98,     1.51,     0.00,     0.00,     0.00,     0.00,     0.00,     0.00,     0.00,     0.00,  -999.99
cty,41119,TX: Delta County,1987,09,PRCP,     0.00,     0.00,     0.00,     0.00,     0.00,     0.00,     0.00,     0.00,     0.00,     8.19,    11.60,     0.00,    17.45,    18.68,    55.68,    20.10,     0.00,    13.96,    30.20,     0.00,     0.00,     0.00,     0.00,     0.00,     0.02,     0.00,     0.00,     0.00,     9.45,     0.00,  -999.99
cty,41121,TX: Denton County,1987,09,PRCP,     0.00,     0.00,     0.00,     0.00,     0.02,     0.00,     0.00,     3.18,     0.03,     9.77,     5.94,     0.14,    17.89,     4.30,    23.69,     4.28,     0.04,     5.53,     1.42,     0.00,     0.00,     0.00,     0.00,     0.00,     0.00,     0.00,     0.01,     0.03,     4.00,     0.00,  -999.99
cty,41123,TX: DeWitt County,1987,09,PRCP,     2.15,     0.00,     0.00,     0.00,     0.00,     0.00,     0.00,     6.79,     0.00,     0.00,    11.42,     0.00,     0.00,     0.00,     0.00,     0.00,     2.41,     0.00,     8.07,     0.01,     0.00,     0.00,     0.00,     0.00,     0.00,     0.00,     2.33,     7.42,     0.00,     0.00,  -999.99
cty,41125,TX: Dickens County,1987,09,PRCP,     0.00,     0.00,     0.00,     0.00,     0.00,    15.94,     0.00,     0.00,     2.10,     0.00,     0.02,    18.17,    12.00,     7.98,     9.14,     0.01,     0.00,     5.33,     0.00,     0.00,     2.56,     0.00,     0.00,     0.00,     0.00,     0.00,     0.00,     0.00,     0.00,     0.00,  -999.99
cty,41127,TX: Dimmit County,1987,09,PRCP,     5.36,     0.00,     0.00,     0.00,     0.00,     0.00,     0.00,     0.00,     0.00,     0.11,     7.31,     0.00,     0.00,     0.00,     0.00,     0.00,     0.00,     0.00,     0.00,     0.00,     0.00,     0.00,     0.00,     0.00,     0.00,     0.00,     0.00,     0.00,     0.00,     0.00,  -999.99
cty,41129,TX: Donley County,1987,09,PRCP,     0.00,     0.00,     0.00,     0.00,     0.01,    18.57,     0.00,     3.18,     0.00,     0.01,     7.22,    18.50,     0.17,     1.91,     5.73,     0.00,     0.01,    11.89,     0.00,     0.01,    20.77,     0.04,     0.00,     0.00,     0.00,     0.00,     0.00,     0.53,     0.00,     0.00,  -999.99
cty,41131,TX: Duval County,1987,09,PRCP,    21.58,     0.03,     0.00,     0.00,     0.00,     0.00,     0.00,     0.00,     0.00,     0.00,     0.00,     0.00,     0.00,     0.00,     0.00,     0.00,     0.00,     0.00,     0.00,     0.00,     0.00,     0.00,     0.00,     0.00,     0.00,     0.00,     4.27,    26.80,     0.15,     0.00,  -999.99
cty,41133,TX: Eastland County,1987,09,PRCP,     0.00,     0.00,     0.00,     0.00,     0.00,     0.00,    10.12,     0.00,     0.00,     0.15,     0.00,     5.84,    12.16,     3.56,    11.28,     0.23,     0.00,     6.33,    15.09,     0.00,     0.00,     0.00,     0.00,     0.00,     0.00,     0.00,     0.00,     3.31,     0.00,     0.00,  -999.99
cty,41135,TX: Ector County,1987,09,PRCP,     0.05,     0.00,     0.00,     0.00,     0.00,     7.46,     0.00,     4.96,     5.30,     7.82,     2.45,     0.00,     0.00,     8.57,     3.32,     0.00,     0.00,     5.11,     0.00,     0.00,     0.00,     0.00,     0.00,     0.00,     0.00,     0.33,     0.00,     0.04,     0.00,     0.00,  -999.99
cty,41137,TX: Edwards County,1987,09,PRCP,     0.00,     0.00,     0.02,     0.00,     0.00,     0.00,     3.04,     0.00,     0.00,     1.82,    15.19,     0.00,     0.00,     0.00,    34.40,     0.00,     0.00,    12.58,     5.22,     0.00,     0.00,     0.00,     0.00,     0.00,     0.00,     0.00,     0.00,     0.63,     0.00,     0.00,  -999.99
cty,41139,TX: Ellis County,1987,09,PRCP,     2.08,     0.00,     0.00,     0.00,     0.00,     0.00,     1.43,    10.51,     0.00,     0.00,    14.20,     0.01,    16.10,     5.67,     0.00,     7.50,     0.00,     2.90,     4.80,     0.00,     0.00,     0.00,     0.00,     0.00,     0.00,     0.00,     0.00,     0.00,     0.41,     0.00,  -999.99
cty,41141,TX: El Paso County,1987,09,PRCP,     0.00,     0.00,     0.00,     4.63,     3.97,     0.00,     0.00,     0.00,     0.00,     0.00,     0.00,     0.00,     0.15,    13.16,     1.73,     0.00,     0.23,     0.36,     0.00,     0.00,     0.00,     0.00,     0.00,     0.05,     2.98,     0.00,     0.00,     0.00,     0.08,     0.00,  -999.99
cty,41143,TX: Erath County,1987,09,PRCP,     0.00,     0.00,     0.00,     0.00,     0.00,     0.00,     5.65,     0.46,     0.00,     0.00,     0.00,     3.27,    15.07,     0.26,     5.21,     1.82,     0.00,     6.59,    10.98,     0.01,     0.00,     0.00,     0.00,     0.00,     0.00,     0.00,     0.00,     0.32,     0.00,     0.00,  -999.99
cty,41145,TX: Falls County,1987,09,PRCP,     2.14,     0.00,     0.00,     0.00,     0.00,     0.00,     0.08,     4.90,     0.00,     0.00,     3.30,     0.00,     7.89,     0.00,     0.00,    11.69,     9.03,     6.14,     4.03,     0.00,     0.00,     0.00,     0.00,     0.00,     0.00,     0.00,     0.00,     0.09,     0.02,     0.00,  -999.99
cty,41147,TX: Fannin County,1987,09,PRCP,     0.00,     0.00,     0.00,     0.00,     0.00,     0.00,     0.00,     1.70,     0.02,    14.18,     8.44,     0.05,    11.71,    16.38,    75.82,    12.30,     0.03,    15.25,    20.17,     0.00,     0.00,     0.00,     0.00,     0.00,     0.00,     0.00,     0.01,     0.03,     6.90,     0.00,  -999.99
cty,41149,TX: Fayette County,1987,09,PRCP,     2.51,     0.00,     0.00,     0.00,     0.00,     0.00,     0.00,     7.27,     0.00,     0.00,    17.63,     0.00,     1.23,     0.00,     0.00,     0.57,    28.47,     1.19,    11.49,     0.00,     0.00,     0.00,     0.00,     0.00,     0.00,     0.00,     0.00,     6.63,     0.96,     0.00,  -999.99
cty,41151,TX: Fisher County,1987,09,PRCP,     0.00,     0.00,     0.00,     0.10,     0.00,     6.78,     0.00,     0.00,     0.00,     0.00,     0.00,     9.91,     6.67,    11.18,     6.65,     0.00,     0.00,     8.85,     0.00,     0.00,     0.00,     0.00,     0.00,     0.00,     0.00,     0.00,     0.00,     0.00,     0.00,     0.00,  -999.99
cty,41153,TX: Floyd County,1987,09,PRCP,     0.00,     0.00,     0.00,     0.00,     0.00,    13.91,     0.00,     2.85,     6.52,     0.11,     2.25,    12.37,     9.01,     7.57,    15.41,     0.00,     0.00,     7.29,     0.00,     0.00,     6.41,     0.00,     0.00,     0.00,     0.00,     0.00,     0.00,     0.00,     0.00,     0.00,  -999.99
cty,41155,TX: Foard County,1987,09,PRCP,     0.00,     0.00,     0.00,     0.00,     0.00,     3.43,     0.64,     0.00,     0.00,     0.00,     0.00,    19.87,     4.53,     1.28,     2.75,     0.00,     0.00,     5.23,     0.00,     0.06,     5.58,     0.00,     0.00,     0.00,     0.00,     0.00,     0.00,     5.42,     0.00,     0.00,  -999.99
cty,41157,TX: Fort Bend County,1987,09,PRCP,     0.00,     0.00,     0.00,     0.00,     0.00,     0.00,     0.00,     0.00,     0.00,     0.00,    12.03,     0.15,     7.50,     0.00,     0.00,     0.12,     9.03,     4.92,     9.45,     0.00,     0.00,     0.00,     0.00,     0.00,     0.00,     0.00,     0.00,    12.24,    21.49,     0.00,  -999.99
cty,41159,TX: Franklin County,1987,09,PRCP,     0.00,     0.00,     0.00,     0.00,     0.00,     0.00,     0.00,     0.00,     0.00,     0.00,     8.42,     1.66,    12.68,     9.89,    18.43,    22.82,     0.00,     0.00,    19.83,     0.00,     0.00,     0.00,     0.00,     0.00,     0.00,     0.00,     0.00,     0.00,     8.83,     0.00,  -999.99
cty,41161,TX: Freestone County,1987,09,PRCP,     2.83,     0.00,     0.00,     0.00,     0.00,     0.00,     0.26,     7.55,     0.00,     0.00,    15.77,     0.02,     9.52,     6.91,     0.00,    45.60,     0.54,     2.74,     1.19,     0.00,     0.00,     0.00,     0.00,     0.00,     0.00,     0.00,     0.00,     0.00,     3.07,     0.00,  -999.99
cty,41163,TX: Frio County,1987,09,PRCP,     5.29,     0.00,     0.00,     0.00,     0.00,     0.00,     0.00,     0.00,     0.00,     0.00,    21.26,     0.00,     0.00,     0.00,     0.00,     0.00,     0.00,     0.00,     1.63,     0.00,     0.00,     0.00,     0.00,     0.00,     0.00,     0.00,     0.00,     0.00,     0.00,     0.00,  -999.99
cty,41165,TX: Gaines County,1987,09,PRCP,     0.00,     0.00,     0.00,     0.00,     0.00,    12.39,     1.10,    10.20,    12.87,     7.55,     1.74,     0.00,     0.00,    11.23,    12.55,     0.00,     0.01,     3.56,     0.15,     0.00,     0.01,     0.00,     0.00,     0.00,     0.00,     0.00,     0.00,     0.00,     0.00,     0.00,  -999.99
cty,41167,TX: Galveston County,1987,09,PRCP,     0.00,     0.00,     0.00,     0.00,     0.00,     0.00,     0.00,     0.00,     0.00,     0.00,    13.64,     5.59,    10.71,     0.09,     0.00,     0.00,    15.16,     4.30,    14.30,     0.00,     0.00,     0.00,     0.00,     0.00,     0.00,     0.00,     0.00,    13.94,    32.95,     0.00,  -999.99
cty,41169,TX: Garza County,1987,09,PRCP,     0.00,     0.00,     0.00,     0.00,     0.00,    18.23,     0.00,     1.48,     7.00,     5.27,     0.04,     9.78,     4.05,    13.96,    14.34,     0.00,     0.00,     5.10,     0.00,     0.00,     0.49,     0.00,     0.00,     0.00,     0.00,     0.00,     0.00,     0.00,     0.00,     0.00,  -999.99
cty,41171,TX: Gillespie County,1987,09,PRCP,     2.49,     0.00,     0.00,     0.00,     0.00,     0.00,     5.30,     0.72,     0.01,     0.06,    15.72,     0.02,     0.00,     0.00,     2.10,     0.02,     0.15,    10.61,     8.49,     0.00,     0.00,     0.00,     0.00,     0.00,     0.00,     0.00,     0.00,     0.25,     0.03,     0.00,  -999.99
cty,41173,TX: Glasscock County,1987,09,PRCP,     0.00,     0.00,     0.00,     0.00,     0.16,    16.63,     1.29,     0.17,     6.56,    18.82,     4.78,     0.00,     0.00,    11.38,     5.02,     0.00,     0.12,    21.56,     0.00,     0.00,     0.00,     0.00,     0.00,     0.00,     0.00,     0.00,     0.00,     0.00,     0.00,     0.00,  -999.99
cty,41175,TX: Goliad County,1987,09,PRCP,     1.51,     0.00,     0.00,     0.00,     0.00,     0.00,     0.00,     4.67,     0.00,     0.00,    12.02,     0.00,     0.00,     0.00,     0.00,     0.00,     0.00,     0.00,     9.75,     0.00,     0.00,     0.00,     0.00,     0.00,     0.00,     0.00,     9.82,    15.64,     0.00,     0.00,  -999.99
cty,41177,TX: Gonzales County,1987,09,PRCP,     2.89,     0.00,     0.00,     0.00,     0.00,     0.00,     0.35,    11.76,     0.00,     0.46,    20.26,     0.00,     0.02,     0.01,     0.00,     0.00,    12.96,     1.09,    12.81,     0.00,     0.00,     0.00,     0.00,     0.00,     0.00,     0.00,     5.31,     7.38,     0.00,     0.00,  -999.99
cty,41179,TX: Gray County,1987,09,PRCP,     0.00,     0.00,     0.00,     0.00,     0.00,    18.50,     0.20,     5.13,     0.00,     0.09,     8.62,    21.70,     0.00,     0.00,     3.22,     0.00,     0.00,    18.67,     0.00,     0.00,    22.99,     0.00,     0.00,     0.00,     0.00,     0.00,     0.00,     1.62,     0.00,     0.00,  -999.99
cty,41181,TX: Grayson County,1987,09,PRCP,     0.00,     0.00,     0.00,     0.00,     0.00,     0.00,     0.00,     3.97,     0.00,    19.09,     5.27,     0.00,    11.83,     9.73,    58.96,     7.93,     0.08,    14.20,     6.45,     0.00,     0.00,     0.00,     0.00,     0.00,     0.00,     0.00,     0.00,     0.09,     6.67,     0.02,  -999.99
cty,41183,TX: Gregg County,1987,09,PRCP,     1.28,     0.00,     0.00,     0.00,     0.00,     0.00,     0.00,     0.00,     0.00,     0.00,    18.49,     4.49,     8.94,     8.65,     0.00,    46.37,     0.16,     0.00,     8.57,     0.00,     0.00,     0.00,     0.00,     0.00,     0.00,     0.00,     0.00,     0.00,    10.14,     0.00,  -999.99
cty,41185,TX: Grimes County,1987,09,PRCP,     0.00,     0.00,     0.00,     0.00,     0.00,     0.00,     0.00,     0.00,     0.03,     0.00,    13.63,     0.15,     8.58,     0.00,     0.02,    12.07,    15.43,     3.72,     5.72,     0.00,     0.00,     0.00,     0.00,     0.00,     0.00,     0.00,     0.00,     5.01,     7.10,     0.00,  -999.99
cty,41187,TX: Guadalupe County,1987,09,PRCP,     0.44,     0.00,     0.00,     0.00,     0.00,     0.00,     1.50,    10.77,     0.08,     2.42,    18.18,     0.00,     0.00,     0.00,     0.00,     0.00,     3.74,    10.80,    10.66,     0.00,     0.00,     0.00,     0.00,     0.00,     0.00,     0.00,    11.03,     4.53,     0.04,     0.00,  -999.99
cty,41189,TX: Hale County,1987,09,PRCP,     0.00,     0.00,     0.00,     0.00,     0.01,    15.25,     0.00,     4.98,    11.02,     2.62,     2.38,     7.47,     7.26,     6.46,    16.66,     0.00,     0.00,     6.80,     0.08,     0.00,     6.14,     0.14,     0.00,     0.00,     0.00,     0.13,     0.01,     0.00,     0.00,     0.00,  -999.99
cty,41191,TX: Hall County,1987,09,PRCP,     0.00,     0.00,     0.00,     0.00,     0.09,    12.12,     0.00,     0.22,     0.25,     0.05,     3.96,    14.68,     3.38,     3.36,     5.81,     0.00,     0.05,     7.54,     0.00,     0.07,    12.41,     0.00,     0.00,     0.00,     0.00,     0.00,     0.00,     0.72,     0.00,     0.00,  -999.99
cty,41193,TX: Hamilton County,1987,09,PRCP,     1.37,     0.00,     0.00,     0.00,     0.00,     0.30,    13.25,     7.10,     0.05,     0.00,     0.00,     1.56,    15.16,     0.00,     3.01,     7.31,     0.77,    21.96,    21.65,     0.00,     0.00,     0.00,     0.00,     0.00,     0.00,     0.00,     0.00,     0.02,     0.00,     0.00,  -999.99
cty,41195,TX: Hansford County,1987,09,PRCP,     0.00,     0.00,     0.00,     0.00,     1.35,    14.24,     0.35,    10.77,     0.00,     0.00,    13.09,    26.24,     0.00,     0.00,     0.00,     0.00,     0.00,    29.95,     0.00,     0.00,    10.00,     0.00,     0.00,     0.00,     0.00,     0.00,     0.00,     0.05,     0.00,     0.00,  -999.99
cty,41197,TX: Hardeman County,1987,09,PRCP,     0.00,     0.00,     0.00,     0.00,     0.00,     3.87,     2.40,     0.00,     0.00,     0.00,     0.00,    20.85,     2.64,     0.00,     3.55,     0.00,     0.00,     7.61,     0.00,     0.00,    12.19,     0.00,     0.00,     0.00,     0.00,     0.00,     0.06,     6.82,     0.00,     0.00,  -999.99
cty,41199,TX: Hardin County,1987,09,PRCP,     0.00,     0.00,     0.00,     0.00,     0.00,     0.00,     0.00,     0.08,     1.21,     0.89,    18.32,     5.47,    11.56,     1.94,     0.00,     4.46,    27.46,     4.17,    15.44,     0.00,     0.00,     0.00,     0.00,     0.00,     0.00,     0.00,     0.00,     1.98,    11.78,     0.00,  -999.99
cty,41201,TX: Harris County,1987,09,PRCP,     0.00,     0.00,     0.00,     0.00,     0.00,     0.00,     0.00,     0.00,     0.00,     0.00,    13.52,     0.28,     9.16,     0.00,     0.00,     0.40,    13.51,     4.02,     9.75,     0.00,     0.00,     0.00,     0.00,     0.00,     0.00,     0.00,     0.00,     6.71,    19.56,     0.00,  -999.99
cty,41203,TX: Harrison County,1987,09,PRCP,     0.38,     0.00,     0.00,     0.00,     0.00,     0.00,     0.00,     0.00,     0.00,     0.03,    14.64,     4.64,     4.20,     4.45,     0.00,    31.02,     0.12,     0.07,    11.89,     0.00,     0.00,     0.00,     0.00,     0.00,     0.00,     0.00,     0.00,     0.03,    10.38,     0.00,  -999.99
cty,41205,TX: Hartley County,1987,09,PRCP,     0.00,     0.00,     0.00,     0.00,     0.96,    12.96,     0.16,     8.30,     0.80,     0.00,     7.18,     5.53,     0.33,     0.00,     0.67,     0.00,     0.03,    17.16,     0.00,     0.10,    11.60,     0.12,     0.00,     0.00,     0.00,     0.00,     0.00,     0.00,     0.00,     0.00,  -999.99
cty,41207,TX: Haskell County,1987,09,PRCP,     0.03,     0.00,     0.00,     0.00,     0.00,     0.55,     1.85,     0.00,     0.00,     0.00,     0.00,    20.61,    10.48,     7.93,    11.46,     0.00,     0.00,     2.46,     0.00,     0.00,     0.00,     0.00,     0.00,     0.00,     0.00,     0.00,     0.00,     1.50,     0.07,     0.00,  -999.99
cty,41209,TX: Hays County,1987,09,PRCP,     1.27,     0.00,     0.00,     0.00,     0.00,     0.00,     6.23,     9.03,     0.00,     0.19,    13.46,     0.00,     0.06,     0.00,     0.00,     0.00,     3.10,    14.15,     9.15,     0.00,     0.00,     0.00,     0.00,     0.00,     0.00,     0.00,     0.89,     1.73,     0.02,     0.00,  -999.99
cty,41211,TX: Hemphill County,1987,09,PRCP,     0.00,     0.00,     0.00,     0.00,     0.00,    13.29,     4.25,     2.06,     0.00,     0.00,     9.79,    33.39,     0.00,     0.00,     2.31,     0.00,     0.00,    28.42,     0.00,     0.00,    22.96,     0.00,     0.00,     0.00,     0.00,     0.00,     0.00,     7.27,     0.00,     0.00,  -999.99
cty,41213,TX: Henderson County,1987,09,PRCP,     0.68,     0.00,     0.00,     0.00,     0.00,     0.00,     0.08,     3.19,     0.00,     0.13,    16.83,     0.00,     9.74,     8.47,     0.00,    35.03,     0.00,     0.24,     0.98,     0.00,     0.00,     0.00,     0.00,     0.00,     0.00,     0.00,     0.00,     0.00,     3.69,     0.00,  -999.99
cty,41215,TX: Hidalgo County,1987,09,PRCP,    17.26,     1.82,     0.00,     0.00,     0.00,     0.00,     0.00,     0.00,     0.00,     0.00,     0.00,     0.00,     0.00,     0.00,     0.00,     0.00,     0.00,     0.00,     1.34,     9.68,     0.01,     6.44,     4.82,     0.00,     0.00,     0.00,     0.00,    56.18,     0.67,     0.01,  -999.99
cty,41217,TX: Hill County,1987,09,PRCP,     4.18,     0.00,     0.00,     0.00,     0.00,     0.00,     3.28,    14.54,     0.00,     0.00,    11.59,     0.00,    22.41,     4.73,     0.00,    12.30,     0.27,     6.48,     9.17,     0.00,     0.00,     0.00,     0.00,     0.00,     0.00,     0.00,     0.00,     0.00,     1.61,     0.00,  -999.99
cty,41219,TX: Hockley County,1987,09,PRCP,     0.00,     0.00,     0.00,     0.00,     0.00,    12.09,     0.00,     7.61,    14.82,     4.67,     0.84,     2.22,     0.14,     6.32,    14.57,     0.00,     0.00,     3.15,     0.00,     0.00,     1.85,     0.32,     0.00,     0.00,     0.00,     0.88,     0.00,     0.00,     0.00,     0.00,  -999.99
cty,41221,TX: Hood County,1987,09,PRCP,     0.00,     0.00,     0.00,     0.00,     0.00,     0.00,     2.75,     1.14,     0.00,     0.03,     0.69,     0.33,    19.60,     1.73,     4.40,     0.04,     0.00,     4.20,     6.40,     0.00,     0.00,     0.00,     0.00,     0.00,     0.00,     0.00,     0.00,     0.00,     0.00,     0.00,  -999.99
cty,41223,TX: Hopkins County,1987,09,PRCP,     0.00,     0.00,     0.00,     0.00,     0.00,     0.00,     0.00,     0.00,     0.00,     2.92,    12.40,     0.07,    17.19,    14.63,    25.70,    21.69,     0.00,     6.71,    21.80,     0.00,     0.00,     0.00,     0.00,     0.00,     0.00,     0.00,     0.00,     0.00,     8.68,     0.00,  -999.99
cty,41225,TX: Houston County,1987,09,PRCP,     0.04,     0.00,     0.00,     0.00,     0.00,     0.00,     0.00,     0.10,     0.00,     0.00,    22.19,     0.08,    14.11,     7.23,     0.00,    54.68,     2.22,     3.82,     1.25,     0.00,     0.00,     0.00,     0.00,     0.00,     0.00,     0.00,     0.00,     0.00,     5.00,     0.00,  -999.99
cty,41227,TX: Howard County,1987,09,PRCP,     0.04,     0.00,     0.00,     0.00,     0.00,    17.73,     0.00,     0.52,     5.98,    13.74,     3.16,     0.00,     0.00,    11.07,     4.66,     0.00,     0.00,    11.46,     0.06,     0.00,     0.00,     0.00,     0.00,     0.00,     0.00,     0.00,     0.02,     0.00,     0.00,     0.00,  -999.99
cty,41229,TX: Hudspeth County,1987,09,PRCP,     0.00,     0.00,     0.00,     0.54,     8.31,     0.02,     0.00,     0.00,     0.01,     0.01,     0.00,     0.00,     0.00,     9.84,     8.74,     0.00,     0.03,     3.63,     0.09,     0.00,     0.00,     0.00,     0.00,     0.00,     0.69,     0.00,     0.00,     0.00,     0.00,     0.00,  -999.99
cty,41231,TX: Hunt County,1987,09,PRCP,     0.00,     0.00,     0.00,     0.00,     0.00,     0.00,     0.00,     3.33,     0.00,     6.07,    12.55,     0.01,    14.07,    12.58,    23.04,    10.10,     0.00,     9.22,    12.42,     0.00,     0.00,     0.00,     0.00,     0.00,     0.00,     0.00,     0.00,     0.00,     4.57,     0.00,  -999.99
cty,41233,TX: Hutchinson County,1987,09,PRCP,     0.00,     0.00,     0.00,     0.00,     0.78,    17.53,     0.00,     9.50,     0.00,     0.00,    10.93,    21.03,     0.00,     0.00,     0.61,     0.00,     0.00,    25.92,     0.00,     0.00,    15.72,     0.00,     0.00,     0.00,     0.00,     0.00,     0.00,     0.27,     0.00,     0.00,  -999.99
cty,41235,TX: Irion County,1987,09,PRCP,     0.17,     0.00,     0.00,     0.00,     0.00,     7.22,    16.10,     0.00,     0.00,     9.81,     6.25,     0.00,     0.31,     4.85,     5.55,     0.00,     0.00,    24.79,     5.35,     0.00,     0.00,     0.00,     0.00,     0.00,     0.00,     0.00,     0.00,     0.00,     0.00,     0.00,  -999.99
cty,41237,TX: Jack County,1987,09,PRCP,     0.00,     0.00,     0.00,     0.00,     0.00,     0.00,     3.29,     0.00,     0.00,     3.76,     0.00,    15.91,    17.53,     3.71,    30.70,     1.46,     0.00,     4.85,     0.00,     0.00,     0.00,     0.00,     0.00,     0.00,     0.00,     0.00,     0.00,     0.85,     7.18,     0.00,  -999.99
cty,41239,TX: Jackson County,1987,09,PRCP,     0.00,     0.00,     0.00,     0.00,     0.00,     0.00,     0.00,     2.64,     0.00,     0.00,    13.21,     0.00,     0.00,     0.00,     0.12,     0.00,     5.24,     6.58,    16.23,     0.00,     0.00,     0.00,     0.00,     0.00,     0.00,     0.00,    15.60,    21.45,     8.33,     0.00,  -999.99
cty,41241,TX: Jasper County,1987,09,PRCP,     0.15,     0.00,     0.00,     0.00,     0.00,     0.00,     0.00,     0.00,     0.05,     1.60,    15.31,     6.41,     9.82,     4.26,     0.00,     4.07,    33.13,     2.92,    14.63,     0.01,     0.00,     0.00,     0.00,     0.00,     0.00,     0.00,     0.00,     0.00,     5.20,     0.00,  -999.99
cty,41243,TX: Jeff Davis County,1987,09,PRCP,     0.00,     0.00,     0.00,     0.00,     1.30,     0.04,     0.00,     0.08,     0.04,     6.20,     1.93,     0.00,     0.07,    10.57,    10.48,     0.00,     0.00,     4.36,     0.00,     0.00,     0.02,     0.00,     0.00,     0.00,     2.02,     3.48,     0.00,     0.00,     0.73,     0.00,  -999.99
cty,41245,TX: Jefferson County,1987,09,PRCP,     0.63,     0.00,     0.00,     0.00,     0.00,     0.00,     0.06,     0.06,     0.21,     4.64,    23.94,    10.70,    25.48,     1.23,     0.00,     0.10,    43.50,     4.92,    28.09,     0.01,     0.00,     0.00,     0.00,     0.00,     0.00,     0.00,     0.01,     6.82,    26.11,     0.00,  -999.99
cty,41247,TX: Jim Hogg County,1987,09,PRCP,    16.90,     0.79,     0.00,     0.00,     0.00,     0.00,     0.00,     0.00,     0.00,     0.00,     0.00,     0.00,     0.00,     0.00,     0.00,     0.00,     0.00,     0.00,     0.00,     0.00,     0.00,     1.62,     0.00,     0.00,     0.00,     0.00,     1.29,    23.19,     0.00,     0.00,  -999.99
cty,41249,TX: Jim Wells County,1987,09,PRCP,    12.66,     0.00,     0.00,     0.00,     0.00,     0.00,     0.00,     0.04,     0.00,     0.03,     0.05,     0.02,     0.00,     0.00,     0.00,     0.00,     0.00,     0.00,     0.00,     0.05,     0.00,     0.00,     0.00,     0.00,     0.00,     0.00,     4.75,    25.21,     0.00,     0.00,  -999.99
cty,41251,TX: Johnson County,1987,09,PRCP,     0.18,     0.00,     0.00,     0.00,     0.00,     0.00,     2.57,     7.18,     0.00,     0.02,     8.96,     0.00,    22.06,     3.45,     0.78,     2.45,     0.00,     4.05,     5.92,     0.00,     0.00,     0.00,     0.00,     0.00,     0.00,     0.00,     0.00,     0.00,     0.11,     0.00,  -999.99
cty,41253,TX: Jones County,1987,09,PRCP,     0.05,     0.00,     0.00,     0.18,     0.00,     1.20,     5.41,     0.00,     0.00,     0.07,     0.00,    16.55,    10.70,    14.72,    18.08,     0.00,     0.00,    10.36,     1.73,     0.00,     0.00,     0.00,     0.00,     0.00,     0.00,     0.00,     0.00,     0.13,     0.08,     0.00,  -999.99
cty,41255,TX: Karnes County,1987,09,PRCP,     2.65,     0.00,     0.00,     0.00,     0.00,     0.02,     0.00,     7.02,     0.00,     0.98,    15.16,     0.00,     0.00,     0.01,     0.00,     0.00,     0.00,     0.34,     8.68,     0.00,     0.00,     0.00,     0.00,     0.00,     0.00,     0.00,     2.49,     7.55,     0.00,     0.00,  -999.99
cty,41257,TX: Kaufman County,1987,09,PRCP,     0.23,     0.00,     0.00,     0.00,     0.00,     0.00,     0.00,     6.11,     0.00,     1.04,    14.01,     0.00,    12.02,     7.68,     0.91,    10.47,     0.00,     3.33,     4.85,     0.00,     0.00,     0.00,     0.00,     0.00,     0.00,     0.00,     0.00,     0.00,     2.88,     0.00,  -999.99
cty,41259,TX: Kendall County,1987,09,PRCP,     1.13,     0.00,     0.00,     0.00,     0.00,     0.00,     7.14,     6.61,     0.01,     0.13,    22.92,     0.02,     0.00,     0.00,     0.00,     0.02,     0.00,    11.24,    10.24,     0.00,     0.00,     0.00,     0.00,     0.00,     0.00,     0.00,     0.00,     0.07,     0.00,     0.00,  -999.99
cty,41261,TX: Kenedy County,1987,09,PRCP,    12.19,     0.00,     0.00,     0.00,     0.00,     0.00,     0.00,     0.00,     0.00,     0.00,     0.00,     0.00,     0.00,     0.00,     0.00,     0.00,     0.00,     0.00,     1.90,     4.84,     0.00,     2.68,     7.81,     0.00,     0.00,     0.00,     0.11,    41.71,     0.89,     0.06,  -999.99
cty,41263,TX: Kent County,1987,09,PRCP,     0.00,     0.00,     0.00,     0.00,     0.00,    13.12,     0.00,     0.00,     1.89,     0.15,     0.00,    14.04,     9.54,    10.73,     7.59,     0.00,     0.00,     5.20,     0.00,     0.00,     0.20,     0.00,     0.00,     0.00,     0.00,     0.00,     0.00,     0.00,     0.00,     0.00,  -999.99
cty,41265,TX: Kerr County,1987,09,PRCP,     1.07,     0.00,     0.00,     0.00,     0.00,     0.00,     5.71,     0.02,     0.00,     0.07,    19.81,     0.00,     0.00,     0.00,     6.06,     0.00,     0.00,    11.72,     7.98,     0.00,     0.00,     0.00,     0.00,     0.00,     0.00,     0.00,     0.00,     0.56,     0.00,     0.00,  -999.99
cty,41267,TX: Kimble County,1987,09,PRCP,     0.89,     0.00,     0.00,     0.00,     0.00,     0.00,     9.92,     0.00,     0.00,     0.00,    16.09,     0.00,     0.00,     0.00,     9.94,     0.00,     0.00,    19.79,    11.81,     0.00,     0.00,     0.00,     0.00,     0.00,     0.00,     0.00,     0.00,     3.54,     0.10,     0.00,  -999.99
cty,41269,TX: King County,1987,09,PRCP,     0.00,     0.00,     0.00,     0.00,     0.76,     8.83,     0.00,     0.00,     0.00,     0.00,     0.93,    22.06,    11.70,     5.59,     4.05,     0.00,     0.05,     4.68,     0.00,     0.01,     1.41,     0.00,     0.00,     0.00,     0.00,     0.00,     0.00,     0.91,     0.02,     0.00,  -999.99
cty,41271,TX: Kinney County,1987,09,PRCP,     2.01,     0.00,     0.00,     0.00,     0.00,     0.00,     0.00,     0.29,     0.19,     0.00,    20.01,     0.00,     0.00,     0.00,    14.25,     0.00,     0.00,     0.00,     0.35,     0.00,     0.00,     0.00,     0.00,     0.00,     0.00,     0.00,     0.00,     0.00,     0.00,     5.30,  -999.99
cty,41273,TX: Kleberg County,1987,09,PRCP,    10.34,     0.00,     0.00,     0.00,     0.00,     0.00,     0.00,     0.00,     0.00,     0.00,     0.00,     0.00,     0.00,     0.00,     0.00,     0.00,     0.00,     0.00,     0.76,     0.00,     0.00,     0.00,     0.00,     0.00,     0.00,     0.00,     3.02,    30.96,     0.00,     0.00,  -999.99
cty,41275,TX: Knox County,1987,09,PRCP,     0.00,     0.00,     0.00,     0.00,     0.04,     1.92,     0.14,     0.00,     0.00,     0.00,     0.07,    21.18,     7.47,     3.84,     4.22,     0.00,     0.18,     3.12,     0.00,     0.00,     0.89,     0.00,     0.00,     0.00,     0.00,     0.00,     0.00,     4.28,     0.00,     0.00,  -999.99
cty,41277,TX: Lamar County,1987,09,PRCP,     0.01,     0.00,     0.00,     0.00,     0.00,     0.00,     0.00,     0.00,     0.00,     7.55,     5.84,     0.19,     9.88,    13.12,    60.96,    15.71,     0.00,    11.04,    28.61,     0.00,     0.00,     0.00,     0.00,     0.00,     0.00,     0.00,     0.00,     0.06,     7.91,     0.00,  -999.99
cty,41279,TX: Lamb County,1987,09,PRCP,     0.00,     0.00,     0.00,     0.00,     0.00,    15.23,     0.00,     7.15,    13.27,     3.27,     1.97,     3.61,     5.24,     4.50,    12.06,     0.00,     0.00,     5.63,     0.72,     0.02,     5.05,     0.87,     0.00,     0.00,     0.00,     0.32,     0.01,     0.00,     0.00,     0.00,  -999.99
cty,41281,TX: Lampasas County,1987,09,PRCP,     3.81,     0.00,     0.00,     0.00,     0.00,     0.02,    15.91,    10.12,     0.01,     0.00,     0.00,     0.06,     6.01,     0.00,     2.34,     7.86,     0.04,    32.82,    23.29,     0.00,     0.00,     0.00,     0.00,     0.00,     0.00,     0.00,     0.00,     0.00,     0.03,     0.00,  -999.99
cty,41283,TX: La Salle County,1987,09,PRCP,    15.79,     0.00,     0.00,     0.00,     0.00,     0.00,     0.00,     0.00,     0.00,     0.00,     6.80,     0.00,     0.00,     0.00,     0.00,     0.00,     0.00,     0.00,     0.02,     0.00,     0.00,     0.00,     0.00,     0.00,     0.00,     0.00,     0.00,     0.00,     0.00,     0.00,  -999.99
cty,41285,TX: Lavaca County,1987,09,PRCP,     2.15,     0.00,     0.00,     0.00,     0.00,     0.00,     0.00,     9.42,     0.00,     0.00,    18.83,     0.00,     0.00,     0.00,     0.19,     0.00,    20.54,     0.82,    15.51,     0.01,     0.00,     0.00,     0.00,     0.00,     0.00,     0.00,     6.67,    11.40,     0.38,     0.00,  -999.99
cty,41287,TX: Lee County,1987,09,PRCP,     2.90,     0.01,     0.00,     0.00,     0.00,     0.01,     0.28,     6.55,     0.00,     0.02,    14.96,     0.04,     5.93,     0.00,     0.00,     6.34,    29.41,    11.38,    10.31,     0.00,     0.01,     0.00,     0.00,     0.00,     0.00,     0.00,     0.00,     6.13,     0.41,     0.00,  -999.99
cty,41289,TX: Leon County,1987,09,PRCP,     0.33,     0.00,     0.00,     0.00,     0.00,     0.00,     0.00,     3.89,     0.00,     0.00,    16.97,     0.14,    11.38,     3.98,     0.00,    53.56,     4.84,     3.63,     1.69,     0.00,     0.00,     0.00,     0.00,     0.00,     0.00,     0.00,     0.00,     0.00,     3.92,     0.00,  -999.99
cty,41291,TX: Liberty County,1987,09,PRCP,     0.02,     0.00,     0.00,     0.00,     0.00,     0.00,     0.00,     0.00,     0.00,     0.05,    19.90,     3.19,    11.23,     0.04,     0.00,     4.57,    22.69,     4.98,    13.66,     0.01,     0.00,     0.00,     0.00,     0.00,     0.00,     0.00,     0.00,     5.12,    18.95,     0.00,  -999.99
cty,41293,TX: Limestone County,1987,09,PRCP,     3.83,     0.00,     0.00,     0.00,     0.00,     0.00,     0.41,    11.16,     0.00,     0.00,    11.67,     0.00,    11.90,     4.56,     0.00,    34.84,     5.81,     4.79,     4.27,     0.00,     0.00,     0.00,     0.00,     0.00,     0.00,     0.00,     0.00,     0.00,     2.04,     0.00,  -999.99
cty,41295,TX: Lipscomb County,1987,09,PRCP,     0.00,     0.00,     0.00,     0.00,     0.01,    10.99,     4.21,     2.82,     0.00,     0.03,    11.39,    31.30,     0.00,     0.00,     0.18,     0.04,     0.03,    30.38,     0.00,     0.00,    11.01,     0.00,     0.00,     0.00,     0.00,     0.00,     0.02,     8.34,     0.00,     0.00,  -999.99
cty,41297,TX: Live Oak County,1987,09,PRCP,    17.84,     0.00,     0.00,     0.00,     0.00,     0.00,     0.06,     0.20,     0.00,     0.13,     5.41,     0.02,     0.00,     0.00,     0.00,     0.00,     0.00,     0.00,     0.08,     0.02,     0.00,     0.00,     0.00,     0.00,     0.00,     0.00,     0.65,    13.95,     0.00,     0.00,  -999.99
cty,41299,TX: Llano County,1987,09,PRCP,     5.12,     0.00,     0.00,     0.00,     0.00,     0.00,    12.31,     4.71,     0.00,     0.00,    13.06,     0.00,     0.00,     0.00,     3.53,     4.01,     1.49,    27.44,    23.04,     0.00,     0.00,     0.00,     0.00,     0.00,     0.00,     0.00,     0.00,     1.09,     0.00,     0.00,  -999.99
cty,41301,TX: Loving County,1987,09,PRCP,     0.00,     0.00,     0.00,     0.00,     0.00,     0.67,     0.00,     3.04,     0.00,     2.83,     0.00,     0.00,     0.00,     6.27,     4.88,     0.00,     0.00,     3.31,     0.00,     0.00,     0.00,     0.00,     0.00,     0.00,     0.00,     0.00,     0.00,     0.00,     0.00,     0.00,  -999.99
cty,41303,TX: Lubbock County,1987,09,PRCP,     0.00,     0.00,     0.00,     0.00,     0.00,    10.73,     0.00,     3.95,    10.20,     3.77,     0.91,     4.54,     1.77,     7.50,    15.91,     0.00,     0.00,     3.21,     0.02,     0.01,     1.98,     0.00,     0.00,     0.00,     0.00,     0.23,     0.01,     0.00,     0.00,     0.00,  -999.99
cty,41305,TX: Lynn County,1987,09,PRCP,     0.00,     0.00,     0.00,     0.00,     0.00,    14.09,     0.00,     4.94,    11.15,     7.49,     1.77,     2.84,     0.00,    10.37,    17.65,     0.00,     0.00,     3.12,     0.00,     0.00,     0.50,     0.00,     0.00,     0.00,     0.00,     0.00,     0.00,     0.00,     0.00,     0.00,  -999.99
cty,41307,TX: McCulloch County,1987,09,PRCP,     2.56,     0.00,     0.00,     0.00,     0.00,     0.00,    17.48,     0.00,     0.00,     0.00,     6.85,     0.00,     0.00,     0.65,     9.23,     3.53,     0.00,    26.34,    32.15,     0.00,     0.00,     0.00,     0.00,     0.00,     0.00,     0.00,     0.00,     5.02,     0.00,     0.00,  -999.99
cty,41309,TX: McLennan County,1987,09,PRCP,     4.47,     0.00,     0.00,     0.00,     0.00,     0.00,     2.58,    12.36,     0.00,     0.00,     5.00,     0.00,    19.38,     0.88,     0.00,    15.55,     9.39,    12.01,    10.09,     0.02,     0.00,     0.00,     0.00,     0.00,     0.00,     0.00,     0.00,     0.05,     0.55,     0.00,  -999.99
cty,41311,TX: McMullen County,1987,09,PRCP,    16.67,     0.00,     0.00,     0.00,     0.00,     0.00,     0.20,     0.16,     0.00,     0.80,     4.04,     0.00,     0.00,     0.00,     0.00,     0.00,     0.00,     0.00,     0.00,     0.00,     0.00,     0.00,     0.00,     0.00,     0.00,     0.00,     0.00,     4.83,     0.00,     0.00,  -999.99
cty,41313,TX: Madison County,1987,09,PRCP,     0.00,     0.00,     0.00,     0.00,     0.00,     0.00,     0.00,     0.18,     0.00,     0.00,    13.44,     0.10,     9.30,     0.00,     0.00,    31.94,     8.05,     3.31,     3.28,     0.00,     0.00,     0.00,     0.00,     0.00,     0.00,     0.00,     0.00,     0.57,     4.14,     0.00,  -999.99
cty,41315,TX: Marion County,1987,09,PRCP,     0.00,     0.00,     0.00,     0.00,     0.00,     0.00,     0.00,     0.00,     0.00,     0.00,    10.97,     4.19,     3.41,     3.36,     0.00,    27.40,     0.00,     0.00,    15.67,     0.00,     0.00,     0.00,     0.00,     0.00,     0.00,     0.00,     0.00,     0.00,    11.13,     0.00,  -999.99
cty,41317,TX: Martin County,1987,09,PRCP,     0.00,     0.00,     0.00,     0.00,     0.00,    17.05,     0.00,     4.73,     9.36,    13.23,     2.72,     0.00,     0.00,    11.54,     7.34,     0.00,     0.00,     7.05,     0.00,     0.00,     0.00,     0.00,     0.00,     0.00,     0.00,     0.00,     0.00,     0.00,     0.00,     0.00,  -999.99
cty,41319,TX: Mason County,1987,09,PRCP,     4.11,     0.00,     0.00,     0.00,     0.00,     0.00,    11.57,     0.00,     0.00,     0.00,    13.94,     0.00,     0.00,     0.00,     6.82,     3.05,     0.00,    22.33,    22.02,     0.00,     0.00,     0.00,     0.00,     0.00,     0.00,     0.00,     0.00,     3.36,     0.00,     0.00,  -999.99
cty,41321,TX: Matagorda County,1987,09,PRCP,     0.00,     0.00,     0.00,     0.00,     0.00,     0.00,     0.00,     0.00,     0.00,     0.08,     8.63,     4.50,     2.33,     0.00,     0.00,     0.01,     4.53,     7.29,    12.36,     0.00,     0.06,     0.00,     0.00,     0.00,     0.00,     0.00,     6.12,    26.62,    23.96,     0.02,  -999.99
cty,41323,TX: Maverick County,1987,09,PRCP,     7.64,     0.00,     0.00,     0.00,     0.00,     0.00,     0.00,     0.00,     0.00,     0.00,    17.88,     0.00,     0.00,     0.00,     0.00,     0.00,     0.00,     0.00,     1.39,     0.00,     0.00,     0.00,     0.00,     0.00,     0.00,     0.00,     0.00,     0.00,     0.00,     6.87,  -999.99
cty,41325,TX: Medina County,1987,09,PRCP,     0.00,     0.00,     0.00,     0.00,     0.00,     0.00,     2.07,     0.03,     0.00,     0.00,    24.13,     0.00,     0.00,     0.00,     0.00,     0.00,     0.00,     0.06,     8.93,     0.00,     0.00,     0.00,     0.00,     0.00,     0.00,     0.00,     0.00,     0.05,     0.00,     0.00,  -999.99
cty,41327,TX: Menard County,1987,09,PRCP,     0.35,     0.00,     0.00,     0.00,     0.00,     0.00,    20.88,     0.00,     0.00,     0.00,    17.33,     0.00,     0.00,     0.00,    15.23,     0.26,     0.00,    35.89,    27.82,     0.00,     0.00,     0.00,     0.00,     0.00,     0.00,     0.00,     0.00,     5.76,     0.42,     0.00,  -999.99
cty,41329,TX: Midland County,1987,09,PRCP,     0.00,     0.00,     0.00,     0.00,     0.06,    11.28,     0.12,     3.41,     7.83,    13.23,     3.14,     0.00,     0.00,     9.94,     3.75,     0.00,     0.00,    10.70,     0.00,     0.00,     0.00,     0.00,     0.00,     0.00,     0.00,     0.00,     0.04,     0.00,     0.00,     0.00,  -999.99
cty,41331,TX: Milam County,1987,09,PRCP,     2.13,     0.00,     0.00,     0.00,     0.00,     0.01,     0.63,     5.05,     0.00,     0.31,     6.01,     1.33,     5.89,     0.00,     0.02,     9.16,    15.92,     9.06,     5.28,     0.00,     0.00,     0.00,     0.00,     0.00,     0.00,     0.00,     0.01,     2.46,     0.02,     0.00,  -999.99
cty,41333,TX: Mills County,1987,09,PRCP,     1.00,     0.00,     0.00,     0.00,     0.00,     0.03,    19.38,     1.85,     0.00,     0.00,     0.00,     0.65,     4.96,     0.00,     8.85,     8.77,     0.00,    25.64,    34.50,     0.00,     0.00,     0.00,     0.00,     0.00,     0.00,     0.00,     0.00,     2.09,     0.00,     0.00,  -999.99
cty,41335,TX: Mitchell County,1987,09,PRCP,     0.00,     0.00,     0.00,     0.00,     0.00,    13.10,     0.11,     0.00,     0.58,     8.38,     2.54,     0.24,     0.00,    10.24,     5.33,     0.00,     0.00,    14.27,     1.12,     0.00,     0.00,     0.00,     0.00,     0.00,     0.00,     0.00,     0.07,     0.00,     0.00,     0.00,  -999.99
cty,41337,TX: Montague County,1987,09,PRCP,     0.00,     0.00,     0.00,     0.00,     0.00,     0.00,     1.79,     0.00,     0.00,    12.62,     0.03,     9.95,     9.45,     0.00,    38.89,     4.47,     0.00,    10.49,     0.02,     0.00,     0.00,     0.00,     0.00,     0.00,     0.00,     0.00,     0.00,     1.76,     9.20,     0.00,  -999.99
cty,41339,TX: Montgomery County,1987,09,PRCP,     0.00,     0.00,     0.00,     0.00,     0.00,     0.00,     0.00,     0.00,     0.05,     0.13,    20.60,     0.05,    11.69,     0.00,     0.00,     9.60,    20.85,     5.87,    10.34,     0.00,     0.00,     0.00,     0.00,     0.00,     0.00,     0.00,     0.00,     6.41,    15.96,     0.00,  -999.99
cty,41341,TX: Moore County,1987,09,PRCP,     0.00,     0.00,     0.00,     0.00,     1.44,    15.01,     0.00,    10.14,     0.00,     0.00,     9.52,    11.33,     0.00,     0.00,     0.73,     0.00,     0.00,    20.40,     0.00,     0.00,    11.83,     0.00,     0.00,     0.00,     0.00,     0.00,     0.00,     0.00,     0.00,     0.00,  -999.99
cty,41343,TX: Morris County,1987,09,PRCP,     0.00,     0.00,     0.00,     0.00,     0.00,     0.00,     0.00,     0.00,     0.14,     0.39,     7.04,     0.94,     5.95,     4.89,     7.31,    22.81,     0.00,     1.55,    15.04,     0.00,     0.00,     0.00,     0.00,     0.00,     0.00,     0.00,     0.00,     0.25,     8.75,     0.00,  -999.99
cty,41345,TX: Motley County,1987,09,PRCP,     0.00,     0.00,     0.00,     0.00,     0.00,    12.62,     0.00,     0.01,     1.96,     0.00,     0.44,    14.58,     7.09,     4.99,     8.11,     0.00,     0.00,     7.29,     0.00,     0.00,     5.93,     0.00,     0.00,     0.00,     0.00,     0.00,     0.03,     0.29,     0.00,     0.00,  -999.99
cty,41347,TX: Nacogdoches County,1987,09,PRCP,     3.67,     0.00,     0.00,     0.00,     0.00,     0.00,     0.00,     0.00,     0.00,     0.00,    19.55,     3.03,    11.18,     6.97,     0.16,    28.45,     5.98,     0.91,     5.36,     0.00,     0.00,     0.00,     0.00,     0.00,     0.00,     0.00,     0.00,     0.00,     4.21,     0.00,  -999.99
cty,41349,TX: Navarro County,1987,09,PRCP,     3.03,     0.00,     0.00,     0.00,     0.00,     0.00,     0.66,     9.97,     0.00,     0.00,    14.77,     0.00,    11.11,     6.50,     0.00,    22.44,     0.00,     2.68,     3.58,     0.00,     0.00,     0.00,     0.00,     0.00,     0.00,     0.00,     0.00,     0.00,     2.71,     0.00,  -999.99
cty,41351,TX: Newton County,1987,09,PRCP,     1.23,     0.00,     0.00,     0.00,     0.00,     0.00,     0.00,     0.00,     0.00,     1.87,    11.45,     7.42,     7.37,     3.58,     0.00,     0.24,    35.28,     2.13,    15.32,     0.13,     0.00,     0.00,     0.00,     0.00,     0.00,     0.00,     0.00,     0.00,     3.46,     0.00,  -999.99
cty,41353,TX: Nolan County,1987,09,PRCP,     0.00,     0.00,     0.24,     0.31,     0.00,     8.08,     3.96,     0.00,     0.00,     0.19,     0.67,     1.07,     1.15,     9.27,     7.51,     0.00,     0.00,    14.89,     7.98,     0.00,     0.00,     0.00,     0.00,     0.00,     0.00,     0.00,     0.03,     0.00,     0.00,     0.00,  -999.99
cty,41355,TX: Nueces County,1987,09,PRCP,    10.28,     0.00,     0.00,     0.00,     0.00,     0.00,     0.00,     0.00,     0.00,     0.00,     0.00,     0.00,     0.00,     0.00,     0.00,     0.00,     0.00,     0.04,     0.98,     0.21,     0.02,     0.00,     0.00,     0.00,     0.00,     0.00,     5.58,    31.69,     0.17,     0.00,  -999.99
cty,41357,TX: Ochiltree County,1987,09,PRCP,     0.00,     0.00,     0.00,     0.00,     0.04,    13.06,     2.03,     5.30,     0.00,     0.00,    12.61,    29.06,     0.00,     0.00,     0.00,     0.00,     0.00,    29.30,     0.00,     0.00,    10.92,     0.00,     0.00,     0.00,     0.00,     0.00,     0.00,     2.65,     0.00,     0.00,  -999.99
cty,41359,TX: Oldham County,1987,09,PRCP,     0.00,     0.00,     0.00,     0.00,     0.93,     9.89,     0.00,     4.63,     2.06,     0.25,     4.15,     3.03,     2.03,     0.27,     1.33,     0.03,     0.00,    10.81,     0.00,     0.00,     8.70,     0.78,     0.00,     0.00,     0.00,     0.00,     0.00,     0.00,     0.00,     0.00,  -999.99
cty,41361,TX: Orange County,1987,09,PRCP,     1.91,     0.00,     0.00,     0.00,     0.00,     0.00,     0.00,     0.00,     0.00,     5.79,    19.56,    11.97,    22.51,     3.72,     0.00,     0.00,    48.36,     3.85,    27.08,     0.53,     0.00,     0.00,     0.00,     0.00,     0.00,     0.00,     0.00,     0.00,    14.15,     0.00,  -999.99
cty,41363,TX: Palo Pinto County,1987,09,PRCP,     0.00,     0.00,     0.00,     0.00,     0.00,     0.02,     3.62,     0.00,     0.00,     0.00,     0.03,     8.56,    16.73,     3.56,    13.44,     0.00,     0.00,     3.12,     3.93,     0.00,     0.00,     0.00,     0.00,     0.00,     0.00,     0.00,     0.00,     0.00,     1.59,     0.00,  -999.99
cty,41365,TX: Panola County,1987,09,PRCP,     3.00,     0.00,     0.00,     0.00,     0.00,     0.00,     0.00,     0.00,     0.00,     0.00,    17.42,     4.77,     5.23,     5.18,     0.00,    30.56,     0.73,     0.00,     9.41,     0.00,     0.00,     0.00,     0.00,     0.00,     0.00,     0.00,     0.00,     0.00,     6.63,     0.00,  -999.99
cty,41367,TX: Parker County,1987,09,PRCP,     0.00,     0.00,     0.00,     0.00,     0.00,     0.00,     1.22,     0.18,     0.00,     1.31,     2.31,     3.63,    20.73,     3.44,    11.61,     0.02,     0.00,     3.14,     2.78,     0.00,     0.00,     0.00,     0.00,     0.00,     0.00,     0.00,     0.00,     0.00,     1.75,     0.00,  -999.99
cty,41369,TX: Parmer County,1987,09,PRCP,     0.00,     0.00,     0.00,     0.00,     0.71,    18.41,     0.00,     8.09,    10.69,     2.78,     3.33,     2.90,     6.34,     2.76,     5.54,     0.00,     0.00,     8.50,     1.28,     0.00,     8.89,     1.36,     0.00,     0.00,     0.00,     0.00,     0.00,     0.00,     0.00,     0.00,  -999.99
cty,41371,TX: Pecos County,1987,09,PRCP,     0.01,     0.00,     0.00,     0.00,     0.00,     0.37,     0.24,     0.62,     0.32,    13.48,     5.68,     0.00,     0.00,    16.05,    13.36,     0.00,     0.00,     8.36,     0.11,     0.00,     0.00,     0.00,     0.00,     0.00,     0.00,     0.55,     0.27,     0.00,     5.82,     0.85,  -999.99
cty,41373,TX: Polk County,1987,09,PRCP,     0.00,     0.00,     0.00,     0.00,     0.00,     0.00,     0.00,     0.00,     0.00,     0.00,    19.55,     2.62,     9.94,     3.11,     0.00,    15.42,    15.89,     4.46,     7.53,     0.00,     0.00,     0.00,     0.00,     0.00,     0.00,     0.00,     0.00,     1.17,     7.26,     0.00,  -999.99
cty,41375,TX: Potter County,1987,09,PRCP,     0.00,     0.00,     0.00,     0.00,     0.98,    16.56,     0.00,     6.61,     0.50,     0.00,     7.01,     8.64,     1.19,     0.00,     2.20,     0.00,     0.00,    17.10,     0.04,     0.00,    12.04,     0.12,     0.00,     0.00,     0.00,     0.00,     0.00,     0.00,     0.00,     0.00,  -999.99
cty,41377,TX: Presidio County,1987,09,PRCP,     0.00,     0.00,     0.00,     0.00,     0.05,     0.00,     0.00,     0.00,     0.03,     2.70,     1.88,     0.00,     0.05,     7.66,    13.80,     0.00,     0.00,     4.47,     0.09,     0.00,     0.00,     0.00,     0.00,     0.00,     5.18,     7.11,     0.00,     0.53,     0.00,     0.06,  -999.99
cty,41379,TX: Rains County,1987,09,PRCP,     0.00,     0.00,     0.00,     0.00,     0.00,     0.00,     0.00,     0.00,     0.00,     1.96,    14.84,     0.28,    15.82,    11.91,     7.20,    17.69,     0.00,     6.53,    11.56,     0.00,     0.00,     0.00,     0.00,     0.00,     0.00,     0.00,     0.00,     0.18,     5.82,     0.00,  -999.99
cty,41381,TX: Randall County,1987,09,PRCP,     0.00,     0.00,     0.00,     0.00,     0.22,    22.72,     0.00,     5.97,     3.66,     0.41,     5.80,     8.05,     4.45,     1.67,     5.66,     0.00,     0.00,    15.18,     0.54,     0.00,    12.50,     0.84,     0.00,     0.00,     0.00,     0.00,     0.00,     0.00,     0.00,     0.00,  -999.99
cty,41383,TX: Reagan County,1987,09,PRCP,     0.57,     0.00,     0.00,     0.00,     0.06,     8.64,     9.70,     0.00,     2.42,    15.22,     4.75,     0.00,     1.18,     7.58,     6.14,     0.00,     0.00,    22.03,     0.11,     0.00,     0.00,     0.00,     0.00,     0.00,     0.00,     0.00,     0.00,     0.00,     0.00,     0.00,  -999.99
cty,41385,TX: Real County,1987,09,PRCP,     0.00,     0.00,     0.00,     0.00,     0.00,     0.00,     2.58,     0.00,     0.00,     0.00,    20.58,     0.00,     0.00,     0.03,    30.04,     0.00,     0.00,    10.17,     8.53,     0.00,     0.00,     0.00,     0.00,     0.00,     0.00,     0.00,     0.00,     0.00,     0.00,     0.00,  -999.99
cty,41387,TX: Red River County,1987,09,PRCP,     0.00,     0.00,     0.00,     0.00,     0.00,     0.00,     0.00,     0.00,     0.00,     1.96,     3.23,     0.05,     6.40,     5.86,    24.78,    17.97,     0.00,     0.81,    22.42,     0.00,     0.00,     0.00,     0.00,     0.00,     0.00,     0.00,     0.00,     0.00,     6.38,     0.00,  -999.99
cty,41389,TX: Reeves County,1987,09,PRCP,     0.05,     0.00,     0.00,     0.00,     0.37,     0.00,     0.00,     0.19,     0.00,     5.56,     0.32,     0.00,     0.00,     9.01,     5.30,     0.00,     0.00,     3.28,     0.00,     0.00,     0.00,     0.00,     0.00,     0.00,     0.75,     0.00,     0.00,     0.14,     3.20,     0.00,  -999.99
cty,41391,TX: Refugio County,1987,09,PRCP,     1.49,     0.00,     0.00,     0.00,     0.00,     0.00,     0.36,     0.00,     0.00,     0.00,     7.90,     0.00,     0.00,     0.00,     0.00,     0.00,     0.00,     1.93,    12.40,     0.00,     0.00,     0.00,     0.00,     0.00,     0.00,     0.45,    15.20,    33.48,     0.00,     0.00,  -999.99
cty,41393,TX: Roberts County,1987,09,PRCP,     0.00,     0.00,     0.00,     0.00,     0.00,    14.85,     1.40,     5.35,     0.00,     0.00,    10.05,    26.04,     0.00,     0.00,     0.81,     0.00,     0.00,    25.71,     0.00,     0.00,    17.72,     0.00,     0.00,     0.00,     0.00,     0.00,     0.00,     2.58,     0.00,     0.00,  -999.99
cty,41395,TX: Robertson County,1987,09,PRCP,     1.28,     0.00,     0.00,     0.00,     0.00,     0.00,     0.00,     4.59,     0.00,     0.01,     8.92,     0.02,     8.14,     0.00,     0.00,    22.43,    12.09,     4.73,     3.86,     0.00,     0.00,     0.00,     0.00,     0.00,     0.00,     0.00,     0.00,     0.70,     2.35,     0.00,  -999.99
cty,41397,TX: Rockwall County,1987,09,PRCP,     0.00,     0.00,     0.00,     0.00,     0.00,     0.00,     0.00,     6.62,     0.00,     4.78,    14.39,     0.00,    15.55,     9.81,     9.51,     7.02,     0.00,     6.24,     7.05,     0.00,     0.00,     0.00,     0.00,     0.00,     0.00,     0.00,     0.00,     0.00,     3.32,     0.00,  -999.99
cty,41399,TX: Runnels County,1987,09,PRCP,     0.00,     0.00,     0.00,     0.00,     0.00,     2.06,    12.97,     0.00,     0.00,     0.00,     2.13,     0.00,     0.00,     3.81,     9.46,     0.00,     0.00,    19.72,    21.92,     0.00,     0.00,     0.00,     0.00,     0.00,     0.00,     0.00,     0.03,     1.92,     0.00,     0.00,  -999.99
cty,41401,TX: Rusk County,1987,09,PRCP,     4.80,     0.00,     0.00,     0.00,     0.00,     0.00,     0.00,     0.00,     0.00,     0.00,    16.14,     3.31,     7.82,     6.99,     0.00,    38.47,     0.00,     0.00,     4.59,     0.00,     0.00,     0.00,     0.00,     0.00,     0.00,     0.00,     0.00,     0.01,     5.45,     0.00,  -999.99
cty,41403,TX: Sabine County,1987,09,PRCP,     1.14,     0.00,     0.00,     0.00,     0.00,     0.00,     0.00,     0.00,     0.00,     0.11,    18.39,     7.46,     8.37,     6.15,     0.00,     9.16,    33.54,     1.34,    14.99,     0.00,     0.00,     0.00,     0.00,     0.00,     0.00,     0.00,     0.00,     0.00,     3.53,     0.00,  -999.99
cty,41405,TX: San Augustine County,1987,09,PRCP,     1.13,     0.00,     0.00,     0.00,     0.00,     0.00,     0.00,     0.00,     0.00,     0.15,    23.52,     5.48,    12.13,     7.91,     0.00,    19.94,    25.89,     1.77,    11.90,     0.00,     0.00,     0.00,     0.00,     0.00,     0.00,     0.00,     0.00,     0.00,     4.79,     0.00,  -999.99
cty,41407,TX: San Jacinto County,1987,09,PRCP,     0.00,     0.00,     0.00,     0.00,     0.00,     0.00,     0.00,     0.00,     0.12,     0.00,    21.90,     0.64,     9.74,     0.00,     0.00,    14.02,    19.07,     5.97,     8.48,     0.00,     0.00,     0.00,     0.00,     0.00,     0.00,     0.00,     0.00,     4.11,    11.48,     0.00,  -999.99
cty,41409,TX: San Patricio County,1987,09,PRCP,     9.08,     0.00,     0.00,     0.00,     0.00,     0.00,     0.22,     0.10,     0.00,     0.09,     0.20,     0.05,     0.00,     0.00,     0.00,     0.00,     0.00,     0.48,     2.43,     0.09,     0.00,     0.00,     0.00,     0.00,     0.00,     0.53,     8.43,    28.17,     0.00,     0.00,  -999.99
cty,41411,TX: San Saba County,1987,09,PRCP,     2.59,     0.00,     0.00,     0.00,     0.00,     0.00,    12.57,     1.05,     0.00,     0.00,     1.68,     0.00,     0.00,     0.00,     5.22,     6.10,     0.00,    20.10,    23.92,     0.00,     0.00,     0.00,     0.00,     0.00,     0.00,     0.00,     0.01,     1.93,     0.00,     0.00,  -999.99
cty,41413,TX: Schleicher County,1987,09,PRCP,     0.00,     0.00,     0.00,     0.00,     0.00,     1.09,    15.21,     0.00,     0.00,     7.26,    11.04,     0.00,     0.00,     0.50,    13.89,     0.14,     0.00,    24.81,    11.31,     0.00,     0.00,     0.00,     0.00,     0.00,     0.00,     0.00,     0.00,     0.87,     0.30,     0.00,  -999.99
cty,41415,TX: Scurry County,1987,09,PRCP,     0.00,     0.00,     0.00,     0.00,     0.00,     8.98,     0.00,     0.00,     1.62,     2.85,     0.00,     4.20,     1.59,     7.70,     4.57,     0.00,     0.00,     4.61,     0.66,     0.00,     0.00,     0.00,     0.00,     0.00,     0.00,     0.00,     0.20,     0.00,     0.00,     0.00,  -999.99
cty,41417,TX: Shackelford County,1987,09,PRCP,     0.00,     0.00,     0.00,     0.00,     0.00,     0.00,     6.43,     0.00,     0.00,     0.00,     0.00,    12.42,     8.78,     7.45,    16.13,     0.00,     0.00,     4.79,     5.99,     0.00,     0.00,     0.00,     0.00,     0.00,     0.00,     0.00,     0.00,     1.26,     0.00,     0.00,  -999.99
cty,41419,TX: Shelby County,1987,09,PRCP,     3.40,     0.00,     0.00,     0.00,     0.00,     0.00,     0.00,     0.00,     0.00,     0.00,    23.96,     6.49,     8.48,     7.25,     0.00,    28.90,    11.61,     0.00,    12.37,     0.05,     0.00,     0.00,     0.00,     0.00,     0.00,     0.00,     0.00,     0.00,     5.32,     0.00,  -999.99
cty,41421,TX: Sherman County,1987,09,PRCP,     0.00,     0.00,     0.00,     0.00,     1.65,    12.90,     0.00,    14.84,     0.00,     0.00,    12.01,    18.26,     0.00,     0.00,     0.00,     0.00,     0.00,    26.26,     0.00,     0.00,    10.38,     0.00,     0.00,     0.00,     0.00,     0.00,     0.00,     0.00,     0.00,     0.00,  -999.99
cty,41423,TX: Smith County,1987,09,PRCP,     0.85,     0.00,     0.00,     0.00,     0.00,     0.00,     0.00,     0.00,     0.00,     0.00,    15.61,     0.32,     9.99,     9.25,     0.00,    42.10,     0.00,     0.00,     3.33,     0.00,     0.00,     0.00,     0.00,     0.00,     0.00,     0.00,     0.00,     0.01,     5.45,     0.00,  -999.99
cty,41425,TX: Somervell County,1987,09,PRCP,     0.00,     0.00,     0.00,     0.00,     0.00,     0.00,     3.58,     4.61,     0.00,     0.00,     0.25,     0.00,    19.64,     0.08,     2.49,     2.36,     0.00,     6.09,     8.69,     0.00,     0.00,     0.00,     0.00,     0.00,     0.00,     0.00,     0.00,     0.00,     0.00,     0.00,  -999.99
cty,41427,TX: Starr County,1987,09,PRCP,    18.96,     2.15,     0.00,     0.00,     0.00,     0.00,     0.00,     0.00,     0.00,     0.00,     0.00,     0.00,     0.00,     0.00,     0.00,     0.00,     0.00,     0.00,     1.22,     2.80,     0.00,     4.96,     0.05,     0.00,     0.00,     0.00,     0.05,    30.82,     0.00,     0.03,  -999.99
cty,41429,TX: Stephens County,1987,09,PRCP,     0.00,     0.00,     0.00,     0.00,     0.00,     0.00,     5.86,     0.00,     0.00,     0.00,     0.00,    10.44,    13.10,     4.76,    14.65,     0.00,     0.00,     3.30,     6.04,     0.00,     0.00,     0.00,     0.00,     0.00,     0.00,     0.00,     0.00,     1.83,     0.49,     0.00,  -999.99
cty,41431,TX: Sterling County,1987,09,PRCP,     0.01,     0.00,     0.00,     0.00,     0.01,    14.38,    10.63,     0.00,     0.00,    12.53,     5.36,     0.00,     0.05,     8.92,     4.78,     0.00,     0.00,    24.99,     3.57,     0.00,     0.00,     0.00,     0.00,     0.00,     0.00,     0.00,     0.00,     0.00,     0.00,     0.00,  -999.99
cty,41433,TX: Stonewall County,1987,09,PRCP,     0.00,     0.00,     0.00,     0.00,     0.00,     5.64,     0.00,     0.00,     0.00,     0.00,     0.97,    16.92,    11.13,     8.19,     5.46,     0.00,     0.00,     4.35,     0.00,     0.00,     0.00,     0.00,     0.00,     0.00,     0.00,     0.00,     0.00,     0.00,     0.00,     0.00,  -999.99
cty,41435,TX: Sutton County,1987,09,PRCP,     0.00,     0.00,     0.00,     0.00,     0.00,     0.00,     9.16,     0.00,     0.00,     8.40,    12.71,     0.00,     0.00,     0.00,    21.86,     0.00,     0.14,    21.49,     6.11,     0.00,     0.00,     0.00,     0.00,     0.00,     0.00,     0.00,     0.00,     0.81,     0.58,     0.00,  -999.99
cty,41437,TX: Swisher County,1987,09,PRCP,     0.00,     0.00,     0.00,     0.00,     0.00,    18.18,     0.00,     4.75,     6.04,     0.78,     3.63,     8.54,     6.44,     3.67,    10.46,     0.00,     0.00,    10.15,     0.01,     0.00,     9.50,     0.35,     0.00,     0.00,     0.00,     0.00,     0.00,     0.00,     0.00,     0.00,  -999.99
cty,41439,TX: Tarrant County,1987,09,PRCP,     0.02,     0.00,     0.00,     0.00,     0.00,     0.00,     0.64,     4.27,     0.00,     2.76,     8.08,     0.02,    20.52,     3.93,     6.89,     1.07,     0.00,     3.31,     3.25,     0.00,     0.00,     0.00,     0.00,     0.00,     0.00,     0.00,     0.00,     0.01,     1.91,     0.00,  -999.99
cty,41441,TX: Taylor County,1987,09,PRCP,     0.00,     0.00,     0.58,     0.56,     0.01,     2.14,     7.91,     0.00,     0.00,     0.00,     0.05,     1.82,     2.83,     7.93,    10.10,     0.00,     0.02,    13.80,    13.17,     0.00,     0.00,     0.00,     0.00,     0.00,     0.01,     0.00,     0.03,     0.12,     0.00,     0.00,  -999.99
cty,41443,TX: Terrell County,1987,09,PRCP,     0.00,     0.00,     0.00,     0.00,     0.00,     1.92,     0.92,     0.00,     0.10,     7.96,     6.02,     0.00,     0.00,     2.79,    21.90,     0.00,     0.00,     4.47,     0.00,     0.00,     0.00,     0.00,     0.00,     0.00,     0.00,     0.00,     0.00,     0.00,     0.00,    12.55,  -999.99
cty,41445,TX: Terry County,1987,09,PRCP,     0.00,     0.00,     0.00,     0.00,     0.00,    12.67,     0.00,     8.45,    14.52,     6.82,     1.71,     0.15,     0.00,     8.38,    15.97,     0.00,     0.00,     2.77,     0.00,     0.00,     0.47,     0.00,     0.00,     0.00,     0.00,     0.16,     0.00,     0.00,     0.00,     0.00,  -999.99
cty,41447,TX: Throckmorton County,1987,09,PRCP,     0.00,     0.00,     0.00,     0.00,     0.00,     0.00,     4.88,     0.00,     0.00,     0.00,     0.00,    24.24,    11.80,     6.51,    17.46,     0.18,     0.00,     1.57,     0.00,     0.00,     0.00,     0.00,     0.00,     0.00,     0.00,     0.00,     0.00,     4.62,     1.27,     0.00,  -999.99
cty,41449,TX: Titus County,1987,09,PRCP,     0.00,     0.00,     0.00,     0.00,     0.00,     0.00,     0.00,     0.00,     0.00,     0.00,     6.16,     0.00,     7.94,     6.28,    12.37,    20.56,     0.00,     0.00,    16.89,     0.00,     0.00,     0.00,     0.00,     0.00,     0.00,     0.00,     0.00,     0.00,     7.92,     0.00,  -999.99
cty,41451,TX: Tom Green County,1987,09,PRCP,     0.02,     0.00,     0.00,     0.00,     0.00,     4.77,    20.67,     0.00,     0.00,     4.65,     8.97,     0.00,     0.02,     4.81,     8.92,     0.00,     0.00,    33.37,    18.47,     0.00,     0.00,     0.00,     0.00,     0.00,     0.00,     0.00,     0.00,     0.67,     0.00,     0.00,  -999.99
cty,41453,TX: Travis County,1987,09,PRCP,     2.35,     0.00,     0.00,     0.00,     0.00,     0.00,     7.11,    13.67,     0.00,     0.01,    11.49,     0.00,     3.07,     0.00,     0.00,     1.90,    11.62,    24.54,    13.30,     0.00,     0.00,     0.00,     0.00,     0.00,     0.00,     0.00,     0.00,     2.96,     0.00,     0.00,  -999.99
cty,41455,TX: Trinity County,1987,09,PRCP,     0.00,     0.00,     0.00,     0.00,     0.00,     0.00,     0.00,     0.00,     0.00,     0.00,    20.62,     0.26,    12.04,     5.37,     0.00,    29.64,     8.01,     4.26,     4.41,     0.00,     0.00,     0.00,     0.00,     0.00,     0.00,     0.00,     0.00,     0.05,     5.58,     0.00,  -999.99
cty,41457,TX: Tyler County,1987,09,PRCP,     0.00,     0.00,     0.00,     0.00,     0.00,     0.00,     0.00,     0.00,     1.30,     0.02,    17.39,     4.46,     9.23,     4.23,     0.04,    10.31,    22.47,     3.66,    10.72,     0.00,     0.00,     0.00,     0.00,     0.00,     0.00,     0.00,     0.00,     0.00,     5.62,     0.00,  -999.99
cty,41459,TX: Upshur County,1987,09,PRCP,     0.00,     0.00,     0.00,     0.00,     0.00,     0.00,     0.00,     0.00,     0.02,     0.00,    12.43,     1.88,     8.09,     7.00,     0.68,    30.51,     0.00,     0.00,     8.93,     0.00,     0.00,     0.00,     0.00,     0.00,     0.00,     0.00,     0.00,     0.00,     8.68,     0.00,  -999.99
cty,41461,TX: Upton County,1987,09,PRCP,     0.00,     0.00,     0.00,     0.00,     0.09,     7.50,     0.61,     2.68,     5.70,    14.55,     4.65,     0.00,     0.00,    10.18,    10.16,     0.00,     0.00,    15.81,     0.49,     0.00,     0.00,     0.00,     0.00,     0.00,     0.00,     0.00,     0.00,     0.00,     0.00,     0.00,  -999.99
cty,41463,TX: Uvalde County,1987,09,PRCP,     0.41,     0.00,     0.00,     0.00,     0.00,     0.00,     0.00,     0.08,     0.00,     0.00,    20.51,     0.00,     0.00,     0.00,     6.89,     0.00,     0.00,     0.00,     5.07,     0.00,     0.00,     0.00,     0.00,     0.00,     0.00,     0.00,     0.00,     0.07,     0.00,     0.41,  -999.99
cty,41465,TX: Val Verde County,1987,09,PRCP,     0.00,     0.00,     0.00,     0.00,     0.00,     0.35,     0.03,     0.02,     0.00,     5.77,     7.94,     0.00,     0.03,     0.01,    30.09,     0.00,     0.00,     3.81,     0.00,     0.00,     0.00,     0.00,     0.00,     0.00,     0.00,     0.00,     0.00,     0.05,     1.04,     6.60,  -999.99
cty,41467,TX: Van Zandt County,1987,09,PRCP,     0.00,     0.00,     0.00,     0.00,     0.00,     0.00,     0.00,     1.74,     0.00,     0.20,    14.41,     0.00,    11.16,     8.85,     0.25,    21.57,     0.00,     1.96,     5.00,     0.00,     0.00,     0.00,     0.00,     0.00,     0.00,     0.00,     0.00,     0.00,     4.05,     0.00,  -999.99
cty,41469,TX: Victoria County,1987,09,PRCP,     0.33,     0.00,     0.00,     0.00,     0.00,     0.00,     0.00,     5.19,     0.00,     0.00,    14.43,     0.00,     0.00,     0.00,     0.00,     0.00,     0.75,     2.69,    15.71,     0.00,     0.00,     0.00,     0.00,     0.00,     0.00,     0.00,    15.68,    22.88,     0.00,     0.00,  -999.99
cty,41471,TX: Walker County,1987,09,PRCP,     0.00,     0.00,     0.00,     0.00,     0.00,     0.00,     0.00,     0.21,     0.00,     0.00,    14.94,     0.00,     8.71,     0.24,     0.00,    18.55,    10.58,     3.64,     4.53,     0.00,     0.00,     0.00,     0.00,     0.00,     0.00,     0.00,     0.00,     2.72,     6.23,     0.00,  -999.99
cty,41473,TX: Waller County,1987,09,PRCP,     0.00,     0.00,     0.00,     0.00,     0.00,     0.00,     0.00,     0.00,     0.00,     0.00,    15.30,     0.00,     7.79,     0.00,     0.00,     2.48,    15.41,     4.51,     8.36,     0.01,     0.00,     0.00,     0.00,     0.00,     0.00,     0.00,     0.00,     8.35,    13.57,     0.00,  -999.99
cty,41475,TX: Ward County,1987,09,PRCP,     0.06,     0.00,     0.00,     0.00,     0.00,     1.53,     0.00,     4.24,     0.00,     5.31,     2.30,     0.00,     0.00,     7.35,     4.07,     0.00,     0.00,     4.27,     0.00,     0.00,     0.00,     0.00,     0.00,     0.00,     0.00,     0.00,     0.02,     0.00,     2.00,     0.00,  -999.99
cty,41477,TX: Washington County,1987,09,PRCP,     0.86,     0.00,     0.00,     0.00,     0.00,     0.00,     0.00,     0.14,     0.00,     0.00,    19.76,     0.00,     8.53,     0.00,     0.00,     7.77,    28.96,     5.35,     9.20,     0.00,     0.00,     0.00,     0.00,     0.00,     0.00,     0.00,     0.00,     8.96,     9.12,     0.00,  -999.99
cty,41479,TX: Webb County,1987,09,PRCP,    16.77,     0.30,     0.00,     0.00,     0.00,     0.00,     0.00,     0.00,     0.00,     0.00,     0.61,     0.00,     0.00,     0.00,     0.00,     0.00,     0.00,     0.00,     0.11,     0.00,     0.12,     0.00,     0.00,     0.00,     0.00,     0.00,     0.14,     5.02,     0.00,     0.00,  -999.99
cty,41481,TX: Wharton County,1987,09,PRCP,     0.00,     0.00,     0.00,     0.00,     0.00,     0.00,     0.00,     1.00,     0.00,     0.15,    14.41,     4.00,     3.30,     0.00,     0.00,     0.08,     8.21,     6.89,    13.61,     0.00,     0.00,     0.00,     0.00,     0.00,     0.00,     0.00,     4.41,    18.11,    17.79,     0.00,  -999.99
cty,41483,TX: Wheeler County,1987,09,PRCP,     0.00,     0.00,     0.00,     0.00,     0.00,    11.50,     2.32,     0.34,     0.00,     0.00,     6.93,    20.81,     0.00,     0.00,     3.84,     0.00,     0.00,    14.38,     0.00,     0.00,    24.45,     0.00,     0.00,     0.00,     0.00,     0.00,     0.00,     3.44,     0.00,     0.00,  -999.99
cty,41485,TX: Wichita County,1987,09,PRCP,     0.00,     0.00,     0.00,     0.00,     0.00,     0.00,     3.07,     0.00,     0.00,     2.85,     0.00,    24.14,     2.77,     0.00,     7.73,     0.00,     0.00,    16.34,     0.00,     0.00,     8.59,     0.00,     0.00,     0.00,     0.00,     0.00,     0.00,    12.12,     6.72,     0.00,  -999.99
cty,41487,TX: Wilbarger County,1987,09,PRCP,     0.00,     0.00,     0.00,     0.00,     0.00,     0.35,     3.04,     0.00,     0.00,     0.00,     0.00,    25.20,     2.54,     0.08,     3.43,     0.00,     0.00,    12.14,     0.00,     0.00,    12.90,     0.00,     0.00,     0.00,     0.00,     0.00,     0.00,    11.30,     2.04,     0.00,  -999.99
cty,41489,TX: Willacy County,1987,09,PRCP,    13.60,     0.01,     0.00,     0.00,     0.00,     0.00,     0.00,     0.00,     0.00,     0.00,     0.00,     0.00,     0.00,     0.00,     0.00,     0.00,     0.00,     0.00,     2.42,    11.26,     0.00,     7.19,    20.61,     0.00,     0.00,     0.00,     0.00,    61.10,     2.97,     0.00,  -999.99
cty,41491,TX: Williamson County,1987,09,PRCP,     1.56,     0.00,     0.00,     0.00,     0.00,     0.01,     6.13,    11.97,     0.00,     0.00,     5.15,     0.23,     6.09,     0.00,     0.16,     5.67,    12.18,    25.40,    11.07,     0.00,     0.00,     0.00,     0.00,     0.00,     0.00,     0.00,     0.01,     2.73,     0.00,     0.00,  -999.99
cty,41493,TX: Wilson County,1987,09,PRCP,     0.00,     0.00,     0.00,     0.00,     0.00,     0.00,     0.07,     8.02,     0.00,     6.07,    18.56,     0.00,     0.00,     0.02,     0.00,     0.00,     0.00,     1.53,     9.67,     0.01,     0.00,     0.00,     0.00,     0.00,     0.00,     0.00,     8.10,     5.56,     0.00,     0.00,  -999.99
cty,41495,TX: Winkler County,1987,09,PRCP,     0.00,     0.00,     0.00,     0.00,     0.00,     3.12,     0.00,     4.46,     0.70,     4.39,     0.88,     0.00,     0.00,     6.37,     3.73,     0.00,     0.00,     3.42,     0.00,     0.00,     0.00,     0.00,     0.00,     0.00,     0.00,     0.00,     0.00,     0.00,     0.00,     0.00,  -999.99
cty,41497,TX: Wise County,1987,09,PRCP,     0.00,     0.00,     0.00,     0.00,     0.00,     0.00,     0.51,     0.00,     0.00,     6.86,     1.26,     6.87,    15.61,     2.31,    26.83,     3.07,     0.00,     3.99,     0.00,     0.00,     0.00,     0.00,     0.00,     0.00,     0.00,     0.00,     0.00,     0.23,     4.83,     0.00,  -999.99
cty,41499,TX: Wood County,1987,09,PRCP,     0.00,     0.00,     0.00,     0.00,     0.00,     0.00,     0.00,     0.00,     0.00,     0.04,    12.22,     0.20,    11.56,     9.15,     2.71,    25.15,     0.00,     0.70,     9.15,     0.00,     0.02,     0.00,     0.00,     0.00,     0.00,     0.00,     0.00,     0.08,     6.55,     0.00,  -999.99
cty,41501,TX: Yoakum County,1987,09,PRCP,     0.00,     0.00,     0.00,     0.00,     0.00,    10.88,     1.38,    11.88,    14.41,     5.21,     0.63,     0.00,     0.00,     8.71,    11.18,     0.00,     0.02,     3.19,     0.00,     0.00,     0.41,     0.07,     0.00,     0.00,     0.00,     2.14,     0.00,     0.00,     0.00,     0.00,  -999.99
cty,41503,TX: Young County,1987,09,PRCP,     0.00,     0.00,     0.00,     0.00,     0.00,     0.00,     4.49,     0.00,     0.00,     0.00,     0.02,    18.83,    15.38,     4.86,    22.98,     0.00,     0.00,     3.11,     0.37,     0.00,     0.00,     0.00,     0.00,     0.00,     0.00,     0.00,     0.00,     1.88,     5.58,     0.00,  -999.99
cty,41505,TX: Zapata County,1987,09,PRCP,    11.42,     0.47,     0.00,     0.00,     0.00,     0.00,     0.00,     0.00,     0.00,     0.00,     0.00,     0.00,     0.00,     0.00,     0.00,     0.00,     0.00,     0.00,     0.01,     0.00,     0.00,     1.81,     0.00,     0.00,     0.00,     0.00,     0.00,     7.40,     0.00,     0.00,  -999.99
cty,41507,TX: Zavala County,1987,09,PRCP,     4.96,     0.00,     0.00,     0.00,     0.00,     0.00,     0.00,     0.00,     0.00,     0.15,    15.23,     0.00,     0.00,     0.00,     0.00,     0.00,     0.00,     0.00,     0.03,     0.00,     0.00,     0.00,     0.00,     0.00,     0.00,     0.00,     0.00,     0.05,     0.00,     0.00,  -999.99
cty,42001,UT: Beaver County,1987,09,PRCP,     0.00,     0.00,     0.00,     4.89,     0.01,     0.13,     0.01,     0.00,     0.00,     0.00,     0.00,     0.00,     0.00,     1.30,     0.00,     0.00,     0.00,     0.00,     0.00,     0.00,     0.00,     0.00,     0.00,     0.00,     0.04,     0.03,     0.92,     0.22,     0.00,     0.13,  -999.99
cty,42003,UT: Box Elder County,1987,09,PRCP,     0.00,     0.00,     0.09,     0.86,     0.03,     0.00,     0.00,     0.00,     0.00,     0.00,     0.00,     0.00,     0.00,     0.00,     0.00,     0.00,     0.00,     0.00,     0.00,     0.00,     0.00,     0.00,     0.00,     0.00,     0.00,     0.00,     0.00,     0.00,     0.00,     0.00,  -999.99
cty,42005,UT: Cache County,1987,09,PRCP,     0.00,     0.00,     0.00,     7.53,     0.37,     0.01,     0.00,     0.00,     0.02,     0.00,     0.00,     0.00,     0.01,     0.01,     0.00,     0.00,     0.01,     0.00,     0.00,     0.00,     0.00,     0.00,     0.00,     0.00,     0.00,     0.00,     0.00,     0.00,     0.00,     0.00,  -999.99
cty,42007,UT: Carbon County,1987,09,PRCP,     0.00,     0.00,     0.09,     3.19,     0.27,     0.00,     0.01,     0.01,     0.00,     0.00,     0.00,     0.00,     0.00,     1.37,     0.04,     0.01,     0.00,     0.00,     0.00,     0.00,     0.00,     0.00,     0.00,     0.00,     0.00,     0.00,     0.00,     0.01,     0.00,     0.00,  -999.99
cty,42009,UT: Daggett County,1987,09,PRCP,     0.00,     0.00,     0.00,     3.93,     5.79,     0.00,     0.00,     0.00,     0.00,     0.00,     0.00,     0.00,     0.00,     0.00,     0.00,     0.00,     0.00,     0.00,     0.00,     0.00,     0.02,     0.00,     0.00,     0.00,     0.00,     0.05,     0.00,     0.44,     0.00,     0.00,  -999.99
cty,42011,UT: Davis County,1987,09,PRCP,     0.00,     0.00,     0.00,     6.84,     0.18,     0.00,     0.00,     0.00,     0.00,     0.02,     0.00,     0.00,     0.00,     0.00,     0.00,     0.00,     0.03,     0.00,     0.00,     0.00,     0.01,     0.00,     0.00,     0.00,     0.00,     0.00,     0.00,     0.03,     0.00,     0.00,  -999.99
cty,42013,UT: Duchesne County,1987,09,PRCP,     0.51,     0.17,     1.98,     3.78,     2.90,     0.03,     0.03,     0.08,     0.00,     0.20,     0.00,     0.00,     0.00,     0.13,     0.14,     0.00,     0.09,     0.08,     0.01,     0.00,     0.01,     0.00,     0.00,     0.00,     0.00,     0.07,     0.00,     0.40,     0.00,     0.01,  -999.99
cty,42015,UT: Emery County,1987,09,PRCP,     0.00,     0.00,     0.14,     2.15,     0.04,     0.00,     0.00,     0.04,     0.00,     0.00,     0.00,     0.00,     0.00,     7.05,     0.02,     0.00,     0.00,     0.00,     0.00,     0.00,     0.00,     0.00,     0.00,     0.00,     0.00,     0.00,     0.00,     0.00,     0.00,     0.00,  -999.99
cty,42017,UT: Garfield County,1987,09,PRCP,     0.00,     0.00,     0.01,     0.66,     0.00,     0.08,     0.00,     0.31,     0.11,     0.00,     0.00,     0.00,     2.03,     9.76,     0.08,     0.00,     0.00,     0.00,     0.00,     0.00,     0.00,     0.00,     0.00,     0.00,     0.01,     0.16,     0.03,     0.22,     0.00,     0.30,  -999.99
cty,42019,UT: Grand County,1987,09,PRCP,     0.00,     0.00,     0.14,     1.38,     0.00,     0.00,     0.00,     0.00,     0.02,     0.00,     0.00,     0.00,     0.11,     5.08,     0.39,     0.07,     0.02,     0.00,     0.00,     0.00,     0.00,     0.00,     0.00,     0.00,     0.00,     0.73,     0.03,     0.04,     0.00,     0.00,  -999.99
cty,42021,UT: Iron County,1987,09,PRCP,     0.00,     0.00,     0.00,     1.32,     0.00,     0.00,     0.00,     0.00,     0.00,     0.00,     0.00,     0.00,     0.00,     1.98,     0.00,     0.00,     0.00,     0.00,     0.00,     0.00,     0.00,     0.00,     0.00,     0.00,     1.57,     0.34,     0.83,     0.34,     0.01,     0.00,  -999.99
cty,42023,UT: Juab County,1987,09,PRCP,     0.00,     0.00,     0.00,     4.98,     0.02,     0.00,     0.00,     0.00,     0.00,     0.00,     0.00,     0.00,     0.00,     0.00,     0.00,     0.00,     0.00,     0.00,     0.00,     0.00,     0.00,     0.00,     0.00,     0.00,     0.00,     0.00,     0.00,     0.01,     0.00,     0.00,  -999.99
cty,42025,UT: Kane County,1987,09,PRCP,     0.00,     0.00,     0.00,     0.00,     0.00,     0.00,     0.03,     0.00,     0.00,     0.00,     0.00,     0.00,     2.95,     2.76,     0.00,     0.00,     0.00,     0.00,     0.00,     0.00,     0.00,     0.00,     0.00,     0.00,     0.00,     0.27,     0.00,     0.00,     0.00,     0.00,  -999.99
cty,42027,UT: Millard County,1987,09,PRCP,     0.00,     0.00,     0.30,     4.76,     0.00,     0.00,     0.00,     0.03,     0.00,     0.02,     0.00,     0.00,     0.18,     0.00,     0.00,     0.00,     0.00,     0.00,     0.00,     0.00,     0.00,     0.00,     0.00,     0.00,     0.00,     0.00,     0.36,     0.15,     0.00,     0.00,  -999.99
cty,42029,UT: Morgan County,1987,09,PRCP,     0.00,     0.00,     0.00,     8.73,     0.42,     0.08,     0.00,     0.13,     0.00,     0.00,     0.00,     0.00,     0.00,     0.00,     0.00,     0.00,     0.05,     0.00,     0.00,     0.00,     0.00,     0.00,     0.00,     0.00,     0.00,     0.00,     0.00,     0.23,     0.00,     0.00,  -999.99
cty,42031,UT: Piute County,1987,09,PRCP,     0.00,     0.00,     0.02,     4.50,     0.00,     0.55,     0.00,     0.07,     0.00,     0.00,     0.00,     0.04,     0.09,     5.49,     0.00,     0.00,     0.00,     0.00,     0.00,     0.00,     0.00,     0.00,     0.00,     0.00,     0.03,     0.00,     0.14,     1.71,     0.00,     0.17,  -999.99
cty,42033,UT: Rich County,1987,09,PRCP,     0.00,     0.00,     0.00,     8.19,     1.20,     0.03,     0.00,     0.00,     0.00,     0.00,     0.00,     0.00,     0.00,     0.03,     0.01,     0.00,     0.00,     0.00,     0.00,     0.00,     0.00,     0.00,     0.00,     0.00,     0.00,     0.00,     0.00,     0.00,     0.00,     0.00,  -999.99
cty,42035,UT: Salt Lake County,1987,09,PRCP,     0.00,     0.00,     0.00,     5.64,     0.33,     0.00,     0.00,     0.00,     0.00,     0.00,     0.00,     0.00,     0.00,     0.00,     0.00,     0.01,     0.02,     0.00,     0.00,     0.00,     0.00,     0.00,     0.00,     0.00,     0.00,     0.00,     0.00,     0.01,     0.00,     0.00,  -999.99
cty,42037,UT: San Juan County,1987,09,PRCP,     0.00,     0.00,     0.01,     0.16,     0.04,     0.00,     0.09,     0.00,     0.00,     0.00,     0.00,     0.00,     0.05,     7.30,     0.13,     0.00,     0.01,     0.00,     0.00,     0.00,     0.00,     0.00,     0.00,     0.00,     0.16,     1.87,     0.00,     0.06,     0.00,     0.00,  -999.99
cty,42039,UT: Sanpete County,1987,09,PRCP,     0.00,     0.00,     0.27,     9.01,     0.62,     0.00,     0.04,     0.01,     0.00,     0.00,     0.00,     0.00,     0.01,     3.80,     0.28,     0.08,     0.01,     0.00,     0.00,     0.00,     0.00,     0.00,     0.00,     0.00,     0.00,     0.00,     0.01,     0.02,     0.00,     0.00,  -999.99
cty,42041,UT: Sevier County,1987,09,PRCP,     0.00,     0.00,     0.26,     3.90,     0.11,     0.07,     0.01,     0.66,     0.01,     0.00,     0.00,     0.02,     0.00,     6.32,     0.06,     0.00,     0.00,     0.00,     0.00,     0.00,     0.00,     0.00,     0.00,     0.00,     0.01,     0.02,     0.19,     1.01,     0.00,     0.05,  -999.99
cty,42043,UT: Summit County,1987,09,PRCP,     0.01,     0.00,     0.00,     4.42,     4.56,     0.01,     0.00,     0.00,     0.00,     0.02,     0.00,     0.00,     0.00,     0.00,     0.01,     0.03,     2.49,     0.02,     0.01,     0.00,     0.00,     0.00,     0.00,     0.00,     0.00,     0.00,     0.00,     1.95,     0.00,     0.00,  -999.99
cty,42045,UT: Tooele County,1987,09,PRCP,     0.00,     0.01,     0.00,     2.67,     0.05,     0.00,     0.00,     0.00,     0.00,     0.02,     0.00,     0.00,     0.00,     0.00,     0.00,     0.02,     0.03,     0.00,     0.00,     0.00,     0.00,     0.01,     0.00,     0.00,     0.00,     0.00,     0.00,     0.02,     0.00,     0.02,  -999.99
cty,42047,UT: Uintah County,1987,09,PRCP,     0.00,     0.00,     0.74,     1.66,     1.24,     0.02,     0.00,     0.01,     0.01,     0.04,     0.00,     0.00,     0.00,     0.38,     0.01,     0.00,     0.01,     0.00,     0.00,     0.00,     0.00,     0.00,     0.00,     0.00,     0.00,     0.04,     0.00,     0.43,     0.00,     0.00,  -999.99
cty,42049,UT: Utah County,1987,09,PRCP,     0.01,     0.04,     0.00,     5.88,     0.50,     0.00,     0.00,     0.00,     0.00,     0.03,     0.00,     0.00,     0.00,     0.00,     0.03,     0.02,     0.00,     0.02,     0.00,     0.00,     0.00,     0.01,     0.00,     0.00,     0.00,     0.00,     0.00,     0.02,     0.01,     0.02,  -999.99
cty,42051,UT: Wasatch County,1987,09,PRCP,     0.00,     0.00,     0.00,     7.26,     2.27,     0.00,     0.00,     0.00,     0.00,     0.01,     0.00,     0.00,     0.00,     0.03,     0.19,     0.00,     0.02,     0.00,     0.00,     0.00,     0.00,     0.00,     0.00,     0.00,     0.00,     0.00,     0.00,     0.21,     0.00,     0.00,  -999.99
cty,42053,UT: Washington County,1987,09,PRCP,     0.00,     0.00,     0.00,     0.00,     0.00,     0.00,     0.00,     0.00,     0.00,     0.00,     0.00,     0.00,     2.52,     0.45,     0.00,     0.00,     0.00,     0.00,     0.00,     0.00,     0.00,     0.00,     0.00,     0.01,     0.35,     1.45,     0.00,     0.00,     0.00,     0.00,  -999.99
cty,42055,UT: Wayne County,1987,09,PRCP,     0.00,     0.00,     0.15,     2.28,     0.00,     0.40,     0.13,     1.22,     0.30,     0.00,     0.00,     0.00,     0.00,     7.46,     0.20,     0.00,     0.00,     0.00,     0.00,     0.00,     0.00,     0.00,     0.00,     0.00,     0.00,     0.00,     0.00,     0.06,     0.00,     0.47,  -999.99
cty,42057,UT: Weber County,1987,09,PRCP,     0.00,     0.00,     0.04,     8.80,     0.15,     0.01,     0.01,     0.02,     0.00,     0.00,     0.00,     0.00,     0.00,     0.00,     0.00,     0.02,     0.00,     0.00,     0.00,     0.00,     0.00,     0.00,     0.00,     0.00,     0.00,     0.00,     0.00,     0.02,     0.00,     0.01,  -999.99
cty,43001,VT: Addison County,1987,09,PRCP,     4.05,     1.16,     0.16,     0.00,     0.00,     0.00,     0.36,     3.45,    40.76,     2.12,     0.00,     1.43,    29.10,    25.47,     0.00,     0.00,     0.00,     4.99,    10.82,     4.70,     7.36,     1.08,     0.14,     2.16,     0.00,     0.00,     2.50,     0.97,     0.00,     0.72,  -999.99
cty,43003,VT: Bennington County,1987,09,PRCP,     7.50,     0.47,     0.42,     0.00,     0.00,     0.00,     4.49,     9.70,    59.00,     2.06,     0.07,     0.95,    20.09,    38.27,     0.00,     0.00,     0.00,    11.06,    30.41,     6.51,     3.93,     0.11,     0.02,     1.01,     0.00,     0.00,     0.00,     0.01,     0.03,     0.37,  -999.99
cty,43005,VT: Caledonia County,1987,09,PRCP,     4.02,     0.16,     0.00,     0.00,     0.00,     0.00,     0.00,     1.00,    44.93,     3.65,     0.00,     1.62,    25.66,    32.60,     0.00,     0.00,     0.00,     0.23,     4.14,     3.52,     7.74,     0.18,     0.00,     1.41,     0.00,     0.17,     3.87,     0.01,     0.00,     0.00,  -999.99
cty,43007,VT: Chittenden County,1987,09,PRCP,     2.78,     1.03,     0.00,     0.00,     0.00,     0.00,     0.00,     1.31,    27.24,     2.12,     0.00,     2.22,    28.35,    18.62,     0.00,     0.00,     0.00,     1.83,     4.59,     3.16,     6.58,     1.08,     0.27,     2.75,     0.00,     0.00,     3.93,     0.82,     0.00,     0.74,  -999.99
cty,43009,VT: Essex County,1987,09,PRCP,     4.10,     0.01,     0.00,     0.00,     0.00,     0.00,     0.01,     1.62,    36.21,     5.90,     0.06,     0.90,    27.99,    29.61,     0.00,     0.00,     0.01,     0.00,     1.79,     2.41,     6.61,     0.07,     0.17,     1.54,     0.00,     1.45,     4.33,     0.00,     0.00,     0.01,  -999.99
cty,43011,VT: Franklin County,1987,09,PRCP,     2.62,     0.73,     0.00,     0.00,     0.00,     0.00,     0.00,     0.00,    25.94,     2.77,     0.00,     2.33,    30.73,    18.76,     0.00,     0.00,     0.00,     0.00,     2.61,     2.57,     6.20,     0.95,     0.32,     3.11,     0.00,     0.03,     4.92,     0.20,     0.00,     0.65,  -999.99
cty,43013,VT: Grand Isle County,1987,09,PRCP,     2.15,     0.41,     0.00,     0.00,     0.00,     0.00,     0.00,     0.00,    25.70,     1.92,     0.00,     2.21,    29.41,    18.88,     0.00,     0.00,     0.00,     0.00,     3.75,     2.88,     5.71,     0.85,     0.35,     2.41,     0.00,     0.00,     3.44,     0.00,     0.00,     0.68,  -999.99
cty,43015,VT: Lamoille County,1987,09,PRCP,     2.88,     0.46,     0.00,     0.00,     0.00,     0.00,     0.00,     0.38,    30.01,     2.49,     0.00,     2.13,    28.52,    21.41,     0.00,     0.00,     0.00,     0.53,     3.72,     2.98,     6.17,     0.49,     0.06,     2.64,     0.00,     0.01,     3.75,     0.22,     0.00,     0.12,  -999.99
cty,43017,VT: Orange County,1987,09,PRCP,     4.04,     0.31,     0.00,     0.00,     0.00,     0.00,     0.03,     2.67,    50.79,     2.30,     0.01,     1.64,    19.83,    35.16,     0.00,     0.00,     0.00,     3.68,     9.82,     5.74,     9.12,     0.46,     0.00,     1.18,     0.00,     0.00,     2.12,     0.53,     0.00,     0.00,  -999.99
cty,43019,VT: Orleans County,1987,09,PRCP,     3.16,     0.18,     0.00,     0.00,     0.00,     0.00,     0.00,     0.59,    33.03,     4.10,     0.00,     1.39,    29.90,    25.85,     0.00,     0.00,     0.00,     0.00,     2.33,     2.44,     6.10,     0.05,     0.06,     2.40,     0.00,     0.39,     4.75,     0.00,     0.00,     0.00,  -999.99
cty,43021,VT: Rutland County,1987,09,PRCP,     5.60,     1.06,     0.39,     0.00,     0.00,     0.00,     2.26,     6.95,    57.42,     2.30,     0.01,     0.86,    26.19,    35.33,     0.00,     0.00,     0.00,     8.32,    20.01,     6.67,     7.97,     0.85,     0.03,     1.68,     0.00,     0.00,     1.16,     0.71,     0.00,     0.56,  -999.99
cty,43023,VT: Washington County,1987,09,PRCP,     3.40,     0.44,     0.00,     0.00,     0.00,     0.00,     0.02,     1.94,    40.73,     2.33,     0.01,     1.92,    26.26,    28.79,     0.00,     0.00,     0.01,     2.61,     7.06,     4.41,     7.84,     0.45,     0.00,     1.88,     0.00,     0.00,     3.01,     0.25,     0.00,     0.06,  -999.99
cty,43025,VT: Windham County,1987,09,PRCP,     5.09,     0.05,     0.00,     0.00,     0.00,     0.00,     2.84,     6.09,    48.54,     1.49,     0.57,     1.88,    13.51,    47.37,     0.00,     0.00,     0.00,    12.83,    33.58,    10.19,     7.13,     0.30,     0.02,     0.45,     0.00,     0.00,     0.00,     0.01,     0.00,     0.00,  -999.99
cty,43027,VT: Windsor County,1987,09,PRCP,     4.35,     0.39,     0.00,     0.00,     0.00,     0.00,     1.39,     4.59,    56.51,     1.80,     0.19,     1.72,    17.38,    42.87,     0.00,     0.00,     0.00,     8.37,    20.35,     9.00,    10.26,     0.56,     0.01,     1.37,     0.00,     0.00,     0.84,     0.18,     0.01,     0.00,  -999.99
cty,44001,VA: Accomack County,1987,09,PRCP,     3.12,     0.00,     0.00,     0.00,     0.00,     4.88,     5.51,     3.69,    12.80,     0.00,     0.00,     0.00,    14.60,    13.38,     0.00,     0.00,     0.00,     4.36,     2.20,     6.25,     4.62,     0.56,     0.05,     0.00,     0.00,     0.00,     0.00,     0.00,     0.00,     1.30,  -999.99
cty,44003,VA: Albemarle County,1987,09,PRCP,     0.00,     0.00,     0.00,     0.00,     4.31,    54.02,     9.15,   123.06,    36.16,     0.00,     3.65,    15.37,    29.06,     4.49,     0.01,     0.00,     0.00,     4.48,     0.00,    43.27,    16.83,     0.00,     0.00,     0.00,     0.00,     0.00,     0.00,     0.00,     0.00,    10.91,  -999.99
cty,44005,VA: Alleghany County,1987,09,PRCP,     0.00,     0.00,     0.00,     0.00,     0.00,    36.43,    10.48,    72.45,     1.17,     0.04,     5.72,     8.08,     8.25,     0.00,     0.00,     0.00,     0.00,     2.87,     0.00,    17.74,     0.03,     0.00,     0.00,     0.00,     0.00,     0.00,     0.00,     0.00,     0.00,     7.88,  -999.99
cty,44007,VA: Amelia County,1987,09,PRCP,     2.77,     0.00,     0.00,     0.00,     6.58,    28.52,     5.78,    39.06,    19.40,     1.01,     0.00,     7.62,    25.05,     3.93,     0.00,     0.00,     0.00,     0.00,     0.00,    32.11,     5.57,     0.00,     0.00,     0.00,     0.00,     0.00,     0.00,     0.00,     0.00,    11.65,  -999.99
cty,44009,VA: Amherst County,1987,09,PRCP,     0.00,     0.00,     0.00,     0.00,     0.91,    44.46,    11.32,   138.15,     5.54,     0.00,     4.96,     6.99,    18.28,     2.61,     0.00,     0.00,     0.00,     1.93,     0.00,    30.56,     8.23,     0.00,     0.00,     0.00,     0.00,     0.00,     0.00,     0.00,     0.02,     8.08,  -999.99
cty,44011,VA: Appomattox County,1987,09,PRCP,     0.00,     0.00,     0.00,     0.00,     2.63,    36.93,     9.29,   134.42,    12.73,     0.00,     1.44,     7.27,    26.58,     4.28,     0.00,     0.00,     0.00,     0.00,     0.00,    37.82,     9.12,     0.00,     0.00,     0.00,     0.00,     0.00,     0.00,     0.00,     0.00,    14.46,  -999.99
cty,44013,VA: Arlington County,1987,09,PRCP,     0.00,     0.00,     0.00,     0.00,     0.00,    13.76,    12.38,    12.94,    41.52,     0.00,     0.00,    14.37,    24.87,     5.31,     0.00,     1.50,     1.57,    18.81,     1.59,    10.95,     5.18,     0.00,     0.00,     0.00,     0.00,     0.00,     0.00,     0.00,     0.00,     6.24,  -999.99
cty,44015,VA: Augusta County,1987,09,PRCP,     0.00,     0.00,     0.00,     0.00,     0.39,    47.61,    10.12,   109.86,     9.89,     1.07,     4.84,    11.17,    15.15,     1.96,     0.00,     0.00,     0.01,     4.44,     0.02,    32.02,     6.14,     0.00,     0.00,     0.00,     0.00,     0.00,     0.00,     0.00,     0.00,    11.31,  -999.99
cty,44017,VA: Bath County,1987,09,PRCP,     0.00,     0.00,     0.00,     0.00,     0.00,    42.67,    10.51,    86.33,     2.27,     0.04,     9.33,    10.31,     8.18,     0.00,     0.00,     0.00,     0.01,     4.02,     0.00,    22.45,     0.48,     0.00,     0.13,     0.00,     0.00,     0.00,     0.00,     0.00,     0.00,    10.77,  -999.99
cty,44019,VA: Bedford County,1987,09,PRCP,     0.40,     0.00,     0.00,     0.00,     0.35,    39.60,    15.11,   136.42,     1.61,     0.00,     3.58,     4.91,    13.86,     1.99,     0.00,     0.00,     0.00,     0.72,     0.00,    22.48,     3.88,     0.00,     0.00,     0.00,     0.00,     0.00,     0.00,     0.00,     0.00,     8.81,  -999.99
cty,44021,VA: Bland County,1987,09,PRCP,     0.00,     0.00,     0.00,     0.00,     0.23,    26.90,    10.36,    25.32,     0.18,     0.00,     3.30,     6.21,     8.31,     0.00,     0.00,     0.00,     0.00,     1.50,     0.03,    10.82,     0.00,     0.00,     0.00,     0.00,     0.00,     0.00,     0.00,     0.00,     0.00,     5.46,  -999.99
cty,44023,VA: Botetourt County,1987,09,PRCP,     0.00,     0.00,     0.00,     0.00,     0.00,    41.27,    13.74,   109.38,     1.26,     0.00,     4.48,     6.61,    10.91,     0.91,     0.00,     0.00,     0.00,     2.37,     0.00,    21.57,     0.85,     0.00,     0.00,     0.00,     0.00,     0.00,     0.00,     0.00,     0.00,     8.15,  -999.99
cty,44025,VA: Brunswick County,1987,09,PRCP,     5.94,     0.00,     0.00,     0.06,     3.42,    24.55,     7.65,    24.07,     4.85,     2.10,     0.00,     2.30,    29.12,     2.06,     0.00,     0.00,     0.00,     0.22,     0.00,    24.29,     1.83,     0.00,     0.00,     0.00,     0.00,     0.00,     0.00,     0.00,     0.00,     7.52,  -999.99
cty,44027,VA: Buchanan County,1987,09,PRCP,     0.00,     0.00,     0.00,     0.00,     1.23,    10.62,     9.25,    22.58,     0.25,     0.00,     0.03,    16.71,    15.31,     0.03,     0.00,     0.00,     0.00,     2.19,     0.28,    15.42,     0.00,     0.00,     0.00,     0.00,     0.00,     0.00,     0.00,     0.00,     0.00,    16.65,  -999.99
cty,44029,VA: Buckingham County,1987,09,PRCP,     0.00,     0.00,     0.00,     0.00,     3.13,    35.29,     5.91,    97.53,    22.99,     0.00,     0.55,     8.77,    24.17,     4.71,     0.00,     0.00,     0.00,     0.67,     0.00,    38.91,    10.15,     0.00,     0.00,     0.00,     0.00,     0.00,     0.00,     0.00,     0.00,    12.49,  -999.99
cty,44031,VA: Campbell County,1987,09,PRCP,     0.22,     0.00,     0.00,     0.05,     1.86,    32.10,    12.00,   132.00,     4.72,     0.00,     2.12,     4.87,    20.31,     2.79,     0.00,     0.00,     0.00,     0.00,     0.00,    25.75,     6.40,     0.00,     0.00,     0.00,     0.00,     0.00,     0.00,     0.00,     0.00,    12.22,  -999.99
cty,44033,VA: Caroline County,1987,09,PRCP,     0.00,     0.00,     0.00,     0.00,     3.61,    18.27,     7.29,    10.40,    24.91,     0.00,     0.00,    11.57,    17.64,     5.05,     1.29,     0.00,     0.00,     4.84,     0.08,    16.95,     7.77,     0.00,     0.00,     0.00,     0.00,     0.00,     0.00,     0.00,     0.00,     5.72,  -999.99
cty,44035,VA: Carroll County,1987,09,PRCP,     0.01,     0.00,     0.00,     0.06,     1.65,    45.57,    25.36,    59.80,     0.02,     0.52,     9.79,     4.97,     9.93,     0.03,     0.00,     0.00,     0.15,     1.35,     0.00,    11.23,     0.00,     0.00,     0.00,     0.00,     0.00,     0.00,     0.00,     0.00,     0.00,     6.22,  -999.99
cty,44036,VA: Charles City County,1987,09,PRCP,     2.58,     0.00,     0.00,     0.00,     4.10,    16.39,     7.01,     6.29,     9.83,     2.48,     0.00,     2.88,    18.18,     4.68,     0.00,     0.00,     0.00,     2.29,     0.00,    15.99,     4.08,     0.00,     0.00,     0.00,     0.00,     0.00,     0.00,     0.00,     0.00,     3.36,  -999.99
cty,44037,VA: Charlotte County,1987,09,PRCP,     2.96,     0.00,     0.00,     0.00,     3.55,    24.04,     9.56,    93.84,     7.18,     0.00,     0.40,     4.56,    26.95,     2.80,     0.00,     0.00,     0.00,     0.00,     0.00,    25.45,     4.96,     0.00,     0.00,     0.43,     0.00,     0.00,     0.00,     0.00,     0.00,    13.51,  -999.99
cty,44041,VA: Chesterfield County,1987,09,PRCP,     2.67,     0.00,     0.00,     0.01,     6.19,    24.45,     6.12,    16.79,    15.31,     2.12,     0.00,     6.59,    21.05,     3.77,     0.00,     0.00,     0.00,     0.54,     0.00,    24.42,     4.65,     0.00,     0.00,     0.00,     0.00,     0.00,     0.00,     0.00,     0.00,     7.08,  -999.99
cty,44043,VA: Clarke County,1987,09,PRCP,     0.00,     0.00,     0.00,     0.00,     0.02,    20.41,    10.36,    35.40,    36.56,     0.02,     0.03,    16.16,    16.59,     2.19,     0.00,     0.23,     3.76,    17.30,     1.19,    16.13,     6.46,     0.00,     0.12,     0.00,     0.00,     0.00,     0.00,     0.00,     0.00,    11.47,  -999.99
cty,44045,VA: Craig County,1987,09,PRCP,     0.00,     0.00,     0.00,     0.00,     0.00,    38.95,    12.96,    69.86,     0.43,     0.00,     3.83,     6.13,     9.67,     0.00,     0.00,     0.00,     0.00,     1.91,     0.00,    15.12,     0.00,     0.00,     0.00,     0.00,     0.00,     0.00,     0.00,     0.00,     0.00,     6.49,  -999.99
cty,44047,VA: Culpeper County,1987,09,PRCP,     0.00,     0.00,     0.00,     0.00,     3.01,    31.25,     8.91,    41.77,    50.91,     0.00,     0.66,    17.96,    19.18,     3.82,     0.00,     0.00,     0.23,     8.67,     0.00,    24.12,    13.29,     0.00,     0.00,     0.00,     0.00,     0.00,     0.00,     0.00,     0.00,     8.71,  -999.99
cty,44049,VA: Cumberland County,1987,09,PRCP,     0.35,     0.00,     0.00,     0.00,     5.20,    29.48,     5.12,    59.27,    25.08,     0.00,     0.00,     8.91,    23.15,     4.26,     0.00,     0.00,     0.00,     0.56,     0.00,    34.29,     7.89,     0.00,     0.00,     0.00,     0.00,     0.00,     0.00,     0.00,     0.00,    12.31,  -999.99
cty,44051,VA: Dickenson County,1987,09,PRCP,     0.00,     0.00,     0.00,     0.00,     0.16,     7.43,     7.99,    17.92,     0.00,     0.00,     0.22,    14.94,    13.75,     0.00,     0.00,     0.00,     0.00,     1.57,     0.00,    12.10,     0.00,     0.00,     0.00,     0.00,     0.00,     0.00,     0.00,     0.00,     0.00,    15.78,  -999.99
cty,44053,VA: Dinwiddie County,1987,09,PRCP,     4.75,     0.00,     0.00,     0.00,     5.61,    28.67,     7.41,    20.59,     9.12,     3.11,     0.12,     4.32,    27.03,     3.29,     0.00,     0.00,     0.00,     0.00,     0.00,    28.22,     3.22,     0.00,     0.00,     0.00,     0.00,     0.00,     0.00,     0.00,     0.00,     7.48,  -999.99
cty,44057,VA: Essex County,1987,09,PRCP,     0.70,     0.00,     0.00,     0.00,     2.13,    13.61,     7.82,     6.16,    19.68,     0.00,     0.00,     7.71,    20.65,     6.72,     0.19,     0.00,     0.00,     5.44,     0.00,    13.19,     6.20,     0.00,     0.00,     0.00,     0.00,     0.00,     0.00,     0.00,     0.00,     3.94,  -999.99
cty,44059,VA: Fairfax County,1987,09,PRCP,     0.00,     0.00,     0.00,     0.00,     0.42,    16.49,    12.19,    16.32,    44.13,     0.00,     0.02,    16.17,    23.03,     4.90,     0.02,     1.38,     1.49,    17.67,     1.22,    13.11,     6.53,     0.01,     0.00,     0.00,     0.00,     0.00,     0.00,     0.00,     0.00,     7.20,  -999.99
cty,44061,VA: Fauquier County,1987,09,PRCP,     0.02,     0.00,     0.00,     0.00,     1.51,    23.23,     9.60,    29.92,    44.04,     0.20,     0.00,    16.87,    16.64,     3.32,     0.00,     0.00,     1.94,    11.78,     0.03,    17.43,     9.43,     0.00,     0.00,     0.00,     0.00,     0.00,     0.00,     0.00,     0.00,     8.13,  -999.99
cty,44063,VA: Floyd County,1987,09,PRCP,     0.04,     0.00,     0.00,     0.02,     1.02,    53.30,    23.64,    84.04,     0.09,     0.04,     5.37,     5.29,    13.97,     0.51,     0.00,     0.03,     0.00,     1.58,     0.00,    15.25,     0.00,     0.00,     0.00,     0.00,     0.00,     0.00,     0.00,     0.00,     0.00,     8.05,  -999.99
cty,44065,VA: Fluvanna County,1987,09,PRCP,     0.00,     0.00,     0.00,     0.00,     4.97,    34.28,     5.37,    61.64,    38.82,     0.00,     0.16,    12.75,    20.50,     4.11,     0.00,     0.00,     0.00,     3.02,     0.00,    34.88,    12.54,     0.00,     0.00,     0.00,     0.00,     0.00,     0.00,     0.00,     0.00,    11.04,  -999.99
cty,44067,VA: Franklin County,1987,09,PRCP,     0.28,     0.00,     0.00,     0.00,     1.12,    51.01,    24.83,   142.99,     0.00,     0.00,     4.06,     4.02,    15.79,     1.70,     0.00,     0.00,     0.00,     0.57,     0.00,    19.11,     0.64,     0.00,     0.00,     0.00,     0.00,     0.00,     0.00,     0.00,     0.00,    11.06,  -999.99
cty,44069,VA: Frederick County,1987,09,PRCP,     0.00,     0.00,     0.00,     0.00,     0.00,    25.15,    11.98,    48.46,    29.22,     0.00,     0.00,    17.47,    17.11,     1.23,     0.01,     0.03,     4.34,    17.93,     1.94,    18.05,     6.51,     0.10,     0.35,     0.00,     0.09,     0.00,     0.00,     0.00,     0.00,    14.20,  -999.99
cty,44071,VA: Giles County,1987,09,PRCP,     0.00,     0.00,     0.00,     0.00,     0.00,    29.34,    12.37,    35.34,     1.00,     0.02,     3.17,     6.77,     7.17,     0.00,     0.00,     0.00,     0.00,     1.73,     0.00,    12.17,     0.00,     0.00,     0.00,     0.00,     0.00,     0.00,     0.01,     0.00,     0.00,     6.10,  -999.99
cty,44073,VA: Gloucester County,1987,09,PRCP,     2.31,     0.00,     0.00,     0.00,     1.53,    10.20,     7.39,     3.40,     9.40,     2.09,     0.13,     0.00,    15.78,     7.15,     0.00,     0.00,     0.00,     2.47,     0.00,     9.65,     4.57,     0.00,     0.00,     0.00,     0.00,     0.00,     0.00,     0.00,     0.00,     1.72,  -999.99
cty,44075,VA: Goochland County,1987,09,PRCP,     0.57,     0.00,     0.00,     0.00,     7.93,    28.12,     5.24,    29.47,    33.62,     0.00,     0.00,    12.22,    18.92,     4.07,     0.00,     0.00,     0.00,     2.75,     0.00,    29.05,     8.60,     0.00,     0.00,     0.00,     0.00,     0.00,     0.00,     0.00,     0.00,    10.24,  -999.99
cty,44077,VA: Grayson County,1987,09,PRCP,     0.00,     0.00,     0.00,     0.00,     1.68,    32.36,    17.98,    30.77,     0.14,     0.17,     5.30,     6.14,    11.66,     0.27,     0.00,     0.00,     0.05,     1.45,     0.00,     8.91,     0.00,     0.00,     0.00,     0.00,     0.00,     0.00,     0.00,     0.00,     0.00,     5.80,  -999.99
cty,44079,VA: Greene County,1987,09,PRCP,     0.00,     0.00,     0.00,     0.00,     3.18,    49.50,    10.43,   102.89,    34.98,     0.00,     4.06,    16.42,    25.30,     3.40,     0.00,     0.00,     0.00,     5.78,     0.00,    33.69,    14.57,     0.00,     0.00,     0.00,     0.00,     0.00,     0.00,     0.00,     0.00,     9.26,  -999.99
cty,44081,VA: Greensville County,1987,09,PRCP,     7.56,     0.00,     0.00,     0.37,     5.98,    31.23,    10.20,    16.70,     3.81,     3.69,     0.61,     0.22,    33.68,     2.63,     0.00,     0.00,     0.00,     1.35,     0.00,    30.80,     1.63,     0.00,     0.00,     0.00,     0.00,     0.00,     0.00,     0.00,     0.00,     6.25,  -999.99
cty,44083,VA: Halifax County,1987,09,PRCP,     2.85,     0.00,     0.00,     0.00,     2.43,    18.37,    11.03,    79.07,     2.66,     0.00,     1.11,     2.76,    17.96,     1.69,     0.00,     0.00,     0.00,     0.00,     0.00,    13.54,     3.79,     0.00,     0.00,     0.00,     0.00,     0.00,     0.00,     0.00,     0.00,    11.11,  -999.99
cty,44085,VA: Hanover County,1987,09,PRCP,     0.73,     0.00,     0.00,     0.00,     5.34,    20.74,     5.92,    13.22,    23.36,     0.24,     0.00,     9.73,    17.01,     4.22,     0.00,     0.00,     0.00,     3.08,     0.00,    20.00,     6.77,     0.00,     0.00,     0.00,     0.00,     0.00,     0.00,     0.00,     0.00,     6.35,  -999.99
cty,44087,VA: Henrico County,1987,09,PRCP,     1.92,     0.00,     0.00,     0.00,     5.27,    20.39,     6.05,    11.39,    16.35,     1.20,     0.00,     7.01,    18.13,     4.07,     0.00,     0.00,     0.00,     2.46,     0.00,    19.80,     5.14,     0.00,     0.00,     0.00,     0.00,     0.00,     0.00,     0.00,     0.00,     5.50,  -999.99
cty,44089,VA: Henry County,1987,09,PRCP,     0.00,     0.00,     0.00,     0.00,     4.12,    45.11,    32.42,   139.96,     0.03,     0.00,     5.86,     3.03,    12.56,     1.32,     0.00,     0.00,     0.00,     0.00,     0.00,    14.24,     0.48,     0.00,     0.00,     0.00,     0.00,     0.00,     0.00,     0.00,     0.00,    14.38,  -999.99
cty,44091,VA: Highland County,1987,09,PRCP,     0.00,     0.00,     0.00,     0.00,     0.00,    41.27,     9.84,    73.13,     3.61,     0.00,     7.91,    11.93,     8.50,     0.00,     0.00,     0.00,     0.00,     4.86,     0.16,    20.66,     1.01,     0.00,     0.45,     0.00,     0.00,     0.00,     0.00,     0.00,     0.00,    13.22,  -999.99
cty,44093,VA: Isle of Wight County,1987,09,PRCP,     6.10,     0.00,     0.00,     0.00,     9.82,    23.08,    14.13,     6.37,     8.71,     5.46,     0.15,     0.00,    26.22,     9.43,     0.00,     0.00,     0.00,     0.00,     0.00,    22.42,     5.72,     0.00,     0.00,     0.00,     0.00,     0.00,     0.00,     0.00,     0.00,     2.89,  -999.99
cty,44095,VA: James City County,1987,09,PRCP,     2.47,     0.00,     0.00,     0.00,     2.99,    12.48,     7.21,     4.09,     8.33,     2.34,     0.00,     0.00,    16.07,     5.61,     0.00,     0.00,     0.00,     2.14,     0.00,    11.97,     4.04,     0.00,     0.00,     0.00,     0.00,     0.00,     0.00,     0.00,     0.00,     2.15,  -999.99
cty,44097,VA: King and Queen County,1987,09,PRCP,     1.42,     0.00,     0.00,     0.00,     2.30,    12.60,     6.87,     5.19,    14.30,     0.44,     0.00,     4.72,    17.64,     5.89,     0.11,     0.00,     0.00,     3.61,     0.00,    12.19,     5.11,     0.00,     0.00,     0.00,     0.00,     0.00,     0.00,     0.00,     0.00,     3.11,  -999.99
cty,44099,VA: King George County,1987,09,PRCP,     0.00,     0.00,     0.00,     0.00,     2.22,    17.32,    10.17,     9.84,    32.00,     0.00,     0.00,    13.95,    24.32,     7.10,     1.40,     0.00,     0.00,     9.65,     0.00,    16.05,     8.48,     0.00,     0.00,     0.00,     0.00,     0.00,     0.00,     0.00,     0.00,     6.17,  -999.99
cty,44101,VA: King William County,1987,09,PRCP,     1.38,     0.00,     0.00,     0.00,     3.16,    14.87,     6.58,     6.66,    15.46,     0.60,     0.00,     6.44,    17.33,     5.04,     0.00,     0.00,     0.00,     3.31,     0.00,    14.37,     5.32,     0.00,     0.00,     0.00,     0.00,     0.00,     0.00,     0.00,     0.00,     3.88,  -999.99
cty,44103,VA: Lancaster County,1987,09,PRCP,     2.09,     0.00,     0.00,     0.00,     0.00,    10.07,     7.99,     4.07,    14.93,     0.00,     0.00,     0.00,    20.85,     9.50,     0.00,     0.00,     0.00,     4.60,     0.28,    10.09,     5.56,     0.00,     0.00,     0.00,     0.00,     0.00,     0.00,     0.00,     0.00,     2.22,  -999.99
cty,44105,VA: Lee County,1987,09,PRCP,     0.00,     0.00,     0.00,     0.00,     0.00,     5.09,     9.81,    10.71,     1.77,     0.00,     3.91,    18.01,    15.23,     0.00,     0.00,     0.00,     2.67,     1.60,     0.00,    12.82,     0.00,     0.00,     0.00,     0.00,     0.00,     0.00,     0.00,     0.00,     0.00,    21.53,  -999.99
cty,44107,VA: Loudoun County,1987,09,PRCP,     0.00,     0.00,     0.00,     0.00,     0.12,    17.79,    11.70,    25.09,    43.16,     0.10,     0.00,    16.26,    17.97,     3.00,     0.00,     1.11,     2.81,    18.57,     1.16,    13.45,     6.00,     0.13,     0.03,     0.00,     0.00,     0.00,     0.00,     0.00,     0.00,     8.91,  -999.99
cty,44109,VA: Louisa County,1987,09,PRCP,     0.00,     0.00,     0.00,     0.00,     7.15,    36.92,     7.11,    41.69,    54.01,     0.00,     0.28,    18.21,    22.36,     5.02,     0.00,     0.00,     0.00,     4.76,     0.00,    35.13,    14.64,     0.00,     0.00,     0.00,     0.00,     0.00,     0.00,     0.00,     0.00,    11.96,  -999.99
cty,44111,VA: Lunenburg County,1987,09,PRCP,     4.98,     0.00,     0.00,     0.00,     4.46,    25.90,     8.52,    59.65,     9.10,     0.20,     0.00,     4.59,    33.09,     2.91,     0.00,     0.00,     0.00,     0.00,     0.00,    28.76,     3.66,     0.00,     0.00,     0.26,     0.00,     0.00,     0.00,     0.00,     0.00,    12.92,  -999.99
cty,44113,VA: Madison County,1987,09,PRCP,     0.06,     0.00,     0.00,     0.00,     2.80,    38.61,     9.36,    70.00,    35.25,     0.09,     2.58,    15.26,    20.76,     3.22,     0.00,     0.00,     0.09,     6.15,     0.04,    25.74,    12.06,     0.00,     0.00,     0.00,     0.00,     0.00,     0.00,     0.00,     0.00,     7.77,  -999.99
cty,44115,VA: Mathews County,1987,09,PRCP,     2.36,     0.00,     0.00,     0.00,     0.00,     8.66,     7.32,     3.01,     9.74,     0.86,     0.44,     0.00,    15.34,     8.36,     0.00,     0.00,     0.00,     2.61,     0.00,     8.28,     4.79,     0.00,     0.00,     0.00,     0.00,     0.00,     0.00,     0.00,     0.00,     1.45,  -999.99
cty,44117,VA: Mecklenburg County,1987,09,PRCP,     7.44,     0.00,     0.00,     0.00,     3.56,    26.13,    12.33,    63.18,     6.13,     0.21,     0.09,     3.90,    38.40,     2.35,     0.00,     0.00,     0.00,     0.12,     0.00,    23.97,     3.61,     0.00,     0.00,     0.00,     0.00,     0.00,     0.00,     0.00,     0.00,    13.05,  -999.99
cty,44119,VA: Middlesex County,1987,09,PRCP,     2.00,     0.00,     0.00,     0.00,     0.96,    10.20,     7.40,     3.87,    12.55,     0.00,     0.00,     0.64,    18.20,     7.84,     0.00,     0.00,     0.00,     3.58,     0.00,     9.97,     5.03,     0.00,     0.00,     0.00,     0.00,     0.00,     0.00,     0.00,     0.00,     2.11,  -999.99
cty,44121,VA: Montgomery County,1987,09,PRCP,     0.01,     0.00,     0.00,     0.00,     0.58,    41.45,    18.87,    71.76,     0.83,     0.00,     3.25,     6.09,    11.16,     0.05,     0.00,     0.00,     0.00,     1.71,     0.00,    15.71,     0.00,     0.00,     0.00,     0.00,     0.00,     0.00,     0.00,     0.00,     0.00,     7.30,  -999.99
cty,44125,VA: Nelson County,1987,09,PRCP,     0.00,     0.00,     0.00,     0.00,     2.17,    56.64,    10.69,   150.51,    13.58,     0.03,     5.19,    10.60,    28.10,     3.90,     0.00,     0.00,     0.02,     2.63,     0.00,    39.84,    12.12,     0.00,     0.00,     0.00,     0.00,     0.00,     0.00,     0.00,     0.03,     9.05,  -999.99
cty,44127,VA: New Kent County,1987,09,PRCP,     2.00,     0.00,     0.00,     0.00,     3.21,    14.34,     6.62,     5.70,    11.36,     1.98,     0.00,     4.24,    17.06,     4.90,     0.00,     0.00,     0.00,     2.60,     0.00,    13.88,     4.40,     0.00,     0.00,     0.00,     0.00,     0.00,     0.00,     0.00,     0.00,     3.17,  -999.99
cty,44131,VA: Northampton County,1987,09,PRCP,     3.01,     0.00,     0.00,     0.00,     0.00,     6.87,     7.04,     2.83,     9.74,     0.14,     0.73,     0.00,    13.54,    11.16,     0.00,     0.00,     0.00,     2.51,     1.18,     6.77,     5.13,     0.00,     0.00,     0.00,     0.00,     0.00,     0.00,     0.00,     0.00,     0.05,  -999.99
cty,44133,VA: Northumberland County,1987,09,PRCP,     2.09,     0.00,     0.00,     0.00,     0.00,     9.78,     8.52,     4.49,    19.05,     0.21,     0.00,     0.86,    25.01,    11.38,     0.00,     0.00,     0.00,     6.56,     1.59,    10.21,     6.06,     0.00,     0.00,     0.00,     0.00,     0.00,     0.00,     0.00,     0.00,     2.52,  -999.99
cty,44135,VA: Nottoway County,1987,09,PRCP,     3.69,     0.00,     0.00,     0.00,     5.22,    26.74,     6.21,    43.62,    13.03,     0.91,     0.00,     5.51,    27.36,     3.37,     0.00,     0.00,     0.00,     0.00,     0.00,    30.36,     4.17,     0.00,     0.00,     0.00,     0.00,     0.00,     0.00,     0.00,     0.00,    11.75,  -999.99
cty,44137,VA: Orange County,1987,09,PRCP,     0.00,     0.00,     0.00,     0.00,     4.70,    38.62,     8.24,    49.42,    63.03,     0.00,     1.23,    20.42,    22.30,     4.70,     0.00,     0.00,     0.00,     7.11,     0.00,    33.25,    17.34,     0.05,     0.00,     0.00,     0.00,     0.00,     0.00,     0.00,     0.00,    11.31,  -999.99
cty,44139,VA: Page County,1987,09,PRCP,     0.08,     0.00,     0.00,     0.00,     0.81,    28.75,     7.85,    54.44,    27.23,     0.13,     0.73,    15.37,    15.16,     2.15,     0.00,     0.00,     1.49,     8.90,     0.22,    22.81,     8.51,     0.00,     0.14,     0.00,     0.00,     0.00,     0.00,     0.00,     0.00,    12.08,  -999.99
cty,44141,VA: Patrick County,1987,09,PRCP,     0.00,     0.00,     0.00,     0.11,     6.06,    61.15,    38.94,   107.38,     0.00,     1.62,    13.11,     4.31,    11.96,     0.00,     0.00,     0.04,     0.11,     0.42,     0.04,    13.09,     0.00,     0.00,     0.00,     0.00,     0.00,     0.00,     0.00,     0.00,     0.05,     8.79,  -999.99
cty,44143,VA: Pittsylvania County,1987,09,PRCP,     1.17,     0.00,     0.00,     0.02,     2.50,    29.80,    18.58,   126.07,     1.11,     0.00,     2.50,     3.03,    16.01,     1.93,     0.00,     0.00,     0.00,     0.00,     0.00,    15.44,     3.84,     0.00,     0.00,     0.00,     0.00,     0.00,     0.00,     0.00,     0.00,    13.93,  -999.99
cty,44145,VA: Powhatan County,1987,09,PRCP,     1.59,     0.00,     0.00,     0.00,     8.04,    27.42,     5.21,    29.63,    26.47,     0.26,     0.00,    10.08,    20.65,     4.00,     0.00,     0.00,     0.00,     1.29,     0.00,    29.74,     6.73,     0.00,     0.00,     0.00,     0.00,     0.00,     0.00,     0.00,     0.00,    10.72,  -999.99
cty,44147,VA: Prince Edward County,1987,09,PRCP,     2.17,     0.00,     0.00,     0.00,     4.40,    29.02,     7.33,    87.38,    14.55,     0.00,     0.00,     6.45,    29.59,     4.04,     0.00,     0.00,     0.00,     0.00,     0.00,    34.80,     6.20,     0.00,     0.00,     0.00,     0.00,     0.00,     0.00,     0.00,     0.00,    14.51,  -999.99
cty,44149,VA: Prince George County,1987,09,PRCP,     3.99,     0.00,     0.00,     0.00,     5.74,    23.54,     8.10,     9.92,     8.82,     3.60,     0.06,     2.27,    23.16,     4.24,     0.00,     0.00,     0.00,     0.21,     0.00,    22.59,     3.72,     0.00,     0.00,     0.00,     0.00,     0.00,     0.00,     0.00,     0.00,     4.56,  -999.99
cty,44153,VA: Prince William County,1987,09,PRCP,     0.00,     0.00,     0.00,     0.00,     1.33,    19.14,    10.51,    19.10,    42.59,     0.23,     0.00,    16.40,    19.46,     4.43,     0.00,     0.20,     1.12,    13.39,     0.00,    15.06,     8.20,     0.00,     0.00,     0.00,     0.00,     0.00,     0.00,     0.00,     0.00,     7.13,  -999.99
cty,44155,VA: Pulaski County,1987,09,PRCP,     0.00,     0.00,     0.00,     0.00,     0.94,    34.50,    16.64,    46.13,     0.51,     0.00,     3.39,     6.05,     9.94,     0.00,     0.00,     0.00,     0.00,     1.55,     0.00,    13.37,     0.00,     0.00,     0.00,     0.00,     0.00,     0.00,     0.00,     0.00,     0.00,     6.28,  -999.99
cty,44157,VA: Rappahannock County,1987,09,PRCP,     0.00,     0.00,     0.00,     0.00,     1.59,    25.34,     8.08,    41.40,    30.20,     0.00,     0.41,    13.80,    14.66,     2.45,     0.00,     0.00,     1.76,     8.06,     0.23,    17.54,     8.04,     0.00,     0.00,     0.00,     0.00,     0.00,     0.00,     0.00,     0.00,     7.54,  -999.99
cty,44159,VA: Richmond County,1987,09,PRCP,     1.11,     0.00,     0.00,     0.00,     1.10,    11.26,     7.78,     4.90,    18.27,     0.00,     0.00,     5.78,    21.84,     8.01,     0.00,     0.00,     0.00,     5.78,     0.46,    11.20,     5.68,     0.00,     0.00,     0.00,     0.00,     0.00,     0.00,     0.00,     0.00,     3.12,  -999.99
cty,44161,VA: Roanoke County,1987,09,PRCP,     0.00,     0.00,     0.00,     0.00,     0.00,    50.81,    17.90,   116.67,     0.00,     0.00,     3.33,     5.51,    15.72,     0.86,     0.00,     0.00,     0.00,     1.89,     0.00,    20.02,     0.00,     0.00,     0.00,     0.00,     0.00,     0.00,     0.00,     0.00,     0.00,     8.33,  -999.99
cty,44163,VA: Rockbridge County,1987,09,PRCP,     0.00,     0.00,     0.00,     0.00,     0.00,    39.66,    10.53,   109.93,     3.93,     0.02,     4.96,     8.15,    10.89,     1.61,     0.00,     0.00,     0.00,     3.50,     0.00,    26.26,     4.34,     0.00,     0.00,     0.00,     0.00,     0.00,     0.00,     0.00,     0.00,     9.74,  -999.99
cty,44165,VA: Rockingham County,1987,09,PRCP,     0.01,     0.00,     0.00,     0.00,     0.43,    41.91,    10.33,    86.75,    18.63,     0.05,     2.79,    14.95,    15.93,     1.66,     0.00,     0.00,     0.36,     7.46,     0.42,    28.63,     7.64,     0.00,     0.16,     0.00,     0.00,     0.00,     0.00,     0.00,     0.00,    13.16,  -999.99
cty,44167,VA: Russell County,1987,09,PRCP,     0.00,     0.00,     0.00,     0.00,     0.58,    14.85,    12.38,    22.39,     0.04,     0.00,     2.34,    12.18,    14.73,     0.00,     0.00,     0.00,     0.31,     1.77,     0.00,    12.91,     0.00,     0.00,     0.00,     0.00,     0.00,     0.00,     0.00,     0.00,     0.00,    12.72,  -999.99
cty,44169,VA: Scott County,1987,09,PRCP,     0.02,     0.00,     0.00,     0.00,     0.04,    13.69,    14.17,    17.66,     0.20,     0.00,     5.52,    12.61,    15.30,     0.00,     0.00,     0.00,     2.80,     1.66,     0.00,    10.75,     0.00,     0.00,     0.00,     0.00,     0.00,     0.00,     0.00,     0.00,     0.00,    15.72,  -999.99
cty,44171,VA: Shenandoah County,1987,09,PRCP,     0.00,     0.00,     0.00,     0.00,     0.00,    28.38,     9.34,    56.57,    23.02,     0.08,     0.38,    15.22,    14.81,     1.27,     0.07,     0.00,     3.15,    11.01,     0.70,    20.58,     7.04,     0.00,     0.17,     0.00,     0.00,     0.00,     0.00,     0.00,     0.00,    12.31,  -999.99
cty,44173,VA: Smyth County,1987,09,PRCP,     0.00,     0.00,     0.00,     0.00,     1.73,    18.92,    12.90,    20.90,     0.51,     0.00,     2.90,     7.70,    11.14,     0.41,     0.00,     0.00,     0.00,     1.56,     0.00,    10.46,     0.00,     0.00,     0.00,     0.00,     0.00,     0.00,     0.00,     0.00,     0.00,     7.77,  -999.99
cty,44175,VA: Southampton County,1987,09,PRCP,     6.98,     0.00,     0.00,     0.00,    13.91,    27.24,    12.09,     9.01,     4.45,     5.48,     0.00,     0.00,    28.67,     4.59,     0.00,     0.00,     0.00,     0.00,     0.00,    29.30,     2.69,     0.00,     0.00,     0.00,     0.00,     0.00,     0.00,     0.00,     0.00,     4.21,  -999.99
cty,44177,VA: Spotsylvania County,1987,09,PRCP,     0.00,     0.00,     0.00,     0.00,     4.50,    26.55,     8.02,    21.79,    42.88,     0.00,     0.00,    17.14,    19.16,     4.94,     0.63,     0.00,     0.00,     6.28,     0.00,    23.69,    11.87,     0.00,     0.00,     0.00,     0.00,     0.00,     0.00,     0.00,     0.00,     8.57,  -999.99
cty,44179,VA: Stafford County,1987,09,PRCP,     0.00,     0.00,     0.00,     0.00,     2.37,    20.02,     9.14,    15.56,    37.03,     0.00,     0.00,    15.86,    18.74,     4.94,     1.57,     0.00,     0.00,     8.97,     0.00,    16.87,     9.38,     0.05,     0.00,     0.00,     0.00,     0.00,     0.00,     0.00,     0.00,     6.77,  -999.99
cty,44181,VA: Surry County,1987,09,PRCP,     3.42,     0.00,     0.00,     0.00,     4.92,    16.22,     8.19,     5.19,     7.02,     3.17,     0.00,     0.00,    18.35,     5.22,     0.00,     0.00,     0.00,     0.34,     0.00,    15.78,     3.71,     0.00,     0.00,     0.00,     0.00,     0.00,     0.00,     0.00,     0.00,     2.61,  -999.99
cty,44183,VA: Sussex County,1987,09,PRCP,     5.92,     0.00,     0.00,     0.00,     7.67,    27.85,     9.85,    11.33,     5.68,     4.68,     0.41,     0.05,    27.78,     3.89,     0.00,     0.00,     0.00,     0.00,     0.00,    27.25,     2.82,     0.00,     0.00,     0.00,     0.00,     0.00,     0.00,     0.00,     0.00,     4.78,  -999.99
cty,44185,VA: Tazewell County,1987,09,PRCP,     0.00,     0.00,     0.00,     0.00,     1.25,    16.74,    10.16,    18.60,     0.96,     0.00,     2.09,     9.88,    10.68,     0.06,     0.00,     0.00,     0.00,     1.81,     0.00,    12.20,     0.00,     0.00,     0.00,     0.00,     0.00,     0.00,     0.00,     0.00,     0.00,     9.52,  -999.99
cty,44187,VA: Warren County,1987,09,PRCP,     0.00,     0.00,     0.00,     0.00,     0.36,    25.60,     9.67,    44.77,    33.59,     0.00,     0.00,    17.04,    16.85,     2.36,     0.00,     0.00,     3.80,    13.43,     0.44,    19.60,     8.00,     0.00,     0.00,     0.00,     0.00,     0.00,     0.00,     0.00,     0.00,    11.58,  -999.99
cty,44191,VA: Washington County,1987,09,PRCP,     0.00,     0.00,     0.00,     0.00,     1.48,    13.69,    13.54,    21.79,     0.32,     0.00,     2.91,     9.46,    14.15,     0.36,     0.00,     0.00,     0.49,     1.70,     0.00,    11.11,     0.00,     0.00,     0.00,     0.00,     0.00,     0.00,     0.00,     0.00,     0.00,    10.83,  -999.99
cty,44193,VA: Westmoreland County,1987,09,PRCP,     0.19,     0.00,     0.00,     0.00,     0.89,    12.47,     8.96,     6.11,    24.27,     0.00,     0.00,     8.23,    25.80,     8.81,     0.00,     0.00,     0.00,     8.31,     0.75,    12.35,     6.54,     0.00,     0.00,     0.00,     0.00,     0.00,     0.00,     0.00,     0.00,     4.00,  -999.99
cty,44195,VA: Wise County,1987,09,PRCP,     0.02,     0.00,     0.00,     0.00,     0.00,    10.19,    11.62,    19.42,     0.02,     0.00,     2.45,    19.25,    18.51,     0.37,     0.00,     0.00,     0.57,     1.94,     0.00,    15.06,     0.00,     0.00,     0.01,     0.00,     0.00,     0.00,     0.00,     0.00,     0.00,    20.65,  -999.99
cty,44197,VA: Wythe County,1987,09,PRCP,     0.00,     0.00,     0.00,     0.00,     0.76,    33.93,    15.31,    35.04,     0.02,     0.00,     4.42,     5.94,    10.65,     0.00,     0.00,     0.00,     0.03,     1.53,     0.00,    11.48,     0.00,     0.00,     0.00,     0.00,     0.00,     0.00,     0.00,     0.00,     0.04,     5.45,  -999.99
cty,44199,VA: York County,1987,09,PRCP,     3.08,     0.01,     0.00,     0.00,     2.62,    12.59,     9.02,     3.85,     9.11,     2.75,     0.63,     0.00,    17.41,     7.95,     0.00,     0.00,     0.00,     2.14,     0.00,    11.67,     5.10,     0.02,     0.00,     0.00,     0.00,     0.00,     0.00,     0.00,     0.00,     1.85,  -999.99
cty,44510,VA: Alexandria city,1987,09,PRCP,     0.00,     0.00,     0.00,     0.00,     0.00,    13.25,    11.74,    11.54,    39.41,     0.00,     0.00,    13.95,    25.08,     5.63,     0.00,     1.38,     0.71,    17.91,     1.50,    10.94,     5.25,     0.00,     0.00,     0.00,     0.00,     0.00,     0.00,     0.00,     0.00,     6.04,  -999.99
cty,44520,VA: Bristol city,1987,09,PRCP,     0.00,     0.00,     0.00,     0.00,     1.27,    12.64,    15.06,    23.52,     0.00,     0.00,     4.01,    10.48,    16.68,     0.00,     0.00,     0.00,     1.73,     1.84,     0.00,    11.77,     0.00,     0.00,     0.00,     0.00,     0.00,     0.00,     0.00,     0.00,     0.00,    13.31,  -999.99
cty,44530,VA: Buena Vista city,1987,09,PRCP,     0.00,     0.00,     0.00,     0.00,     0.00,    34.69,     9.13,   113.76,     2.97,     0.00,     3.68,     5.47,    10.47,     1.86,     0.00,     0.00,     0.00,     2.32,     0.00,    24.43,     5.69,     0.00,     0.00,     0.00,     0.00,     0.00,     0.00,     0.00,     0.00,     6.33,  -999.99
cty,44540,VA: Charlottesville city,1987,09,PRCP,     0.00,     0.00,     0.00,     0.00,     5.73,    56.86,     9.15,   128.62,    38.00,     0.00,     4.15,    15.54,    34.69,     4.72,     0.00,     0.00,     0.00,     4.50,     0.00,    42.75,    18.64,     0.16,     0.00,     0.00,     0.00,     0.00,     0.00,     0.00,     0.00,     8.92,  -999.99
cty,44550,VA: Chesapeake city,1987,09,PRCP,     7.63,     0.00,     0.00,     0.00,    10.18,    22.05,    16.32,     5.68,    10.54,     6.34,     2.46,     0.00,    24.05,    15.65,     0.00,     0.00,     0.00,     0.00,     0.00,    18.74,     7.88,     0.00,     0.00,     0.00,     0.00,     0.00,     0.00,     0.00,     0.00,     0.00,  -999.99
cty,44570,VA: Colonial Heights city,1987,09,PRCP,     3.24,     0.00,     0.00,     0.00,     5.56,    23.53,     6.87,    12.03,    10.85,     2.85,     0.00,     5.02,    21.70,     3.83,     0.00,     0.00,     0.00,     0.00,     0.00,    22.72,     3.95,     0.00,     0.00,     0.00,     0.00,     0.00,     0.00,     0.00,     0.00,     5.34,  -999.99
cty,44580,VA: Covington city,1987,09,PRCP,     0.00,     0.00,     0.00,     0.00,     0.00,    35.46,    10.45,    78.97,     0.99,     0.00,     5.96,     7.13,     7.95,     0.00,     0.00,     0.00,     0.00,     2.59,     0.00,    17.91,     0.00,     0.00,     0.00,     0.00,     0.00,     0.00,     0.00,     0.00,     0.00,     6.85,  -999.99
cty,44590,VA: Danville city,1987,09,PRCP,     2.71,     0.00,     0.00,     0.00,     3.75,    23.54,    19.68,   104.00,     0.00,     0.00,     2.54,     2.30,    13.25,     1.55,     0.00,     0.00,     0.00,     0.00,     0.00,     9.65,     3.45,     0.00,     0.00,     0.00,     0.00,     0.00,     0.00,     0.00,     0.00,    14.78,  -999.99
cty,44595,VA: Emporia city,1987,09,PRCP,     7.70,     0.00,     0.00,     0.00,     6.49,    32.26,    10.55,    16.11,     3.79,     3.99,     1.69,     0.00,    34.26,     2.78,     0.00,     0.00,     0.00,     2.16,     0.00,    31.90,     1.69,     0.00,     0.00,     0.00,     0.00,     0.00,     0.00,     0.00,     0.00,     6.13,  -999.99
cty,44600,VA: Fairfax city,1987,09,PRCP,     0.00,     0.00,     0.00,     0.00,     0.00,    16.84,    12.36,    16.68,    44.46,     0.00,     0.00,    16.52,    22.79,     4.80,     0.00,     1.41,     1.83,    17.69,     1.41,    13.05,     6.46,     0.00,     0.00,     0.00,     0.00,     0.00,     0.00,     0.00,     0.00,     7.21,  -999.99
cty,44610,VA: Falls Church city,1987,09,PRCP,     0.00,     0.00,     0.00,     0.00,     0.00,    15.11,    12.75,    14.85,    43.89,     0.00,     0.00,    15.59,    24.34,     5.00,     0.00,     1.54,     1.77,    19.04,     1.58,    11.89,     5.62,     0.00,     0.00,     0.00,     0.00,     0.00,     0.00,     0.00,     0.00,     6.94,  -999.99
cty,44620,VA: Franklin city,1987,09,PRCP,     7.25,     0.00,     0.00,     0.00,    17.46,    26.82,    13.64,     7.66,     5.13,     6.28,     0.00,     0.00,    28.25,     6.09,     0.00,     0.00,     0.00,     0.00,     0.00,    29.19,     3.43,     0.00,     0.00,     0.00,     0.00,     0.00,     0.00,     0.00,     0.00,     3.72,  -999.99
cty,44630,VA: Fredericksburg city,1987,09,PRCP,     0.00,     0.00,     0.00,     0.00,     3.08,    21.25,     8.54,    15.64,    35.73,     0.00,     0.00,    15.80,    17.99,     4.90,     2.04,     0.00,     0.00,     7.25,     0.00,    18.26,    10.06,     0.29,     0.00,     0.00,     0.00,     0.00,     0.00,     0.00,     0.00,     6.83,  -999.99
cty,44640,VA: Galax city,1987,09,PRCP,     0.00,     0.00,     0.00,     0.00,     1.03,    44.08,    21.10,    46.77,     0.00,     0.00,     8.09,     4.11,     9.66,     0.00,     0.00,     0.00,     0.00,     1.29,     0.00,     7.89,     0.00,     0.00,     0.00,     0.00,     0.00,     0.00,     0.00,     0.00,     0.00,     4.17,  -999.99
cty,44650,VA: Hampton city,1987,09,PRCP,     5.46,     0.04,     0.00,     0.00,     2.67,    17.59,    14.99,     4.82,    12.03,     4.56,     2.62,     0.00,    23.84,    13.83,     0.00,     0.00,     0.00,     0.00,     0.00,    15.46,     8.29,     0.14,     0.00,     0.00,     0.00,     0.00,     0.00,     0.00,     0.00,     0.26,  -999.99
cty,44660,VA: Harrisonburg city,1987,09,PRCP,     0.00,     0.00,     0.00,     0.00,     0.00,    41.79,     9.41,    93.55,    19.00,     0.00,     2.75,    13.93,    16.16,     2.40,     0.00,     0.00,     0.00,     6.91,     0.00,    32.07,     8.70,     0.00,     0.00,     0.00,     0.00,     0.00,     0.00,     0.00,     0.00,    12.75,  -999.99
cty,44670,VA: Hopewell city,1987,09,PRCP,     3.15,     0.00,     0.00,     0.00,     5.33,    22.06,     7.20,    10.07,    10.69,     2.90,     0.00,     4.94,    21.23,     4.12,     0.00,     0.00,     0.00,     0.00,     0.00,    21.25,     4.06,     0.00,     0.00,     0.00,     0.00,     0.00,     0.00,     0.00,     0.00,     4.78,  -999.99
cty,44680,VA: Lynchburg city,1987,09,PRCP,     0.00,     0.00,     0.00,     0.00,     1.11,    32.47,     9.87,   122.49,     3.72,     0.00,     2.40,     4.76,    15.90,     2.45,     0.00,     0.00,     0.00,     0.17,     0.00,    24.33,     6.26,     0.00,     0.00,     0.00,     0.00,     0.00,     0.00,     0.00,     0.00,     8.39,  -999.99
cty,44683,VA: Manassas city,1987,09,PRCP,     0.00,     0.00,     0.00,     0.00,     1.30,    20.16,    11.05,    21.02,    45.60,     0.00,     0.00,    17.12,    19.51,     4.37,     0.00,     0.00,     1.93,    14.44,     0.00,    15.33,     8.47,     0.00,     0.00,     0.00,     0.00,     0.00,     0.00,     0.00,     0.00,     7.22,  -999.99
cty,44685,VA: Manassas Park city,1987,09,PRCP,     0.00,     0.00,     0.00,     0.00,     1.10,    18.52,    11.09,    18.80,    43.90,     0.00,     0.00,    16.54,    19.86,     4.36,     0.00,     1.12,     1.83,    14.85,     0.00,    14.33,     7.70,     0.00,     0.00,     0.00,     0.00,     0.00,     0.00,     0.00,     0.00,     7.09,  -999.99
cty,44690,VA: Martinsville city,1987,09,PRCP,     0.00,     0.00,     0.00,     0.00,     4.24,    47.53,    34.87,   154.08,     0.00,     0.00,     6.05,     3.21,    13.31,     1.89,     0.00,     0.00,     0.00,     0.00,     0.00,    15.38,     0.00,     0.00,     0.00,     0.00,     0.00,     0.00,     0.00,     0.00,     0.00,    15.98,  -999.99
cty,44700,VA: Newport News city,1987,09,PRCP,     4.90,     0.00,     0.00,     0.00,     4.74,    17.83,    13.27,     4.97,    10.75,     4.30,     0.97,     0.00,    23.13,    11.21,     0.00,     0.00,     0.00,     0.69,     0.00,    16.27,     6.93,     0.00,     0.00,     0.00,     0.00,     0.00,     0.00,     0.00,     0.00,     1.90,  -999.99
cty,44710,VA: Norfolk city,1987,09,PRCP,     7.73,     0.00,     0.00,     0.00,     1.26,    21.38,    20.32,     5.52,    14.34,     6.11,     3.59,     0.00,    27.48,    19.59,     0.00,     0.00,     0.00,     0.00,     0.00,    17.41,    11.35,     0.00,     0.34,     0.00,     0.00,     0.00,     0.00,     0.00,     0.00,     0.00,  -999.99
cty,44720,VA: Norton city,1987,09,PRCP,     0.00,     0.00,     0.00,     0.00,     0.00,    12.15,    13.10,    20.30,     0.00,     0.00,     4.24,    18.62,    18.33,     0.00,     0.00,     0.00,     0.00,     1.94,     0.00,    14.80,     0.00,     0.00,     0.00,     0.00,     0.00,     0.00,     0.00,     0.00,     0.00,    19.74,  -999.99
cty,44730,VA: Petersburg city,1987,09,PRCP,     3.94,     0.00,     0.00,     0.00,     5.91,    26.25,     7.66,    13.18,    10.02,     3.41,     0.00,     4.84,    24.17,     3.93,     0.00,     0.00,     0.00,     0.00,     0.00,    24.99,     3.82,     0.00,     0.00,     0.00,     0.00,     0.00,     0.00,     0.00,     0.00,     5.58,  -999.99
cty,44735,VA: Poquoson city,1987,09,PRCP,     4.23,     0.10,     0.00,     0.00,     0.00,    14.00,    11.96,     4.02,    10.76,     3.53,     2.09,     0.00,    20.09,    11.56,     0.00,     0.00,     0.00,     2.48,     0.00,    12.49,     6.92,     0.36,     0.00,     0.00,     0.00,     0.00,     0.00,     0.00,     0.00,     0.89,  -999.99
cty,44740,VA: Portsmouth city,1987,09,PRCP,     7.80,     0.00,     0.00,     0.00,     7.22,    23.19,    19.45,     5.92,    12.95,     6.44,     3.37,     0.00,    28.07,    17.50,     0.00,     0.00,     0.00,     0.00,     0.00,    19.70,     9.96,     0.00,     0.00,     0.00,     0.00,     0.00,     0.00,     0.00,     0.00,     0.00,  -999.99
cty,44750,VA: Radford city,1987,09,PRCP,     0.00,     0.00,     0.00,     0.00,     1.18,    42.74,    22.15,    66.04,     1.46,     0.00,     3.92,     6.56,     9.75,     0.00,     0.00,     0.00,     0.00,     1.66,     0.00,    16.24,     0.00,     0.00,     0.00,     0.00,     0.00,     0.00,     0.00,     0.00,     0.00,     7.03,  -999.99
cty,44760,VA: Richmond city,1987,09,PRCP,     1.87,     0.00,     0.00,     0.00,     5.33,    20.50,     5.70,    11.89,    15.99,     1.57,     0.00,     6.90,    17.74,     3.83,     0.00,     0.00,     0.00,     2.30,     0.00,    19.98,     4.93,     0.00,     0.00,     0.00,     0.00,     0.00,     0.00,     0.00,     0.00,     5.68,  -999.99
cty,44770,VA: Roanoke city,1987,09,PRCP,     0.00,     0.00,     0.00,     0.00,     0.00,    48.33,    17.38,   129.07,     0.00,     0.00,     2.74,     5.18,    16.94,     1.92,     0.00,     0.00,     0.00,     1.96,     0.00,    21.18,     0.00,     0.00,     0.00,     0.00,     0.00,     0.00,     0.00,     0.00,     0.00,     8.66,  -999.99
cty,44775,VA: Salem city,1987,09,PRCP,     0.00,     0.00,     0.00,     0.00,     0.00,    46.54,    17.39,   119.26,     0.00,     0.00,     2.91,     5.00,    15.13,     0.00,     0.00,     0.00,     0.00,     1.86,     0.00,    19.67,     0.00,     0.00,     0.00,     0.00,     0.00,     0.00,     0.00,     0.00,     0.00,     8.02,  -999.99
cty,44790,VA: Staunton city,1987,09,PRCP,     0.00,     0.00,     0.00,     0.00,     0.71,    42.58,    10.03,    99.77,    12.18,     2.45,     2.23,    11.66,    17.61,     3.18,     0.00,     0.00,     0.00,     5.65,     0.00,    34.56,     6.82,     0.00,     0.00,     0.00,     0.00,     0.00,     0.00,     0.00,     0.00,    13.28,  -999.99
cty,44800,VA: Suffolk city,1987,09,PRCP,     8.23,     0.00,     0.00,     0.00,    16.11,    27.83,    17.21,     7.33,     8.76,     7.24,     1.03,     0.00,    29.62,    11.70,     0.00,     0.00,     0.00,     0.34,     0.00,    26.91,     6.25,     0.00,     0.00,     0.00,     0.00,     0.00,     0.00,     0.00,     0.00,     2.52,  -999.99
cty,44810,VA: Virginia Beach city,1987,09,PRCP,     6.32,     0.00,     0.00,     0.00,     4.30,    15.74,    13.38,     4.35,    10.84,     4.78,     1.85,     0.00,    18.72,    16.55,     0.00,     0.00,     0.00,     0.00,     0.00,    12.72,     7.99,     0.00,     0.20,     0.00,     0.00,     0.00,     0.00,     0.00,     0.00,     0.00,  -999.99
cty,44820,VA: Waynesboro city,1987,09,PRCP,     0.00,     0.00,     0.00,     0.00,     2.69,    48.44,     9.82,   118.24,    14.97,     0.00,     3.09,    11.09,    19.69,     3.43,     0.00,     0.00,     0.00,     3.94,     0.00,    37.62,     9.47,     0.00,     0.00,     0.00,     0.00,     0.00,     0.00,     0.00,     0.00,    10.66,  -999.99
cty,44830,VA: Williamsburg city,1987,09,PRCP,     2.58,     0.00,     0.00,     0.00,     2.91,    12.18,     7.47,     3.83,     7.97,     2.42,     0.00,     0.00,    15.92,     5.94,     0.00,     0.00,     0.00,     2.05,     0.00,    11.58,     4.10,     0.00,     0.00,     0.00,     0.00,     0.00,     0.00,     0.00,     0.00,     1.96,  -999.99
cty,44840,VA: Winchester city,1987,09,PRCP,     0.00,     0.00,     0.00,     0.00,     0.00,    25.35,    12.31,    48.76,    35.93,     0.00,     0.00,    19.01,    18.88,     2.06,     0.00,     0.00,     5.01,    20.42,     1.78,    19.69,     7.34,     0.60,     0.61,     0.00,     0.19,     0.00,     0.00,     0.00,     0.00,    15.27,  -999.99
cty,45001,WA: Adams County,1987,09,PRCP,     0.00,     0.00,     0.00,     0.00,     0.00,     0.00,     0.00,     0.00,     0.00,     0.00,     0.00,     0.00,     0.00,     0.00,     0.01,     0.00,     0.00,     0.00,     0.00,     0.00,     0.00,     0.00,     0.00,     0.00,     0.00,     0.00,     0.00,     0.02,     0.00,     0.00,  -999.99
cty,45003,WA: Asotin County,1987,09,PRCP,     0.00,     0.00,     0.00,     0.00,     0.00,     0.00,     0.00,     0.00,     0.00,     0.00,     0.00,     0.00,     0.00,     0.00,     0.00,     0.00,     0.00,     0.00,     0.00,     0.00,     0.00,     0.00,     0.00,     0.00,     0.00,     0.38,     0.93,     0.00,     0.00,     0.00,  -999.99
cty,45005,WA: Benton County,1987,09,PRCP,     0.00,     0.00,     0.00,     0.00,     0.00,     0.00,     0.00,     0.00,     0.00,     0.00,     0.00,     0.00,     0.00,     0.00,     0.00,     0.11,     0.00,     0.00,     0.00,     0.00,     0.00,     0.00,     0.00,     0.00,     0.00,     0.10,     0.00,     0.00,     0.00,     0.00,  -999.99
cty,45007,WA: Chelan County,1987,09,PRCP,     0.00,     0.06,     0.55,     0.00,     0.00,     0.00,     0.00,     0.00,     0.00,     0.00,     0.00,     0.00,     0.00,     0.02,     4.69,     0.26,     0.00,     0.00,     0.00,     0.00,     0.00,     0.00,     0.00,     0.00,     0.00,     0.16,     0.01,     0.04,     0.00,     0.00,  -999.99
cty,45009,WA: Clallam County,1987,09,PRCP,     0.00,     2.06,     1.07,     0.00,     0.00,     0.00,     0.00,     0.10,     0.07,     0.10,     0.51,     0.80,     0.88,     1.97,    18.25,     1.97,     0.00,     0.00,     0.01,     0.00,     0.00,     0.00,     0.00,     0.00,     0.60,     1.13,     0.31,     0.01,     0.00,     0.01,  -999.99
cty,45011,WA: Clark County,1987,09,PRCP,     0.00,     0.00,     0.41,     0.00,     0.00,     0.00,     0.00,     0.00,     0.00,     0.00,     0.01,     0.07,     0.00,     0.00,    10.73,     1.83,     0.00,     0.00,     0.00,     0.00,     0.00,     0.00,     0.00,     0.00,     0.70,     5.37,     0.01,     0.00,     0.00,     0.00,  -999.99
cty,45013,WA: Columbia County,1987,09,PRCP,     0.00,     0.00,     0.00,     0.00,     0.00,     0.00,     0.00,     0.00,     0.00,     0.00,     0.00,     0.00,     0.00,     0.00,     0.00,     0.00,     0.00,     0.00,     0.00,     0.00,     0.00,     0.04,     0.00,     0.00,     0.00,     2.34,     0.51,     1.19,     0.00,     0.00,  -999.99
cty,45015,WA: Cowlitz County,1987,09,PRCP,     0.00,     0.17,     0.36,     0.00,     0.00,     0.00,     0.00,     0.01,     0.00,     0.00,     0.00,     0.44,     0.67,     0.25,    12.90,     2.34,     0.00,     0.00,     0.00,     0.00,     0.00,     0.00,     0.00,     0.00,     0.93,     3.15,     0.00,     0.01,     0.01,     0.00,  -999.99
cty,45017,WA: Douglas County,1987,09,PRCP,     0.00,     0.00,     0.00,     0.00,     0.00,     0.00,     0.00,     0.00,     0.00,     0.00,     0.00,     0.00,     0.00,     0.00,     0.00,     0.00,     0.00,     0.00,     0.00,     0.00,     0.00,     0.00,     0.00,     0.00,     0.00,     0.00,     0.00,     0.00,     0.00,     0.00,  -999.99
cty,45019,WA: Ferry County,1987,09,PRCP,     0.00,     0.00,     0.00,     0.00,     0.00,     0.00,     0.00,     0.00,     0.00,     0.00,     0.00,     0.00,     0.00,     0.00,     0.00,     0.00,     0.00,     0.00,     0.00,     0.00,     0.00,     0.00,     0.00,     0.00,     0.00,     2.32,     0.40,     2.54,     0.00,     0.00,  -999.99
cty,45021,WA: Franklin County,1987,09,PRCP,     0.00,     0.00,     0.00,     0.00,     0.00,     0.00,     0.00,     0.00,     0.00,     0.00,     0.00,     0.00,     0.00,     0.00,     0.00,     0.00,     0.00,     0.00,     0.00,     0.00,     0.00,     0.00,     0.00,     0.00,     0.00,     0.08,     0.00,     0.00,     0.00,     0.00,  -999.99
cty,45023,WA: Garfield County,1987,09,PRCP,     0.00,     0.00,     0.00,     0.00,     0.00,     0.00,     0.00,     0.00,     0.00,     0.00,     0.00,     0.00,     0.00,     0.00,     0.00,     0.00,     0.00,     0.00,     0.00,     0.00,     0.00,     0.00,     0.00,     0.00,     0.00,     0.30,     0.31,     0.00,     0.00,     0.00,  -999.99
cty,45025,WA: Grant County,1987,09,PRCP,     0.00,     0.00,     0.00,     0.00,     0.00,     0.00,     0.00,     0.00,     0.00,     0.00,     0.00,     0.00,     0.00,     0.00,     0.00,     0.00,     0.00,     0.00,     0.00,     0.00,     0.00,     0.00,     0.00,     0.00,     0.00,     0.00,     0.00,     0.00,     0.00,     0.00,  -999.99
cty,45027,WA: Grays Harbor County,1987,09,PRCP,     0.14,     1.36,     0.15,     0.00,     0.00,     0.00,     0.00,     0.00,     0.00,     0.02,     0.66,     1.55,     1.83,     4.81,    22.95,     2.05,     0.00,     0.00,     0.00,     0.00,     0.00,     0.00,     0.00,     0.04,     0.97,     2.22,     0.00,     0.00,     0.00,     0.00,  -999.99
cty,45029,WA: Island County,1987,09,PRCP,     0.00,     0.75,     0.01,     0.00,     0.00,     0.00,     0.00,     0.00,     0.00,     0.00,     0.00,     0.06,     0.00,     0.00,    10.39,     1.01,     0.00,     0.00,     0.00,     0.00,     0.00,     0.00,     0.00,     0.00,     0.08,     1.72,     0.00,     0.00,     0.00,     0.00,  -999.99
cty,45031,WA: Jefferson County,1987,09,PRCP,     0.00,     2.46,     0.86,     0.00,     0.00,     0.00,     0.00,     0.00,     0.00,     0.00,     0.32,     0.93,     1.23,     3.40,    25.41,     2.12,     0.00,     0.00,     0.00,     0.00,     0.00,     0.00,     0.00,     0.00,     1.12,     1.96,     0.08,     0.00,     0.00,     0.00,  -999.99
cty,45033,WA: King County,1987,09,PRCP,     0.00,     1.43,     0.41,     0.00,     0.00,     0.00,     0.00,     0.00,     0.00,     0.00,     0.00,     1.18,     1.60,     0.13,    17.75,     3.78,     0.01,     0.00,     0.00,     0.00,     0.00,     0.00,     0.00,     0.00,     0.73,     5.93,     0.07,     0.00,     0.00,     0.00,  -999.99
cty,45035,WA: Kitsap County,1987,09,PRCP,     0.00,     0.00,     0.00,     0.00,     0.00,     0.00,     0.00,     0.00,     0.00,     0.00,     0.00,     0.00,     0.78,     0.73,     8.51,     0.72,     0.00,     0.00,     0.00,     0.00,     0.00,     0.00,     0.00,     0.00,     0.00,     0.58,     0.00,     0.00,     0.00,     0.00,  -999.99
cty,45037,WA: Kittitas County,1987,09,PRCP,     0.00,     0.01,     0.13,     0.00,     0.00,     0.00,     0.00,     0.00,     0.00,     0.00,     0.00,     0.00,     0.01,     0.00,     3.25,     0.38,     0.00,     0.03,     0.00,     0.01,     0.00,     0.00,     0.00,     0.00,     0.00,     0.30,     0.00,     0.00,     0.00,     0.00,  -999.99
cty,45039,WA: Klickitat County,1987,09,PRCP,     0.00,     0.00,     0.00,     0.00,     0.00,     0.00,     0.00,     0.00,     0.00,     0.00,     0.00,     0.00,     0.00,     0.00,     1.14,     0.05,     0.00,     0.00,     0.00,     0.00,     0.00,     0.00,     0.00,     0.00,     0.00,     0.04,     0.00,     0.00,     0.00,     0.00,  -999.99
cty,45041,WA: Lewis County,1987,09,PRCP,     0.00,     0.31,     0.28,     0.00,     0.00,     0.00,     0.00,     0.02,     0.00,     0.00,     0.00,     0.67,     0.80,     0.56,    12.99,     2.85,     0.02,     0.00,     0.00,     0.00,     0.00,     0.00,     0.00,     0.01,     0.53,     2.38,     0.00,     0.00,     0.00,     0.00,  -999.99
cty,45043,WA: Lincoln County,1987,09,PRCP,     0.00,     0.00,     0.00,     0.00,     0.00,     0.00,     0.00,     0.00,     0.00,     0.00,     0.00,     0.00,     0.00,     0.00,     0.00,     0.00,     0.00,     0.00,     0.00,     0.00,     0.00,     0.00,     0.00,     0.00,     0.00,     0.45,     0.00,     0.00,     0.00,     0.00,  -999.99
cty,45045,WA: Mason County,1987,09,PRCP,     0.09,     0.28,     0.18,     0.00,     0.00,     0.00,     0.00,     0.00,     0.00,     0.06,     0.00,     0.14,     1.24,     3.90,    16.49,     0.84,     0.00,     0.00,     0.00,     0.00,     0.00,     0.00,     0.00,     0.00,     0.45,     0.30,     0.00,     0.00,     0.00,     0.00,  -999.99
cty,45047,WA: Okanogan County,1987,09,PRCP,     0.00,     0.01,     0.61,     0.00,     0.00,     0.00,     0.00,     0.00,     0.00,     0.00,     0.00,     0.00,     0.00,     0.00,     2.01,     0.05,     0.00,     0.00,     0.00,     0.00,     0.00,     0.00,     0.00,     0.00,     0.01,     0.51,     0.15,     0.77,     0.02,     0.00,  -999.99
cty,45049,WA: Pacific County,1987,09,PRCP,     0.02,     1.01,     0.32,     0.00,     0.00,     0.00,     0.01,     0.00,     0.01,     0.03,     0.87,     1.78,     1.84,     4.37,    17.99,     2.02,     0.00,     0.00,     0.00,     0.00,     0.00,     0.00,     0.00,     0.01,     1.42,     2.63,     0.00,     0.00,     0.00,     0.00,  -999.99
cty,45051,WA: Pend Oreille County,1987,09,PRCP,     0.00,     0.58,     0.21,     0.00,     0.00,     0.00,     0.00,     0.00,     0.00,     0.00,     0.00,     0.00,     0.00,     0.00,     0.00,     0.00,     0.13,     0.00,     0.00,     0.00,     0.00,     0.00,     0.00,     0.00,     0.00,     3.92,     0.70,     9.87,     0.09,     0.00,  -999.99
cty,45053,WA: Pierce County,1987,09,PRCP,     0.00,     0.93,     0.05,     0.00,     0.00,     0.00,     0.00,     0.00,     0.00,     0.00,     0.13,     1.22,     1.51,     0.44,    14.11,     3.60,     0.08,     0.00,     0.00,     0.00,     0.00,     0.00,     0.00,     0.03,     0.71,     2.87,     0.11,     0.27,     0.00,     0.00,  -999.99
cty,45055,WA: San Juan County,1987,09,PRCP,     0.00,     1.07,     0.00,     0.00,     0.00,     0.00,     0.00,     0.00,     0.00,     0.00,     0.00,     0.20,     0.15,     0.00,     6.94,     0.55,     0.00,     0.00,     0.00,     0.00,     0.00,     0.00,     0.00,     0.00,     0.11,     0.22,     0.00,     0.00,     0.00,     0.00,  -999.99
cty,45057,WA: Skagit County,1987,09,PRCP,     0.00,     2.28,     1.12,     0.00,     0.00,     0.00,     0.00,     0.00,     0.00,     0.00,     0.00,     0.76,     0.62,     0.00,    25.12,     2.85,     0.05,     0.02,     0.00,     0.01,     0.00,     0.00,     0.00,     0.00,     0.46,     4.02,     0.12,     0.14,     0.00,     0.00,  -999.99
cty,45059,WA: Skamania County,1987,09,PRCP,     0.00,     0.04,     0.21,     0.00,     0.00,     0.00,     0.00,     0.03,     0.00,     0.00,     0.01,     0.12,     0.08,     0.03,    13.87,     2.50,     0.00,     0.00,     0.00,     0.00,     0.00,     0.00,     0.00,     0.00,     0.10,     3.81,     0.01,     0.00,     0.00,     0.00,  -999.99
cty,45061,WA: Snohomish County,1987,09,PRCP,     0.00,     1.28,     0.72,     0.00,     0.00,     0.00,     0.00,     0.00,     0.00,     0.00,     0.00,     0.91,     0.94,     0.02,    18.43,     2.91,     0.00,     0.00,     0.00,     0.00,     0.00,     0.00,     0.00,     0.00,     0.47,     4.66,     0.08,     0.01,     0.00,     0.00,  -999.99
cty,45063,WA: Spokane County,1987,09,PRCP,     0.00,     0.00,     0.00,     0.00,     0.00,     0.00,     0.00,     0.00,     0.00,     0.00,     0.00,     0.00,     0.00,     0.00,     0.00,     0.00,     0.00,     0.00,     0.00,     0.00,     0.00,     0.00,     0.00,     0.00,     0.00,     0.96,     0.03,     0.48,     0.00,     0.07,  -999.99
cty,45065,WA: Stevens County,1987,09,PRCP,     0.00,     0.11,     0.01,     0.00,     0.00,     0.00,     0.00,     0.00,     0.00,     0.00,     0.00,     0.00,     0.00,     0.00,     0.00,     0.00,     0.00,     0.00,     0.00,     0.00,     0.00,     0.00,     0.00,     0.00,     0.00,     4.18,     1.12,     2.14,     0.00,     0.00,  -999.99
cty,45067,WA: Thurston County,1987,09,PRCP,     0.00,     0.09,     0.01,     0.00,     0.00,     0.00,     0.00,     0.00,     0.00,     0.00,     0.00,     0.46,     0.96,     1.12,     8.09,     1.45,     0.00,     0.00,     0.00,     0.00,     0.00,     0.00,     0.00,     0.00,     0.32,     0.57,     0.00,     0.00,     0.00,     0.00,  -999.99
cty,45069,WA: Wahkiakum County,1987,09,PRCP,     0.00,     0.63,     0.39,     0.00,     0.00,     0.02,     0.00,     0.00,     0.00,     0.00,     0.43,     1.76,     2.06,     3.63,    16.32,     2.20,     0.00,     0.00,     0.00,     0.00,     0.00,     0.00,     0.00,     0.00,     1.52,     3.82,     0.00,     0.00,     0.00,     0.00,  -999.99
cty,45071,WA: Walla Walla County,1987,09,PRCP,     0.00,     0.00,     0.00,     0.00,     0.00,     0.00,     0.00,     0.00,     0.00,     0.00,     0.00,     0.00,     0.00,     0.00,     0.00,     0.00,     0.00,     0.00,     0.00,     0.00,     0.00,     0.00,     0.00,     0.00,     0.00,     1.27,     0.01,     0.00,     0.00,     0.00,  -999.99
cty,45073,WA: Whatcom County,1987,09,PRCP,     0.00,     3.26,     1.46,     0.00,     0.00,     0.00,     0.00,     0.00,     0.00,     0.00,     0.02,     0.47,     0.48,     0.05,    25.16,     2.57,     0.00,     0.00,     0.00,     0.00,     0.00,     0.00,     0.00,     0.00,     0.51,     2.72,     0.36,     0.32,     0.00,     0.00,  -999.99
cty,45075,WA: Whitman County,1987,09,PRCP,     0.00,     0.00,     0.00,     0.00,     0.00,     0.00,     0.00,     0.00,     0.00,     0.00,     0.00,     0.00,     0.00,     0.00,     0.00,     0.00,     0.00,     0.00,     0.00,     0.00,     0.00,     0.00,     0.00,     0.00,     0.00,     0.04,     0.00,     0.00,     0.00,     0.00,  -999.99
cty,45077,WA: Yakima County,1987,09,PRCP,     0.00,     0.00,     0.01,     0.00,     0.00,     0.00,     0.00,     0.02,     0.00,     0.00,     0.01,     0.00,     0.00,     0.02,     1.07,     0.05,     0.00,     0.00,     0.00,     0.00,     0.00,     0.00,     0.00,     0.00,     0.00,     0.02,     0.00,     0.00,     0.00,     0.00,  -999.99
cty,46001,WV: Barbour County,1987,09,PRCP,     1.87,     0.00,     0.00,     0.00,     0.00,    13.96,     2.29,    14.53,     5.20,     0.00,     0.00,    10.94,     9.59,     1.60,     0.00,     0.00,     0.18,    16.78,     1.25,     6.93,     1.64,     0.40,     5.22,     0.00,     0.00,     0.00,     0.00,     0.00,     0.00,    21.16,  -999.99
cty,46003,WV: Berkeley County,1987,09,PRCP,     0.03,     0.00,     0.00,     0.00,     0.00,    14.77,    10.15,    29.08,    23.86,     0.00,     0.00,    12.51,    12.65,     0.92,     0.00,     0.60,     3.24,    17.16,     1.64,    11.01,     3.54,     0.59,     0.48,     0.00,     0.03,     0.00,     0.00,     0.00,     0.00,    11.00,  -999.99
cty,46005,WV: Boone County,1987,09,PRCP,     0.31,     0.00,     0.00,     0.00,     0.00,     8.51,     3.32,    21.91,     1.65,     0.00,     0.00,    18.62,    11.91,     2.56,     0.00,     0.00,     0.00,     4.74,     0.00,     9.91,     0.00,     0.00,     0.00,     0.00,     0.00,     0.00,     0.00,     0.00,     0.00,    13.77,  -999.99
cty,46007,WV: Braxton County,1987,09,PRCP,     1.20,     0.00,     0.00,     0.00,     0.00,     9.63,     1.59,    14.21,     3.16,     0.00,     0.00,    10.60,     8.74,     1.86,     0.00,     0.00,     0.08,    12.23,     0.00,     6.06,     0.01,     0.01,     1.43,     0.00,     0.00,     0.00,     0.00,     0.00,     0.00,    14.79,  -999.99
cty,46009,WV: Brooke County,1987,09,PRCP,     3.66,     0.00,     0.00,     0.00,     0.00,     5.87,     3.43,    21.68,     3.35,     0.00,     0.00,     2.86,     2.40,     0.00,     0.00,     0.00,     2.47,    11.83,     4.00,     2.23,     0.02,     0.79,     3.26,     0.00,     0.00,     0.00,     0.00,     0.00,     0.00,    16.13,  -999.99
cty,46011,WV: Cabell County,1987,09,PRCP,     0.41,     0.00,     0.00,     0.00,     0.00,     3.18,     2.50,    21.14,     0.00,     0.00,     0.00,    13.87,     6.27,     4.49,     0.00,     0.00,     0.00,     6.39,     0.14,     3.61,     0.00,     0.00,     0.00,     0.00,     0.00,     0.00,     0.00,     0.00,     0.00,    22.42,  -999.99
cty,46013,WV: Calhoun County,1987,09,PRCP,     1.50,     0.00,     0.00,     0.00,     0.00,    11.27,     2.09,    32.19,     2.79,     0.02,     0.00,     8.86,     6.44,     3.77,     0.00,     0.00,     0.00,    11.02,     0.00,     6.12,     0.00,     0.00,     1.18,     0.00,     0.00,     0.00,     0.00,     0.00,     0.00,    22.35,  -999.99
cty,46015,WV: Clay County,1987,09,PRCP,     0.90,     0.00,     0.00,     0.00,     0.00,     8.40,     1.65,    14.95,     2.24,     0.00,     0.00,    11.12,     7.22,     1.63,     0.00,     0.00,     0.04,     8.32,     0.25,     5.96,     0.01,     0.00,     0.57,     0.00,     0.00,     0.00,     0.00,     0.00,     0.00,    11.31,  -999.99
cty,46017,WV: Doddridge County,1987,09,PRCP,     1.56,     0.00,     0.00,     0.00,     0.00,     8.87,     1.81,    21.53,     2.83,     0.00,     0.00,     3.47,     3.48,     2.35,     0.00,     0.00,     1.37,     8.48,     0.37,     4.20,     0.00,     0.00,     2.12,     0.00,     0.00,     0.00,     0.00,     0.00,     0.00,    18.52,  -999.99
cty,46019,WV: Fayette County,1987,09,PRCP,     0.64,     0.00,     0.00,     0.00,     0.00,    13.12,     3.88,    14.26,     2.06,     0.01,     1.01,    16.53,    10.95,     0.27,     0.00,     0.00,     0.00,     6.40,     0.02,     9.47,     0.00,     0.00,     0.43,     0.00,     0.00,     0.00,     0.00,     0.00,     0.00,    11.07,  -999.99
cty,46021,WV: Gilmer County,1987,09,PRCP,     1.21,     0.00,     0.00,     0.00,     0.00,     9.62,     1.70,    22.19,     2.40,     0.00,     0.00,     5.59,     4.44,     2.46,     0.00,     0.00,     0.31,     9.18,     0.00,     5.17,     0.00,     0.05,     1.20,     0.00,     0.00,     0.00,     0.00,     0.00,     0.00,    17.06,  -999.99
cty,46023,WV: Grant County,1987,09,PRCP,     0.56,     0.00,     0.00,     0.00,     0.86,    32.83,    13.08,    53.04,     7.17,     0.00,     0.04,    13.24,    10.23,     0.02,     0.00,     0.00,     1.58,    10.61,     3.67,    14.52,     1.99,     0.10,     0.61,     0.00,     0.43,     0.00,     0.00,     0.00,     0.00,    13.42,  -999.99
cty,46025,WV: Greenbrier County,1987,09,PRCP,     0.04,     0.00,     0.00,     0.00,     0.00,    26.31,     7.62,    33.38,     1.37,     0.00,     6.16,    10.84,     6.01,     0.03,     0.00,     0.00,     0.04,     4.13,     0.00,    12.05,     0.00,     0.00,     0.38,     0.00,     0.00,     0.00,     0.00,     0.00,     0.00,    10.79,  -999.99
cty,46027,WV: Hampshire County,1987,09,PRCP,     0.83,     0.00,     0.00,     0.00,     0.00,    22.98,    10.02,    42.58,    17.78,     0.00,     0.00,    16.25,    13.94,     0.26,     0.00,     0.02,     3.58,    20.54,     2.56,    16.53,     5.06,     0.48,     1.51,     0.00,     0.55,     0.00,     0.00,     0.00,     0.00,    18.84,  -999.99
cty,46029,WV: Hancock County,1987,09,PRCP,     4.99,     0.00,     0.00,     0.00,     0.07,     5.43,     4.30,    25.40,     3.60,     0.00,     0.00,     4.56,     2.95,     0.00,     0.00,     0.21,     3.49,    15.18,     5.78,     2.99,     0.04,     1.17,     3.32,     0.01,     0.00,     0.00,     0.00,     0.00,     0.27,    17.77,  -999.99
cty,46031,WV: Hardy County,1987,09,PRCP,     0.41,     0.00,     0.00,     0.00,     0.00,    29.32,    10.12,    53.63,    15.45,     0.00,     0.00,    17.06,    13.83,     0.22,     0.00,     0.00,     3.14,    15.63,     2.27,    20.05,     5.08,     0.09,     1.31,     0.00,     0.18,     0.00,     0.00,     0.00,     0.00,    18.46,  -999.99
cty,46033,WV: Harrison County,1987,09,PRCP,     1.39,     0.00,     0.00,     0.00,     0.00,     9.46,     1.86,    15.18,     2.38,     0.00,     0.00,     3.11,     2.99,     1.57,     0.00,     0.00,     1.04,     8.56,     0.87,     4.57,     0.10,     0.21,     2.19,     0.00,     0.00,     0.00,     0.00,     0.00,     0.00,    14.83,  -999.99
cty,46035,WV: Jackson County,1987,09,PRCP,     1.29,     0.00,     0.00,     0.00,     0.00,     6.92,     1.88,    33.38,     1.52,     0.00,     0.00,     9.69,     6.47,     4.88,     0.00,     0.00,     0.00,     8.65,     0.00,     4.26,     0.00,     0.00,     0.44,     0.00,     0.00,     0.00,     0.00,     0.00,     0.00,    22.27,  -999.99
cty,46037,WV: Jefferson County,1987,09,PRCP,     0.00,     0.00,     0.00,     0.00,     0.00,    14.92,    10.02,    26.99,    31.77,     0.00,     0.00,    13.01,    14.41,     1.71,     0.00,     0.99,     3.24,    17.66,     1.31,    11.91,     4.14,     0.38,     0.45,     0.00,     0.00,     0.00,     0.00,     0.00,     0.00,    10.03,  -999.99
cty,46039,WV: Kanawha County,1987,09,PRCP,     0.93,     0.00,     0.00,     0.00,     0.00,     8.08,     2.20,    23.69,     1.58,     0.00,     0.04,    13.30,     8.00,     2.81,     0.00,     0.00,     0.00,     6.73,     0.00,     6.69,     0.00,     0.00,     0.06,     0.00,     0.00,     0.00,     0.00,     0.00,     0.00,    14.28,  -999.99
cty,46041,WV: Lewis County,1987,09,PRCP,     1.45,     0.00,     0.00,     0.00,     0.00,    10.54,     1.71,    16.06,     3.25,     0.00,     0.00,     6.95,     6.26,     1.89,     0.00,     0.00,     0.92,    12.08,     0.02,     5.90,     0.12,     0.00,     2.30,     0.00,     0.00,     0.00,     0.00,     0.00,     0.00,    17.63,  -999.99
cty,46043,WV: Lincoln County,1987,09,PRCP,     0.88,     0.00,     0.00,     0.00,     0.00,     5.14,     2.92,    25.42,     0.40,     0.00,     0.00,    18.15,    10.00,     4.09,     0.00,     0.00,     0.00,     5.22,     0.23,     6.69,     0.00,     0.00,     0.01,     0.00,     0.00,     0.00,     0.00,     0.00,     0.00,    18.88,  -999.99
cty,46045,WV: Logan County,1987,09,PRCP,     0.00,     0.00,     0.00,     0.00,     0.00,     7.30,     3.81,    22.41,     1.05,     0.00,     0.00,    18.56,    12.87,     2.54,     0.00,     0.00,     0.00,     3.36,     0.00,    10.16,     0.00,     0.00,     0.01,     0.00,     0.00,     0.00,     0.00,     0.00,     0.00,    14.71,  -999.99
cty,46047,WV: McDowell County,1987,09,PRCP,     0.00,     0.00,     0.00,     0.00,     0.07,    13.70,     9.23,    21.89,     1.52,     0.00,     0.42,    15.62,    13.80,     0.11,     0.00,     0.00,     0.00,     2.67,     0.03,    14.90,     0.00,     0.00,     0.00,     0.00,     0.00,     0.00,     0.00,     0.01,     0.00,    14.11,  -999.99
cty,46049,WV: Marion County,1987,09,PRCP,     1.76,     0.00,     0.00,     0.00,     0.03,    10.48,     2.55,    16.97,     2.76,     0.00,     0.00,     2.70,     2.25,     1.33,     0.00,     0.00,     0.90,     8.72,     1.48,     4.20,     0.56,     0.38,     2.65,     0.00,     0.01,     0.00,     0.00,     0.00,     0.05,    14.82,  -999.99
cty,46051,WV: Marshall County,1987,09,PRCP,     2.70,     0.00,     0.00,     0.00,     0.00,     7.66,     2.80,    23.51,     3.65,     0.00,     0.00,     2.78,     2.97,     1.61,     0.00,     0.00,     2.19,     9.59,     2.41,     2.83,     0.00,     0.65,     3.53,     0.00,     0.00,     0.00,     0.00,     0.00,     0.00,    20.10,  -999.99
cty,46053,WV: Mason County,1987,09,PRCP,     0.29,     0.00,     0.00,     0.00,     0.00,     3.99,     1.90,    23.92,     0.16,     0.00,     0.00,     9.47,     4.81,     4.63,     0.00,     0.00,     0.03,     7.27,     0.00,     2.84,     0.00,     0.00,     0.03,     0.00,     0.00,     0.00,     0.00,     0.00,     0.00,    21.55,  -999.99
cty,46055,WV: Mercer County,1987,09,PRCP,     0.00,     0.00,     0.00,     0.00,     0.01,    18.57,     6.75,    18.34,     0.69,     0.00,     2.04,     7.02,     6.59,     0.00,     0.00,     0.00,     0.00,     1.70,     0.00,     9.57,     0.00,     0.00,     0.01,     0.00,     0.00,     0.00,     0.00,     0.00,     0.00,     6.20,  -999.99
cty,46057,WV: Mineral County,1987,09,PRCP,     1.14,     0.00,     0.00,     0.00,     0.00,    25.38,    12.28,    46.58,    10.82,     0.00,     0.00,    12.35,    10.75,     0.00,     0.00,     0.00,     2.58,    13.84,     3.27,    12.13,     3.14,     0.16,     0.62,     0.00,     1.07,     0.00,     0.00,     0.00,     0.00,    13.63,  -999.99
cty,46059,WV: Mingo County,1987,09,PRCP,     0.02,     0.00,     0.00,     0.00,     0.00,     5.59,     4.10,    21.04,     0.15,     0.00,     0.00,    18.91,    13.71,     2.48,     0.00,     0.00,     0.00,     2.82,     0.00,     9.45,     0.00,     0.00,     0.00,     0.00,     0.00,     0.00,     0.00,     0.00,     0.00,    16.54,  -999.99
cty,46061,WV: Monongalia County,1987,09,PRCP,     2.43,     0.00,     0.00,     0.00,     0.00,    12.23,     3.00,    16.39,     4.05,     0.00,     0.00,     4.03,     2.61,     1.17,     0.00,     0.00,     0.38,    11.48,     1.95,     4.87,     1.82,     0.58,     4.05,     0.00,     0.10,     0.00,     0.00,     0.00,     0.00,    16.59,  -999.99
cty,46063,WV: Monroe County,1987,09,PRCP,     0.00,     0.00,     0.00,     0.00,     0.00,    22.29,     8.74,    28.96,     1.24,     0.00,     2.48,     7.61,     6.32,     0.00,     0.00,     0.03,     0.00,     2.34,     0.00,    10.77,     0.00,     0.00,     0.00,     0.00,     0.00,     0.00,     0.00,     0.00,     0.00,     6.70,  -999.99
cty,46065,WV: Morgan County,1987,09,PRCP,     0.65,     0.00,     0.00,     0.00,     0.00,    15.91,    10.67,    32.37,    18.79,     0.00,     0.00,    12.81,    11.74,     0.00,     0.00,     0.48,     3.31,    17.93,     2.13,    11.23,     3.49,     0.69,     0.64,     0.00,     0.36,     0.00,     0.00,     0.00,     0.00,    13.39,  -999.99
cty,46067,WV: Nicholas County,1987,09,PRCP,     0.94,     0.00,     0.00,     0.00,     0.00,    12.40,     2.92,    12.25,     3.31,     0.00,     0.48,    20.44,    15.70,     0.83,     0.00,     0.00,     0.11,    10.55,     0.10,     8.47,     0.00,     0.00,     1.36,     0.00,     0.00,     0.00,     0.00,     0.00,     0.02,    13.22,  -999.99
cty,46069,WV: Ohio County,1987,09,PRCP,     3.00,     0.00,     0.00,     0.00,     0.04,     6.22,     2.90,    19.95,     3.17,     0.00,     0.00,     2.56,     2.43,     0.00,     0.00,     0.03,     2.09,    10.07,     3.02,     2.21,     0.00,     0.70,     3.27,     0.00,     0.00,     0.00,     0.00,     0.00,     0.08,    16.40,  -999.99
cty,46071,WV: Pendleton County,1987,09,PRCP,     0.09,     0.00,     0.00,     0.00,     1.28,    39.65,    12.48,    65.81,     5.73,     0.00,     2.21,    14.18,    10.79,     0.03,     0.00,     0.00,     0.61,     8.04,     2.48,    19.96,     1.50,     0.00,     0.56,     0.00,     0.00,     0.00,     0.00,     0.00,     0.04,    14.75,  -999.99
cty,46073,WV: Pleasants County,1987,09,PRCP,     1.38,     0.00,     0.00,     0.00,     0.00,     5.26,     1.32,    24.00,     2.39,     0.00,     0.00,     3.31,     3.44,     3.08,     0.00,     0.00,     1.28,     5.73,     0.00,     2.24,     0.00,     0.00,     2.07,     0.00,     0.00,     0.00,     0.00,     0.00,     0.00,    18.80,  -999.99
cty,46075,WV: Pocahontas County,1987,09,PRCP,     0.38,     0.00,     0.00,     0.00,     0.00,    39.25,     9.94,    54.64,     3.11,     0.00,     8.01,    17.51,    10.28,     0.44,     0.00,     0.00,     0.32,     8.69,     0.63,    18.63,     0.18,     0.00,     1.73,     0.00,     0.00,     0.00,     0.00,     0.00,     0.00,    20.62,  -999.99
cty,46077,WV: Preston County,1987,09,PRCP,     3.03,     0.00,     0.00,     0.00,     0.00,    16.03,     3.56,    16.81,     7.63,     0.01,     0.00,    11.62,     6.66,     1.17,     0.00,     0.00,     0.03,    17.82,     2.19,     8.20,     3.11,     0.85,     6.97,     0.00,     0.26,     0.00,     0.00,     0.00,     0.00,    22.06,  -999.99
cty,46079,WV: Putnam County,1987,09,PRCP,     1.23,     0.00,     0.00,     0.00,     0.00,     7.14,     2.79,    35.17,     0.96,     0.00,     0.00,    15.69,     8.55,     5.48,     0.00,     0.00,     0.00,     8.89,     0.00,     5.91,     0.00,     0.00,     0.00,     0.00,     0.00,     0.00,     0.00,     0.00,     0.00,    24.78,  -999.99
cty,46081,WV: Raleigh County,1987,09,PRCP,     0.01,     0.00,     0.00,     0.00,     0.00,    14.98,     5.07,    16.51,     1.37,     0.00,     1.45,    12.52,     8.35,     0.19,     0.00,     0.00,     0.00,     3.41,     0.00,    10.43,     0.00,     0.00,     0.00,     0.00,     0.00,     0.00,     0.00,     0.00,     0.00,     9.67,  -999.99
cty,46083,WV: Randolph County,1987,09,PRCP,     1.48,     0.00,     0.00,     0.00,     0.00,    21.28,     4.72,    24.46,     5.73,     0.00,     0.14,    21.13,    19.07,     1.99,     0.00,     0.00,     0.41,    17.93,     1.78,    11.20,     0.99,     0.09,     5.17,     0.00,     0.00,     0.00,     0.00,     0.00,     0.00,    25.43,  -999.99
cty,46085,WV: Ritchie County,1987,09,PRCP,     1.50,     0.00,     0.00,     0.00,     0.00,     7.90,     1.63,    27.47,     2.68,     0.00,     0.00,     4.80,     4.40,     3.44,     0.00,     0.00,     0.92,     8.05,     0.00,     3.71,     0.01,     0.00,     1.82,     0.00,     0.00,     0.00,     0.00,     0.00,     0.00,    20.92,  -999.99
cty,46087,WV: Roane County,1987,09,PRCP,     1.35,     0.00,     0.00,     0.00,     0.00,    10.25,     2.11,    33.87,     2.24,     0.00,     0.00,    10.61,     7.02,     4.02,     0.00,     0.00,     0.00,    10.17,     0.01,     6.00,     0.00,     0.01,     0.72,     0.00,     0.00,     0.00,     0.00,     0.00,     0.00,    21.41,  -999.99
cty,46089,WV: Summers County,1987,09,PRCP,     0.00,     0.00,     0.00,     0.00,     0.00,    21.71,     6.83,    24.35,     0.91,     0.00,     3.21,     7.71,     5.06,     0.00,     0.00,     0.03,     0.00,     2.23,     0.00,     9.95,     0.00,     0.00,     0.01,     0.00,     0.00,     0.00,     0.00,     0.00,     0.00,     6.83,  -999.99
cty,46091,WV: Taylor County,1987,09,PRCP,     2.12,     0.00,     0.00,     0.00,     0.00,    13.12,     2.40,    14.97,     4.50,     0.00,     0.00,     6.23,     4.73,     1.43,     0.00,     0.00,     0.39,    13.45,     1.34,     6.35,     2.03,     0.56,     4.61,     0.00,     0.00,     0.00,     0.00,     0.00,     0.00,    18.99,  -999.99
cty,46093,WV: Tucker County,1987,09,PRCP,     1.97,     0.00,     0.00,     0.00,     0.00,    22.12,     6.13,    28.01,     6.74,     0.00,     0.09,    16.36,    11.26,     0.85,     0.00,     0.00,     0.50,    16.15,     2.24,    10.96,     1.85,     0.47,     5.14,     0.00,     0.20,     0.00,     0.00,     0.00,     0.00,    21.80,  -999.99
cty,46095,WV: Tyler County,1987,09,PRCP,     2.06,     0.00,     0.00,     0.00,     0.06,     8.47,     2.21,    30.79,     3.85,     0.04,     0.00,     3.64,     4.17,     3.35,     0.00,     0.00,     2.07,     8.77,     1.26,     3.62,     0.00,     0.04,     3.07,     0.00,     0.00,     0.00,     0.00,     0.00,     0.00,    25.01,  -999.99
cty,46097,WV: Upshur County,1987,09,PRCP,     1.50,     0.00,     0.00,     0.00,     0.00,    12.40,     1.97,    12.62,     4.85,     0.00,     0.00,    15.31,    15.11,     1.79,     0.00,     0.00,     0.27,    17.11,     1.00,     6.64,     0.94,     0.01,     4.35,     0.00,     0.00,     0.00,     0.00,     0.00,     0.00,    20.40,  -999.99
cty,46099,WV: Wayne County,1987,09,PRCP,     0.82,     0.00,     0.00,     0.00,     0.00,     2.15,     2.80,    16.77,     0.00,     0.00,     0.00,    16.92,     8.28,     3.84,     0.00,     0.00,     0.00,     4.38,     0.04,     4.20,     0.00,     0.00,     0.00,     0.00,     0.00,     0.00,     0.00,     0.00,     0.00,    21.36,  -999.99
cty,46101,WV: Webster County,1987,09,PRCP,     1.25,     0.00,     0.00,     0.00,     0.00,    15.03,     3.17,    13.50,     4.75,     0.00,     0.31,    25.21,    24.31,     1.86,     0.00,     0.00,     0.54,    15.90,     0.88,     8.94,     0.55,     0.00,     3.48,     0.00,     0.00,     0.00,     0.00,     0.00,     0.00,    20.06,  -999.99
cty,46103,WV: Wetzel County,1987,09,PRCP,     2.18,     0.00,     0.00,     0.00,     0.01,     8.91,     2.53,    25.17,     3.69,     0.00,     0.00,     2.88,     3.18,     2.27,     0.00,     0.00,     2.01,     8.78,     1.71,     3.55,     0.00,     0.14,     3.11,     0.00,     0.00,     0.00,     0.00,     0.00,     0.00,    21.07,  -999.99
cty,46105,WV: Wirt County,1987,09,PRCP,     1.62,     0.00,     0.00,     0.00,     0.00,     8.50,     1.87,    35.79,     2.43,     0.08,     0.00,     8.09,     6.28,     4.96,     0.00,     0.00,     0.00,     9.63,     0.00,     4.34,     0.00,     0.00,     1.36,     0.00,     0.00,     0.00,     0.00,     0.00,     0.00,    25.21,  -999.99
cty,46107,WV: Wood County,1987,09,PRCP,     0.99,     0.00,     0.00,     0.00,     0.00,     3.72,     1.06,    20.43,     1.33,     0.00,     0.00,     4.14,     3.36,     3.19,     0.00,     0.00,     0.15,     5.03,     0.01,     1.77,     0.00,     0.00,     1.16,     0.00,     0.00,     0.00,     0.00,     0.00,     0.00,    16.33,  -999.99
cty,46109,WV: Wyoming County,1987,09,PRCP,     0.00,     0.00,     0.00,     0.00,     0.00,    13.69,     6.24,    22.25,     1.75,     0.00,     0.34,    16.07,    12.33,     0.29,     0.00,     0.00,     0.03,     3.11,     0.02,    13.29,     0.00,     0.00,     0.01,     0.00,     0.00,     0.00,     0.00,     0.00,     0.00,    12.78,  -999.99
cty,47001,WI: Adams County,1987,09,PRCP,     0.00,     1.26,     0.00,     0.00,     0.00,     0.00,     0.00,     3.78,     0.00,     0.00,     0.76,     0.02,     2.95,     0.47,     2.22,    10.99,    24.71,    10.12,     6.29,     4.64,     3.03,     0.38,     0.00,     0.00,     0.00,     0.00,     0.00,     0.00,     0.00,     0.00,  -999.99
cty,47003,WI: Ashland County,1987,09,PRCP,     0.00,     0.08,     0.00,     0.01,     0.00,    16.13,     0.00,     3.24,     0.65,     0.00,    11.12,     2.56,     6.02,     0.00,     0.00,     0.00,     8.22,    11.37,    11.96,     6.07,     5.59,     0.08,     0.00,     0.00,     0.00,     0.00,     0.00,     0.00,     0.00,     0.75,  -999.99
cty,47005,WI: Barron County,1987,09,PRCP,     0.00,     0.00,     0.00,     0.00,     0.00,    15.36,     0.00,     2.15,     0.00,     0.40,     7.68,     2.57,     3.32,     0.00,     0.00,     0.40,    17.22,    14.07,     8.04,     8.21,     3.88,     0.00,     0.00,     0.00,     0.00,     0.00,     0.00,     0.00,     1.82,     0.00,  -999.99
cty,47007,WI: Bayfield County,1987,09,PRCP,     0.00,     0.08,     0.00,     0.23,     0.00,    15.34,     0.00,     2.12,     0.22,     0.31,     8.13,     1.91,     3.42,     0.00,     0.00,     0.00,     4.82,    10.57,    10.61,     8.13,     2.75,     0.00,     0.00,     0.00,     0.00,     0.00,     0.00,     0.00,     0.64,     0.22,  -999.99
cty,47009,WI: Brown County,1987,09,PRCP,     0.00,     3.05,     0.00,     0.00,     0.00,     0.00,     0.00,     0.00,     0.00,     0.00,     2.18,     2.26,     2.36,     0.58,     1.17,     3.83,    20.15,    10.90,    11.31,     3.65,     5.05,     1.51,     0.00,     0.00,     0.00,     0.00,     0.00,     0.00,     1.91,     0.79,  -999.99
cty,47011,WI: Buffalo County,1987,09,PRCP,     0.00,     0.00,     0.00,     0.00,     0.00,    15.51,     0.00,     3.79,     0.00,     0.00,     4.94,     1.72,     3.21,     0.00,     0.20,     5.03,    10.85,     6.81,     4.54,     7.57,     4.14,     0.17,     0.00,     0.00,     0.00,     0.00,     0.00,     0.00,     0.00,     0.00,  -999.99
cty,47013,WI: Burnett County,1987,09,PRCP,     0.00,     0.00,     0.00,     0.00,     0.10,    10.35,     0.00,     1.89,     0.00,     1.96,     8.46,     3.24,     2.97,     0.00,     0.00,     0.00,    14.93,    17.01,    11.21,    10.03,     3.44,     0.00,     0.00,     0.00,     0.00,     0.00,     0.00,     0.00,     1.91,     0.00,  -999.99
cty,47015,WI: Calumet County,1987,09,PRCP,     0.05,     0.56,     0.00,     0.00,     0.00,     0.00,     0.00,     0.00,     0.00,     0.04,     2.35,     2.47,     2.72,     1.79,     2.14,     6.80,    18.45,    10.19,     9.50,     4.44,     5.17,     1.61,     0.00,     0.00,     0.00,     0.00,     0.00,     0.06,     1.94,     0.67,  -999.99
cty,47017,WI: Chippewa County,1987,09,PRCP,     0.00,     0.00,     0.00,     0.00,     0.00,    14.56,     0.00,     3.52,     0.00,     0.00,     5.61,     1.47,     2.49,     0.00,     0.00,     1.12,    15.34,     9.68,     6.37,     4.43,     3.73,     0.00,     0.00,     0.00,     0.00,     0.00,     0.00,     0.00,     1.23,     0.00,  -999.99
cty,47019,WI: Clark County,1987,09,PRCP,     0.00,     0.00,     0.00,     0.00,     0.00,     4.69,     0.00,     5.81,     0.00,     0.00,     2.61,     0.01,     2.43,     0.00,     0.00,     2.17,    16.61,     8.41,     5.63,     3.03,     2.32,     0.00,     0.00,     0.00,     0.00,     0.00,     0.00,     0.00,     0.21,     0.00,  -999.99
cty,47021,WI: Columbia County,1987,09,PRCP,     0.00,     2.27,     0.00,     0.00,     0.00,     0.32,     1.63,     3.47,     0.00,     0.00,     1.39,     2.70,     4.64,     4.58,     5.75,    21.84,    32.39,    13.97,     8.08,     8.38,     4.21,     1.47,     0.00,     0.00,     0.00,     0.00,     0.00,     0.00,     1.65,     0.00,  -999.99
cty,47023,WI: Crawford County,1987,09,PRCP,     0.00,     0.00,     0.00,     0.00,     0.00,     1.79,     0.03,     5.59,     0.00,     0.00,     1.16,     0.00,     6.25,     3.17,     3.05,     8.16,    19.85,     3.39,     2.14,     5.65,     2.99,     0.70,     0.00,     0.00,     0.00,     0.00,     0.00,     0.00,     0.00,     0.00,  -999.99
cty,47025,WI: Dane County,1987,09,PRCP,     0.00,     1.25,     0.00,     0.00,     0.00,     0.00,     2.31,     3.99,     0.00,     0.00,     0.28,     1.86,     3.99,     5.47,     6.61,    20.13,    24.42,    10.74,     5.33,     6.97,     2.45,     1.51,     0.00,     0.00,     0.00,     0.00,     0.00,     0.05,     3.08,     0.00,  -999.99
cty,47027,WI: Dodge County,1987,09,PRCP,     0.26,     2.29,     0.00,     0.00,     0.00,     0.00,     2.30,     3.07,     0.00,     0.00,     2.02,     3.32,     3.73,     4.06,     6.19,    13.69,    23.84,    11.23,     7.62,     7.27,     4.66,     2.07,     0.00,     0.00,     0.00,     0.00,     0.00,     0.43,     3.16,     0.00,  -999.99
cty,47029,WI: Door County,1987,09,PRCP,     0.03,     9.51,     0.00,     0.00,     0.00,     0.00,     0.52,     0.00,     0.00,     0.00,     3.07,     4.95,     5.50,     0.00,     0.00,     0.00,    28.53,    16.82,    22.44,     8.40,     8.11,     2.40,     0.00,     0.00,     0.00,     0.00,     0.00,     0.00,     3.86,     2.04,  -999.99
cty,47031,WI: Douglas County,1987,09,PRCP,     0.00,     0.00,     0.00,     0.01,     0.88,    10.32,     0.00,     1.62,     0.00,     2.25,     5.89,     1.49,     1.97,     0.00,     0.00,     0.00,     4.63,    11.45,     9.58,     8.21,     1.85,     0.00,     0.00,     0.00,     0.00,     0.00,     0.00,     0.00,     1.17,     0.01,  -999.99
cty,47033,WI: Dunn County,1987,09,PRCP,     0.00,     0.00,     0.00,     0.00,     0.00,    13.45,     0.00,     2.09,     0.00,     0.00,     6.23,     2.03,     2.64,     0.00,     0.00,     2.23,    12.91,     9.74,     5.24,     6.91,     3.58,     0.00,     0.00,     0.00,     0.00,     0.00,     0.00,     0.00,     1.00,     0.00,  -999.99
cty,47035,WI: Eau Claire County,1987,09,PRCP,     0.00,     0.00,     0.00,     0.00,     0.00,     9.90,     0.00,     3.04,     0.00,     0.00,     3.46,     0.67,     2.02,     0.00,     0.00,     2.84,    11.68,     7.27,     4.58,     4.05,     2.85,     0.00,     0.00,     0.00,     0.00,     0.00,     0.00,     0.00,     0.10,     0.00,  -999.99
cty,47037,WI: Florence County,1987,09,PRCP,     0.00,     2.54,     0.00,     0.00,     0.00,     0.00,     0.00,     0.00,     0.00,     0.00,     1.03,     3.27,     6.64,     0.00,     0.00,     0.00,    15.93,     7.06,    14.27,     2.90,     3.45,     0.89,     0.00,     0.00,     0.00,     0.00,     0.08,     0.00,     0.04,     0.95,  -999.99
cty,47039,WI: Fond du Lac County,1987,09,PRCP,     0.00,     1.40,     0.00,     0.00,     0.00,     0.00,     0.18,     1.07,     0.00,     0.00,     2.18,     2.86,     3.11,     2.69,     3.82,     9.15,    19.62,    10.50,     8.29,     5.49,     4.92,     1.90,     0.00,     0.00,     0.00,     0.00,     0.00,     0.00,     2.03,     0.01,  -999.99
cty,47041,WI: Forest County,1987,09,PRCP,     0.00,     2.85,     0.00,     0.00,     0.00,     0.00,     0.00,     0.06,     0.06,     0.00,     2.09,     2.53,     6.12,     0.00,     0.00,     0.00,    18.00,     8.01,    12.39,     2.23,     2.65,     0.59,     0.00,     0.00,     0.00,     0.00,     0.00,     0.00,     0.26,     0.86,  -999.99
cty,47043,WI: Grant County,1987,09,PRCP,     0.00,     0.00,     0.00,     0.00,     0.00,     1.23,     0.52,     5.87,     0.00,     0.00,     0.95,     0.00,     4.26,     3.59,     5.93,     8.05,    22.88,     3.32,     1.69,     4.50,     3.64,     0.92,     0.00,     0.00,     0.00,     0.00,     0.00,     0.00,     1.45,     0.00,  -999.99
cty,47045,WI: Green County,1987,09,PRCP,     0.00,     0.30,     0.00,     0.00,     0.00,     0.01,     1.97,     3.45,     0.00,     0.00,     0.04,     0.41,     2.12,     3.76,     5.12,    11.70,    13.92,     6.09,     2.28,     3.49,     1.46,     1.05,     0.00,     0.00,     0.00,     0.00,     0.00,     0.18,     3.05,     0.00,  -999.99
cty,47047,WI: Green Lake County,1987,09,PRCP,     0.00,     2.92,     0.00,     0.00,     0.00,     0.46,     0.00,     2.05,     0.00,     0.00,     2.08,     2.61,     3.62,     2.98,     3.68,    12.63,    30.73,    14.13,     8.66,     6.32,     4.58,     1.50,     0.00,     0.00,     0.00,     0.00,     0.00,     0.00,     0.22,     0.00,  -999.99
cty,47049,WI: Iowa County,1987,09,PRCP,     0.00,     0.18,     0.00,     0.00,     0.00,     0.17,     1.28,     4.14,     0.00,     0.00,     0.57,     0.00,     3.28,     3.84,     4.69,    13.56,    18.09,     5.65,     2.82,     4.83,     2.43,     0.89,     0.00,     0.00,     0.00,     0.00,     0.00,     0.00,     1.77,     0.00,  -999.99
cty,47051,WI: Iron County,1987,09,PRCP,     0.00,     0.40,     0.00,     0.00,     0.00,    12.37,     0.00,     3.52,     1.30,     0.00,    11.99,     3.14,     8.80,     0.00,     0.00,     0.00,     9.24,    10.90,    13.63,     5.01,     6.91,     0.22,     0.00,     0.00,     0.00,     0.00,     0.00,     0.00,     0.00,     1.41,  -999.99
cty,47053,WI: Jackson County,1987,09,PRCP,     0.00,     0.00,     0.00,     0.00,     0.00,     4.12,     0.00,     3.82,     0.00,     0.00,     1.43,     0.00,     2.18,     0.00,     0.00,     5.22,    13.12,     6.65,     4.36,     3.74,     1.84,     0.00,     0.00,     0.00,     0.00,     0.00,     0.00,     0.00,     0.00,     0.00,  -999.99
cty,47055,WI: Jefferson County,1987,09,PRCP,     0.00,     1.47,     0.00,     0.00,     0.00,     0.00,     3.35,     3.79,     0.13,     0.00,     1.64,     3.62,     3.46,     5.09,     8.26,    15.24,    22.31,     9.12,     6.23,     7.49,     3.66,     2.13,     0.00,     0.00,     0.00,     0.00,     0.00,     0.00,     4.54,     0.00,  -999.99
cty,47057,WI: Juneau County,1987,09,PRCP,     0.00,     0.09,     0.00,     0.00,     0.00,     0.30,     0.01,     3.09,     0.00,     0.00,     0.13,     0.01,     2.47,     0.41,     0.71,     9.57,    16.99,     6.67,     4.82,     4.00,     2.10,     0.16,     0.00,     0.00,     0.00,     0.00,     0.00,     0.00,     0.00,     0.00,  -999.99
cty,47059,WI: Kenosha County,1987,09,PRCP,     0.00,     2.04,     0.00,     0.00,     0.00,     0.00,     2.55,     3.24,     0.00,     0.00,     0.00,     2.24,     1.29,     2.10,     5.43,     7.45,    13.74,     6.18,     3.63,     3.48,     6.10,     2.59,     0.00,     0.00,     0.00,     0.00,     0.00,     0.00,     5.63,     0.00,  -999.99
cty,47061,WI: Kewaunee County,1987,09,PRCP,     0.00,     8.13,     0.00,     0.00,     0.00,     0.00,     0.00,     0.00,     0.00,     0.00,     3.10,     3.58,     3.84,     0.64,     1.56,     2.80,    27.49,    15.95,    17.68,     6.14,     8.19,     2.39,     0.00,     0.00,     0.00,     0.00,     0.00,     0.00,     3.52,     1.29,  -999.99
cty,47063,WI: La Crosse County,1987,09,PRCP,     0.00,     0.00,     0.00,     0.00,     0.00,     4.33,     0.18,     4.28,     0.00,     0.00,     1.46,     0.00,     4.49,     0.67,     0.00,     7.19,    12.60,     4.77,     3.35,     5.23,     2.22,     0.00,     0.00,     0.00,     0.00,     0.00,     0.00,     0.00,     0.00,     0.00,  -999.99
cty,47065,WI: Lafayette County,1987,09,PRCP,     0.00,     0.01,     0.00,     0.00,     0.00,     0.02,     1.35,     4.28,     0.00,     0.00,     0.02,     0.00,     1.79,     3.40,     5.47,     9.27,    13.86,     4.20,     1.52,     3.11,     2.23,     0.94,     0.00,     0.00,     0.00,     0.00,     0.00,     0.00,     2.50,     0.00,  -999.99
cty,47067,WI: Langlade County,1987,09,PRCP,     0.00,     1.94,     0.00,     0.00,     0.00,     0.01,     0.00,     1.41,     0.86,     0.00,     1.93,     1.85,     4.22,     0.00,     0.00,     0.00,    25.02,    11.02,    10.05,     1.87,     2.78,     0.39,     0.00,     0.00,     0.00,     0.00,     0.00,     0.00,     0.07,     0.79,  -999.99
cty,47069,WI: Lincoln County,1987,09,PRCP,     0.00,     0.91,     0.00,     0.00,     0.00,     1.39,     0.00,     4.55,     0.30,     0.00,     2.53,     1.31,     3.81,     0.00,     0.00,     0.00,    14.59,     7.78,     6.51,     1.58,     1.95,     0.00,     0.00,     0.00,     0.00,     0.00,     0.00,     0.00,     0.10,     0.41,  -999.99
cty,47071,WI: Manitowoc County,1987,09,PRCP,     0.01,     5.21,     0.00,     0.00,     0.00,     0.00,     0.00,     0.00,     0.00,     0.01,     3.19,     3.37,     3.61,     2.50,     3.10,     7.48,    25.25,    15.41,    14.55,     6.58,     9.01,     2.57,     0.00,     0.00,     0.00,     0.00,     0.00,     0.01,     3.83,     0.89,  -999.99
cty,47073,WI: Marathon County,1987,09,PRCP,     0.00,     1.43,     0.00,     0.00,     0.00,     1.25,     0.00,     6.84,     0.34,     0.00,     2.23,     1.09,     3.25,     0.00,     0.03,     0.02,    24.69,    11.86,     7.84,     2.34,     2.83,     0.05,     0.00,     0.00,     0.00,     0.00,     0.00,     0.00,     0.17,     0.19,  -999.99
cty,47075,WI: Marinette County,1987,09,PRCP,     0.00,     6.33,     0.00,     0.00,     0.00,     0.00,     0.00,     0.00,     0.02,     0.00,     0.27,     3.06,     4.45,     0.00,     0.00,     0.00,    24.77,    10.44,    15.72,     3.48,     4.57,     1.33,     0.00,     0.00,     0.00,     0.00,     0.00,     0.00,     1.48,     0.99,  -999.99
cty,47077,WI: Marquette County,1987,09,PRCP,     0.00,     4.27,     0.00,     0.00,     0.00,     0.92,     0.00,     3.92,     0.00,     0.00,     1.88,     2.34,     4.12,     2.34,     3.78,    16.28,    38.55,    16.62,     9.19,     7.38,     5.18,     1.18,     0.00,     0.00,     0.00,     0.00,     0.00,     0.00,     0.00,     0.00,  -999.99
cty,47078,WI: Menominee County,1987,09,PRCP,     0.00,     2.84,     0.00,     0.00,     0.00,     0.00,     0.00,     0.00,     0.55,     0.00,     1.50,     2.07,     3.22,     0.00,     0.00,     0.00,    38.37,    16.51,    13.13,     2.35,     4.53,     1.05,     0.00,     0.00,     0.00,     0.00,     0.00,     0.00,     0.00,     0.90,  -999.99
cty,47079,WI: Milwaukee County,1987,09,PRCP,     0.00,     5.25,     0.00,     0.00,     0.00,     0.00,     2.30,     3.34,     0.00,     0.00,     1.24,     2.65,     2.19,     2.83,     6.86,     8.61,    12.99,     8.07,     5.54,     5.43,     8.36,     2.72,     0.00,     0.00,     0.00,     0.00,     0.00,     0.00,     5.14,     0.00,  -999.99
cty,47081,WI: Monroe County,1987,09,PRCP,     0.00,     0.00,     0.00,     0.00,     0.00,     2.16,     0.05,     3.54,     0.00,     0.00,     0.30,     0.06,     2.92,     0.62,     0.00,     8.04,    14.33,     5.48,     4.05,     4.25,     1.67,     0.00,     0.00,     0.00,     0.00,     0.00,     0.00,     0.00,     0.00,     0.00,  -999.99
cty,47083,WI: Oconto County,1987,09,PRCP,     0.00,     6.15,     0.00,     0.00,     0.00,     0.00,     0.11,     0.00,     0.11,     0.00,     1.07,     2.36,     3.01,     0.00,     0.00,     0.00,    30.46,    13.36,    14.64,     2.73,     4.64,     1.47,     0.00,     0.00,     0.00,     0.00,     0.00,     0.00,     1.36,     0.88,  -999.99
cty,47085,WI: Oneida County,1987,09,PRCP,     0.00,     1.15,     0.00,     0.00,     0.01,     1.55,     0.00,     2.05,     0.32,     0.01,     3.28,     1.83,     5.28,     0.00,     0.00,     0.01,    11.23,     6.54,     8.01,     1.68,     1.78,     0.00,     0.00,     0.00,     0.00,     0.00,     0.01,     0.00,     0.01,     0.67,  -999.99
cty,47087,WI: Outagamie County,1987,09,PRCP,     0.05,     0.57,     0.00,     0.00,     0.03,     0.00,     0.00,     0.08,     0.31,     0.05,     1.67,     1.67,     1.63,     0.25,     1.01,     3.14,    20.97,    10.99,     8.67,     2.46,     3.35,     1.13,     0.00,     0.00,     0.00,     0.00,     0.00,     0.00,     0.26,     0.61,  -999.99
cty,47089,WI: Ozaukee County,1987,09,PRCP,     0.00,     6.81,     0.00,     0.00,     0.00,     0.00,     1.98,     3.58,     0.00,     0.00,     2.36,     3.23,     3.21,     3.48,     6.86,     9.78,    17.12,    11.66,     8.64,     7.15,     9.69,     3.03,     0.00,     0.00,     0.00,     0.00,     0.00,     0.00,     5.07,     0.00,  -999.99
cty,47091,WI: Pepin County,1987,09,PRCP,     0.00,     0.00,     0.00,     0.00,     0.00,    16.40,     0.00,     2.70,     0.00,     0.00,     6.46,     2.34,     2.59,     0.00,     0.00,     3.65,    10.66,     7.25,     4.57,     7.85,     4.20,     0.00,     0.00,     0.00,     0.00,     0.00,     0.00,     0.00,     0.00,     0.00,  -999.99
cty,47093,WI: Pierce County,1987,09,PRCP,     0.00,     0.00,     0.00,     0.00,     0.00,     8.51,     0.00,     1.69,     0.00,     0.00,     5.62,     2.41,     2.84,     0.00,     0.00,     2.23,     8.48,     5.51,     3.68,     6.50,     2.72,     0.00,     0.00,     0.00,     0.00,     0.00,     0.00,     0.00,     0.02,     0.00,  -999.99
cty,47095,WI: Polk County,1987,09,PRCP,     0.00,     0.00,     0.00,     0.00,     0.00,    10.10,     0.00,     1.87,     0.00,     0.00,     9.00,     3.89,     4.00,     0.00,     0.00,     1.03,    18.22,    15.31,     9.29,    10.01,     3.81,     0.00,     0.00,     0.00,     0.00,     0.00,     0.00,     0.00,     1.90,     0.00,  -999.99
cty,47097,WI: Portage County,1987,09,PRCP,     0.00,     2.53,     0.00,     0.00,     0.00,     0.28,     0.01,     5.83,     0.13,     0.00,     1.66,     1.30,     2.60,     0.00,     0.39,     2.69,    29.91,    13.92,     8.20,     2.91,     3.31,     0.32,     0.00,     0.00,     0.00,     0.00,     0.00,     0.00,     0.02,     0.02,  -999.99
cty,47099,WI: Price County,1987,09,PRCP,     0.00,     0.16,     0.00,     0.00,     0.00,     9.07,     0.00,     5.45,     0.00,     0.00,     6.41,     2.00,     5.39,     0.00,     0.00,     0.00,    12.84,     9.63,     8.11,     2.91,     3.55,     0.00,     0.00,     0.00,     0.00,     0.00,     0.00,     0.00,     0.00,     0.08,  -999.99
cty,47101,WI: Racine County,1987,09,PRCP,     0.00,     2.92,     0.00,     0.00,     0.00,     0.00,     2.27,     2.98,     0.03,     0.00,     0.00,     2.27,     1.49,     2.19,     5.82,     7.40,    11.84,     5.96,     3.81,     3.92,     6.35,     2.36,     0.00,     0.00,     0.00,     0.00,     0.00,     0.00,     4.86,     0.00,  -999.99
cty,47103,WI: Richland County,1987,09,PRCP,     0.00,     0.06,     0.00,     0.00,     0.00,     1.18,     0.00,     4.39,     0.00,     0.00,     0.22,     0.00,     4.19,     2.94,     2.12,    10.91,    18.54,     5.04,     3.01,     5.25,     2.09,     0.57,     0.00,     0.00,     0.00,     0.00,     0.00,     0.00,     0.17,     0.00,  -999.99
cty,47105,WI: Rock County,1987,09,PRCP,     0.01,     0.39,     0.00,     0.00,     0.00,     0.04,     2.71,     2.91,     0.00,     0.00,     0.07,     1.94,     1.94,     3.30,     4.89,     9.74,    14.35,     5.67,     2.74,     3.50,     1.33,     1.17,     0.00,     0.00,     0.00,     0.00,     0.00,     0.25,     3.67,     0.00,  -999.99
cty,47107,WI: Rusk County,1987,09,PRCP,     0.00,     0.00,     0.00,     0.00,     0.00,    18.89,     0.00,     4.32,     0.00,     0.00,     8.00,     2.18,     3.69,     0.00,     0.00,     0.00,    17.25,    12.55,     8.75,     5.10,     4.34,     0.00,     0.00,     0.00,     0.00,     0.00,     0.00,     0.00,     1.25,     0.00,  -999.99
cty,47109,WI: St. Croix County,1987,09,PRCP,     0.00,     0.00,     0.00,     0.00,     0.00,     7.22,     0.00,     0.97,     0.00,     0.01,     6.32,     2.78,     3.24,     0.00,     0.00,     1.88,    11.19,     8.06,     4.85,     6.91,     2.83,     0.02,     0.00,     0.00,     0.00,     0.00,     0.00,     0.00,     0.89,     0.02,  -999.99
cty,47111,WI: Sauk County,1987,09,PRCP,     0.00,     0.12,     0.00,     0.00,     0.00,     0.05,     0.78,     3.96,     0.00,     0.07,     0.01,     0.21,     4.48,     3.65,     4.28,    20.69,    26.75,     9.77,     5.96,     7.15,     3.19,     0.81,     0.00,     0.00,     0.00,     0.00,     0.00,     0.00,     0.50,     0.00,  -999.99
cty,47113,WI: Sawyer County,1987,09,PRCP,     0.00,     0.00,     0.00,     0.00,     0.00,    14.44,     0.07,     2.52,     0.00,     0.00,     6.74,     1.83,     3.18,     0.00,     0.00,     0.07,     9.32,     9.56,     7.19,     4.48,     2.77,     0.02,     0.00,     0.00,     0.00,     0.00,     0.02,     0.00,     0.70,     0.00,  -999.99
cty,47115,WI: Shawano County,1987,09,PRCP,     0.00,     1.93,     0.00,     0.00,     0.04,     0.00,     0.06,     0.54,     1.15,     0.13,     1.72,     1.83,     2.41,     0.14,     0.02,     0.00,    34.30,    15.92,    11.29,     2.31,     4.17,     1.01,     0.00,     0.00,     0.00,     0.00,     0.00,     0.00,     0.33,     0.81,  -999.99
cty,47117,WI: Sheboygan County,1987,09,PRCP,     0.00,     5.03,     0.00,     0.00,     0.00,     0.00,     0.11,     1.89,     0.00,     0.00,     2.80,     3.32,     3.46,     3.17,     5.06,     9.30,    20.47,    13.30,    10.99,     7.00,     9.15,     2.80,     0.00,     0.00,     0.00,     0.00,     0.00,     0.00,     4.22,     0.00,  -999.99
cty,47119,WI: Taylor County,1987,09,PRCP,     0.00,     0.12,     0.00,     0.00,     0.00,     7.97,     0.00,     7.14,     0.00,     0.00,     4.97,     1.51,     3.92,     0.00,     0.00,     0.00,    17.94,    10.21,     7.39,     2.93,     3.46,     0.00,     0.00,     0.00,     0.00,     0.00,     0.00,     0.00,     0.45,     0.00,  -999.99
cty,47121,WI: Trempealeau County,1987,09,PRCP,     0.00,     0.00,     0.00,     0.00,     0.01,     9.95,     0.02,     4.14,     0.00,     0.00,     2.70,     0.10,     3.29,     0.00,     0.03,     5.65,    12.34,     7.30,     4.59,     5.75,     3.12,     0.00,     0.00,     0.00,     0.00,     0.00,     0.00,     0.00,     0.00,     0.00,  -999.99
cty,47123,WI: Vernon County,1987,09,PRCP,     0.00,     0.00,     0.00,     0.00,     0.00,     2.01,     0.80,     4.15,     0.00,     0.00,     0.54,     0.11,     4.78,     2.24,     0.05,     8.08,    14.81,     4.03,     2.74,     4.86,     1.79,     0.09,     0.00,     0.00,     0.00,     0.00,     0.00,     0.01,     0.00,     0.00,  -999.99
cty,47125,WI: Vilas County,1987,09,PRCP,     0.00,     1.59,     0.00,     0.00,     0.00,     2.79,     0.00,     1.23,     0.58,     0.00,     5.25,     2.60,     7.91,     0.00,     0.00,     0.00,     8.95,     6.40,    10.72,     2.47,     2.15,     0.01,     0.00,     0.00,     0.00,     0.00,     0.00,     0.00,     0.00,     0.88,  -999.99
cty,47127,WI: Walworth County,1987,09,PRCP,     0.00,     0.74,     0.00,     0.00,     0.00,     0.00,     2.73,     2.61,     0.00,     0.00,     0.11,     2.26,     1.54,     2.53,     4.90,     7.60,    12.68,     4.62,     3.00,     3.55,     2.43,     1.58,     0.00,     0.00,     0.00,     0.00,     0.00,     0.00,     3.82,     0.00,  -999.99
cty,47129,WI: Washburn County,1987,09,PRCP,     0.00,     0.00,     0.00,     0.00,     0.00,    13.63,     0.00,     1.73,     0.00,     0.38,     7.32,     2.25,     2.73,     0.00,     0.00,     0.00,    10.82,    13.17,     8.73,     7.95,     2.77,     0.00,     0.00,     0.00,     0.00,     0.00,     0.00,     0.00,     1.49,     0.00,  -999.99
cty,47131,WI: Washington County,1987,09,PRCP,     0.06,     4.85,     0.00,     0.00,     0.00,     0.00,     2.51,     3.34,     0.00,     0.00,     2.25,     3.55,     3.55,     3.74,     6.97,    11.19,    18.37,    10.90,     8.15,     7.43,     7.49,     2.73,     0.00,     0.00,     0.00,     0.00,     0.00,     0.10,     4.24,     0.00,  -999.99
cty,47133,WI: Waukesha County,1987,09,PRCP,     0.05,     3.73,     0.00,     0.00,     0.00,     0.00,     3.11,     3.78,     0.00,     0.00,     1.62,     3.60,     2.95,     3.88,     8.23,    11.82,    17.67,     8.75,     6.25,     6.98,     6.56,     2.73,     0.00,     0.00,     0.00,     0.00,     0.00,     0.12,     5.15,     0.00,  -999.99
cty,47135,WI: Waupaca County,1987,09,PRCP,     0.00,     1.93,     0.00,     0.00,     0.06,     0.00,     0.05,     0.97,     0.38,     0.00,     1.40,     1.45,     1.72,     0.00,     0.21,     1.86,    27.78,    13.85,     8.41,     2.35,     3.16,     0.89,     0.00,     0.00,     0.00,     0.00,     0.00,     0.00,     0.12,     0.62,  -999.99
cty,47137,WI: Waushara County,1987,09,PRCP,     0.00,     2.79,     0.00,     0.00,     0.00,     0.00,     0.00,     2.61,     0.00,     0.00,     1.38,     1.61,     2.29,     0.29,     1.93,     6.53,    26.93,    12.72,     7.25,     3.73,     3.26,     0.84,     0.00,     0.00,     0.00,     0.00,     0.00,     0.00,     0.00,     0.00,  -999.99
cty,47139,WI: Winnebago County,1987,09,PRCP,     0.00,     0.54,     0.00,     0.00,     0.00,     0.00,     0.00,     0.00,     0.44,     0.00,     1.70,     1.99,     2.08,     1.69,     1.98,     5.53,    19.80,    10.41,     7.67,     3.42,     3.30,     1.36,     0.00,     0.00,     0.00,     0.00,     0.00,     0.00,     0.02,     0.41,  -999.99
cty,47141,WI: Wood County,1987,09,PRCP,     0.00,     1.30,     0.00,     0.00,     0.00,     1.48,     0.10,     6.63,     0.17,     0.00,     1.47,     0.18,     2.34,     0.00,     0.35,     3.68,    22.11,     9.96,     6.27,     2.96,     2.48,     0.00,     0.00,     0.00,     0.00,     0.00,     0.00,     0.00,     0.00,     0.00,  -999.99
cty,48001,WY: Albany County,1987,09,PRCP,     0.00,     0.05,     0.00,     0.15,     3.52,     0.00,     0.05,     0.00,     0.00,     0.07,     0.00,     0.00,     0.00,     0.00,     1.44,     1.01,     3.50,     0.05,     0.00,     0.00,     0.00,     0.00,     0.00,     0.00,     0.00,     0.00,     0.00,     0.00,     0.00,     0.00,  -999.99
cty,48003,WY: Big Horn County,1987,09,PRCP,     0.00,     0.15,     0.49,     1.59,     6.28,     1.57,     2.15,     0.01,     0.39,     0.02,     0.01,     0.00,     0.07,     0.00,     0.00,     2.45,     2.20,     0.62,     0.00,     0.00,     0.00,     0.00,     0.00,     0.00,     0.00,     0.00,     0.00,     0.00,     0.00,     0.01,  -999.99
cty,48005,WY: Campbell County,1987,09,PRCP,     0.00,     0.00,     0.00,     5.49,    15.11,     0.00,     5.37,     0.00,     0.00,     0.00,     0.96,     0.00,     0.00,     0.00,     0.00,     0.00,     2.25,     0.00,     0.00,     0.00,     0.00,     0.00,     0.00,     0.00,     0.00,     0.00,     0.00,     0.00,     0.00,     0.00,  -999.99
cty,48007,WY: Carbon County,1987,09,PRCP,     0.00,     0.01,     0.00,     1.28,     6.22,     0.01,     0.00,     0.00,     0.00,     0.00,     0.00,     0.00,     0.00,     0.00,     0.24,     0.06,     1.42,     0.00,     0.00,     0.00,     0.00,     0.00,     0.00,     0.00,     0.00,     0.00,     0.00,     0.00,     0.00,     0.00,  -999.99
cty,48009,WY: Converse County,1987,09,PRCP,     0.00,     0.00,     0.00,     5.66,    10.71,     0.00,     1.55,     0.00,     0.01,     0.00,     0.00,     0.00,     0.00,     0.00,     0.00,     0.03,     3.82,     0.01,     0.00,     0.00,     0.00,     0.00,     0.00,     0.00,     0.00,     0.00,     0.00,     0.00,     0.00,     0.00,  -999.99
cty,48011,WY: Crook County,1987,09,PRCP,     0.00,     0.00,     0.00,     5.00,    20.50,     0.54,     4.83,     0.00,     0.00,     0.00,     3.93,     0.00,     0.00,     0.00,     0.00,     0.00,     0.40,     0.00,     0.00,     0.00,     0.00,     0.00,     0.00,     0.00,     0.00,     0.00,     0.00,     0.00,     0.00,     0.00,  -999.99
cty,48013,WY: Fremont County,1987,09,PRCP,     0.00,     0.00,     0.70,     4.09,     5.26,     0.01,     0.00,     0.00,     0.00,     0.00,     0.00,     0.00,     0.00,     0.00,     0.00,     0.02,     0.67,     0.02,     0.00,     0.00,     0.02,     0.00,     0.00,     0.00,     0.00,     0.00,     0.00,     0.00,     0.00,     0.00,  -999.99
cty,48015,WY: Goshen County,1987,09,PRCP,     0.00,     0.04,     0.00,     5.00,     1.30,     0.00,     0.00,     0.00,     0.01,     0.02,     0.60,     0.00,     0.00,     0.02,     0.95,     1.99,     2.05,     0.05,     0.00,     0.00,     0.00,     0.00,     0.00,     0.00,     0.00,     0.00,     0.00,     0.00,     0.00,     0.00,  -999.99
cty,48017,WY: Hot Springs County,1987,09,PRCP,     0.00,     0.00,     0.72,     2.03,     5.95,     0.00,     0.10,     0.00,     0.00,     0.00,     0.00,     0.00,     0.00,     0.00,     0.00,     0.08,     1.51,     0.00,     0.00,     0.00,     0.12,     0.00,     0.00,     0.00,     0.00,     0.00,     0.00,     0.00,     0.00,     0.00,  -999.99
cty,48019,WY: Johnson County,1987,09,PRCP,     0.01,     0.00,     0.06,     3.27,    14.34,     0.06,     8.62,     0.42,     0.08,     0.32,     0.21,     0.01,     0.00,     0.00,     0.00,     0.04,     5.48,     0.74,     0.02,     0.00,     0.00,     0.00,     0.00,     0.00,     0.00,     0.00,     0.00,     0.00,     0.00,     0.01,  -999.99
cty,48021,WY: Laramie County,1987,09,PRCP,     0.00,     0.03,     0.00,     1.19,     2.47,     0.05,     0.00,     0.00,     0.00,     0.00,     1.38,     0.00,     0.00,     0.06,     5.10,     4.21,     5.24,     0.95,     0.00,     0.00,     0.00,     0.00,     0.00,     0.00,     0.00,     0.00,     0.00,     0.00,     0.00,     0.00,  -999.99
cty,48023,WY: Lincoln County,1987,09,PRCP,     0.01,     0.00,     0.26,     9.47,     0.58,     0.00,     0.00,     0.00,     0.00,     0.00,     0.00,     0.01,     0.00,     0.00,     0.04,     0.01,     0.06,     0.00,     0.00,     0.00,     0.00,     0.00,     0.00,     0.00,     0.00,     0.00,     0.00,     0.00,     0.00,     0.00,  -999.99
cty,48025,WY: Natrona County,1987,09,PRCP,     0.00,     0.00,     0.00,     2.70,     7.02,     0.00,     0.71,     0.00,     0.00,     0.00,     0.01,     0.00,     0.00,     0.00,     0.00,     0.00,     2.17,     0.00,     0.00,     0.00,     0.00,     0.00,     0.00,     0.00,     0.00,     0.00,     0.00,     0.00,     0.00,     0.00,  -999.99
cty,48027,WY: Niobrara County,1987,09,PRCP,     0.00,     0.00,     0.00,     4.54,     7.44,     0.00,     1.25,     0.33,     1.19,     0.01,     1.10,     0.00,     0.00,     0.00,     0.00,     0.02,     1.88,     0.00,     0.00,     0.00,     0.00,     0.00,     0.00,     0.00,     0.00,     0.00,     0.00,     0.00,     0.00,     0.00,  -999.99
cty,48029,WY: Park County,1987,09,PRCP,     0.00,     0.00,     0.28,     0.39,     7.68,     0.01,     1.01,     0.00,     0.03,     0.03,     0.01,     0.00,     0.00,     0.00,     0.00,     0.05,     0.32,     0.00,     0.00,     0.00,     0.00,     0.00,     0.00,     0.00,     0.00,     0.01,     0.01,     0.03,     0.00,     0.00,  -999.99
cty,48031,WY: Platte County,1987,09,PRCP,     0.00,     0.00,     0.00,     3.37,     2.94,     0.00,     0.00,     0.00,     0.08,     0.00,     0.21,     0.00,     0.00,     0.00,     1.19,     1.21,     4.10,     0.00,     0.00,     0.00,     0.00,     0.00,     0.00,     0.00,     0.00,     0.00,     0.00,     0.00,     0.00,     0.00,  -999.99
cty,48033,WY: Sheridan County,1987,09,PRCP,     0.00,     0.00,     0.00,     1.05,    20.44,     0.05,    11.93,     0.00,     0.16,     0.42,     0.06,     0.00,     0.01,     0.00,     0.00,     0.08,     6.18,     0.07,     0.00,     0.01,     0.00,     0.00,     0.00,     0.00,     0.00,     0.00,     0.00,     0.00,     0.00,     0.00,  -999.99
cty,48035,WY: Sublette County,1987,09,PRCP,     0.00,     0.00,     1.49,     8.16,     1.46,     0.06,     0.00,     0.00,     0.00,     0.00,     0.00,     0.00,     0.00,     0.00,     0.00,     0.01,     0.05,     0.00,     0.00,     0.00,     0.00,     0.00,     0.00,     0.00,     0.00,     0.00,     0.00,     0.00,     0.01,     0.00,  -999.99
cty,48037,WY: Sweetwater County,1987,09,PRCP,     0.00,     0.00,     0.00,     5.91,     6.05,     0.00,     0.00,     0.00,     0.00,     0.00,     0.00,     0.00,     0.00,     0.00,     0.00,     0.03,     0.31,     0.00,     0.00,     0.00,     0.00,     0.00,     0.00,     0.00,     0.00,     0.00,     0.00,     0.00,     0.00,     0.00,  -999.99
cty,48039,WY: Teton County,1987,09,PRCP,     0.00,     0.00,     0.21,     0.23,     3.32,     0.00,     0.00,     0.00,     0.00,     0.00,     0.00,     0.00,     0.00,     0.00,     0.05,     0.01,     0.00,     0.00,     0.00,     0.00,     0.01,     0.00,     0.00,     0.00,     0.00,     0.00,     0.00,     0.00,     0.00,     0.00,  -999.99
cty,48041,WY: Uinta County,1987,09,PRCP,     0.00,     0.00,     0.00,     5.77,     3.02,     0.00,     0.00,     0.00,     0.00,     0.00,     0.00,     0.00,     0.00,     0.00,     0.00,     0.00,     1.38,     0.00,     0.00,     0.00,     0.00,     0.00,     0.00,     0.00,     0.00,     0.00,     0.00,     0.58,     0.00,     0.00,  -999.99
cty,48043,WY: Washakie County,1987,09,PRCP,     0.00,     0.00,     0.14,     1.36,     8.27,     0.57,     2.83,     0.44,     0.61,     0.03,     0.00,     0.00,     0.00,     0.00,     0.00,     1.22,     4.70,     0.03,     0.01,     0.00,     0.00,     0.00,     0.00,     0.00,     0.00,     0.00,     0.00,     0.00,     0.00,     0.00,  -999.99
cty,48045,WY: Weston County,1987,09,PRCP,     0.00,     0.00,     0.00,     7.26,    14.50,     0.04,     4.64,     0.48,     0.02,     0.00,     0.90,     0.00,     0.00,     0.00,     0.00,     0.26,     2.18,     0.00,     0.00,     0.00,     0.00,     0.00,     0.00,     0.00,     0.00,     0.00,     0.00,     0.00,     0.00,     0.00,  -999.99
