cty,01001,AL: Autauga,1981,02,PRCP,     1.17,    42.58,     0.00,     0.00,     0.00,     6.33,     0.88,     0.49,     0.00,    28.61,    86.87,     0.00,     0.00,     0.00,     0.00,     0.44,     3.11,    11.62,     0.03,     0.00,     0.00,     0.00,     5.70,     0.00,     0.00,     0.00,     0.00,     0.00,  -999.99,  -999.99,  -999.99
cty,01003,AL: Baldwin County,1981,02,PRCP,     2.64,    22.47,     0.00,     0.00,     0.00,    28.54,     3.80,     0.21,     0.00,    21.92,   115.91,     0.00,     0.00,     0.00,     1.29,     7.03,     2.26,     0.13,     0.17,     0.00,     0.00,     0.00,     2.11,     0.00,     0.00,     0.00,     0.00,     0.00,  -999.99,  -999.99,  -999.99
cty,01005,AL: Barbour County,1981,02,PRCP,     0.75,    20.54,     0.00,     0.00,     0.00,     9.12,     3.41,     0.73,     0.00,     5.13,   145.37,     0.00,     0.00,     0.00,     0.00,     0.00,     2.40,    28.39,     0.01,     0.00,     0.00,     0.00,     3.60,     0.00,     0.00,     0.00,     0.00,     0.00,  -999.99,  -999.99,  -999.99
cty,01007,AL: Bibb County,1981,02,PRCP,     1.28,    41.11,     0.00,     0.00,     0.00,     2.34,     0.00,     0.63,     0.00,    29.09,    62.38,     0.00,     0.00,     0.00,     0.01,     1.66,     4.21,     8.78,     0.00,     0.00,     0.00,     0.54,     3.64,     0.00,     0.00,     0.00,     0.00,     0.00,  -999.99,  -999.99,  -999.99
cty,01009,AL: Blount County,1981,02,PRCP,     1.86,    38.37,     0.00,     0.00,     0.00,     0.00,     0.00,     0.76,     0.00,    19.10,    45.39,     0.00,     0.00,     0.00,     0.00,     0.64,    12.23,    14.92,     0.52,     0.00,     0.00,     0.03,     5.86,     0.00,     0.00,     0.00,     0.00,     0.00,  -999.99,  -999.99,  -999.99
cty,01011,AL: Bullock County,1981,02,PRCP,     1.27,    24.82,     0.00,     0.00,     0.00,     9.61,     2.01,     0.52,     0.00,    13.24,   123.61,     0.00,     0.00,     0.00,     0.00,     0.00,     2.43,    18.68,     0.00,     0.00,     0.00,     0.00,     3.06,     0.00,     0.00,     0.00,     0.00,     0.00,  -999.99,  -999.99,  -999.99
cty,01013,AL: Butler County,1981,02,PRCP,     0.94,    31.16,     0.00,     0.00,     0.00,    19.74,     2.04,     0.28,     0.00,    15.65,   108.60,     0.00,     0.00,     0.00,     0.00,     0.47,     3.72,     5.55,     0.01,     0.00,     0.00,     0.00,     2.44,     0.00,     0.00,     0.00,     0.00,     0.00,  -999.99,  -999.99,  -999.99
cty,01015,AL: Calhoun County,1981,02,PRCP,     1.34,    40.76,     0.00,     0.00,     0.00,     0.07,     0.00,     0.64,     0.00,    15.33,    65.38,     0.00,     0.00,     0.00,     0.00,     0.59,    12.02,    20.57,     2.50,     0.00,     0.00,     0.00,     9.07,     0.00,     0.00,     0.00,     0.00,     0.00,  -999.99,  -999.99,  -999.99
cty,01017,AL: Chambers County,1981,02,PRCP,     1.05,    29.55,     0.00,     0.00,     0.00,     1.34,     0.26,     0.42,     0.01,    11.80,   111.00,     0.00,     0.00,     0.00,     0.00,     0.09,     3.93,    22.93,     0.95,     0.00,     0.00,     0.00,     5.21,     0.00,     0.00,     0.00,     0.00,     0.00,  -999.99,  -999.99,  -999.99
cty,01019,AL: Cherokee County,1981,02,PRCP,     1.69,    39.67,     0.00,     0.00,     0.00,     0.00,     0.00,     0.85,     0.00,    10.04,    56.55,     0.00,     0.00,     0.00,     0.00,     0.49,     7.33,    25.77,    10.13,     0.19,     0.00,     0.00,     8.47,     0.00,     0.00,     0.00,     0.00,     0.00,  -999.99,  -999.99,  -999.99
cty,01021,AL: Chilton County,1981,02,PRCP,     1.00,    44.44,     0.00,     0.00,     0.00,     3.01,     0.15,     0.58,     0.00,    29.09,    80.56,     0.00,     0.00,     0.00,     0.00,     0.52,     4.55,    12.56,     0.00,     0.00,     0.00,     0.02,     6.00,     0.00,     0.00,     0.00,     0.00,     0.00,  -999.99,  -999.99,  -999.99
cty,01023,AL: Choctaw County,1981,02,PRCP,     2.59,    40.73,     0.00,     0.00,     0.00,    23.32,     0.06,     0.00,     0.00,    46.75,    33.00,     0.00,     0.00,     0.00,     1.74,     6.34,     5.76,     0.75,     0.00,     0.00,     0.00,     0.53,     0.17,     0.00,     0.00,     0.00,     0.00,     0.00,  -999.99,  -999.99,  -999.99
cty,01025,AL: Clarke County,1981,02,PRCP,     1.91,    44.38,     0.00,     0.00,     0.00,    32.86,     0.64,     0.00,     0.00,    47.98,    68.60,     0.00,     0.00,     0.00,     0.41,     6.08,     3.28,     0.60,     0.00,     0.00,     0.00,     0.00,     0.99,     0.00,     0.00,     0.00,     0.00,     0.00,  -999.99,  -999.99,  -999.99
cty,01027,AL: Clay County,1981,02,PRCP,     1.00,    37.03,     0.00,     0.00,     0.00,     0.75,     0.00,     0.38,     0.00,    17.33,    81.79,     0.00,     0.00,     0.00,     0.00,     0.30,     9.40,    18.41,     0.05,     0.00,     0.00,     0.00,     7.58,     0.00,     0.00,     0.00,     0.00,     0.00,  -999.99,  -999.99,  -999.99
cty,01029,AL: Cleburne County,1981,02,PRCP,     1.28,    39.44,     0.00,     0.00,     0.00,     0.06,     0.00,     0.69,     0.00,    12.44,    78.06,     0.00,     0.00,     0.00,     0.00,     0.64,     7.42,    24.89,     4.64,     0.00,     0.00,     0.00,     8.85,     0.00,     0.00,     0.00,     0.00,     0.00,  -999.99,  -999.99,  -999.99
cty,01031,AL: Coffee County,1981,02,PRCP,     0.82,    21.54,     0.00,     0.00,     0.00,    12.30,     4.52,     0.47,     0.00,     3.08,   137.57,     0.00,     0.00,     0.00,     0.00,     0.16,     2.25,    19.33,     0.23,     0.00,     0.00,     0.00,     3.56,     0.00,     0.00,     0.00,     0.00,     0.00,  -999.99,  -999.99,  -999.99
cty,01033,AL: Colbert County,1981,02,PRCP,    10.67,    45.22,     0.00,     0.00,     0.00,     0.00,     0.00,     3.07,     0.00,    11.35,    13.13,     0.00,     0.00,     0.00,     0.00,     1.36,    13.19,     2.49,     2.99,     0.00,     0.00,     1.94,     0.14,     0.00,     0.00,     0.00,     0.00,     0.00,  -999.99,  -999.99,  -999.99
cty,01035,AL: Conecuh County,1981,02,PRCP,     0.90,    34.57,     0.00,     0.00,     0.00,    28.44,     3.19,     0.17,     0.00,    14.61,   140.14,     0.00,     0.00,     0.00,     0.00,     0.88,     4.17,     2.24,     0.01,     0.00,     0.00,     0.00,     1.94,     0.00,     0.00,     0.00,     0.00,     0.00,  -999.99,  -999.99,  -999.99
cty,01037,AL: Coosa County,1981,02,PRCP,     1.05,    40.91,     0.00,     0.00,     0.00,     1.98,     0.25,     0.37,     0.00,    25.68,    84.54,     0.00,     0.00,     0.00,     0.00,     0.14,     5.54,    16.57,     0.00,     0.00,     0.00,     0.00,     7.17,     0.00,     0.00,     0.00,     0.00,     0.00,  -999.99,  -999.99,  -999.99
cty,01039,AL: Covington County,1981,02,PRCP,     0.78,    27.47,     0.00,     0.00,     0.00,    21.11,     4.79,     0.47,     0.00,     5.45,   155.25,     0.00,     0.00,     0.00,     0.00,     0.24,     3.47,    10.08,     0.28,     0.00,     0.00,     0.00,     2.90,     0.00,     0.00,     0.00,     0.00,     0.00,  -999.99,  -999.99,  -999.99
cty,01041,AL: Crenshaw County,1981,02,PRCP,     1.16,    28.05,     0.00,     0.00,     0.00,    16.75,     2.61,     0.37,     0.00,    11.64,   123.73,     0.00,     0.00,     0.00,     0.00,     0.20,     3.53,    10.87,     0.31,     0.00,     0.00,     0.00,     2.90,     0.00,     0.00,     0.00,     0.00,     0.00,  -999.99,  -999.99,  -999.99
cty,01043,AL: Cullman County,1981,02,PRCP,     2.58,    40.36,     0.00,     0.00,     0.00,     0.00,     0.00,     0.83,     0.00,    17.81,    41.13,     0.00,     0.00,     0.00,     0.00,     0.65,    10.57,    11.04,     0.66,     0.00,     0.00,     0.93,     4.24,     0.00,     0.00,     0.00,     0.00,     0.00,  -999.99,  -999.99,  -999.99
cty,01045,AL: Dale County,1981,02,PRCP,     0.44,    20.60,     0.00,     0.00,     0.00,     9.05,     5.64,     0.54,     0.00,     1.56,   147.04,     0.00,     0.00,     0.00,     0.00,     0.05,     1.43,    29.11,     0.00,     0.00,     0.00,     0.00,     4.74,     0.00,     0.00,     0.00,     0.00,     0.00,  -999.99,  -999.99,  -999.99
cty,01047,AL: Dallas County,1981,02,PRCP,     1.43,    47.38,     0.00,     0.00,     0.00,    13.38,     0.91,     0.54,     0.00,    34.65,    80.72,     0.00,     0.00,     0.00,     0.40,     2.96,     2.57,     7.33,     0.01,     0.00,     0.00,     0.00,     3.80,     0.00,     0.00,     0.00,     0.00,     0.00,  -999.99,  -999.99,  -999.99
cty,01049,AL: DeKalb County,1981,02,PRCP,     1.90,    43.91,     0.00,     0.00,     0.00,     0.00,     0.00,     1.30,     0.01,     9.31,    53.37,     0.00,     0.00,     0.00,     0.00,     0.31,    11.08,    22.91,    11.80,     0.26,     0.00,     0.00,     8.42,     0.00,     0.00,     0.00,     0.00,     0.00,  -999.99,  -999.99,  -999.99
cty,01051,AL: Elmore County,1981,02,PRCP,     1.28,    34.39,     0.00,     0.00,     0.00,     4.30,     0.86,     0.28,     0.00,    24.53,    84.78,     0.00,     0.00,     0.00,     0.00,     0.04,     3.01,    14.20,     0.00,     0.00,     0.00,     0.00,     5.44,     0.00,     0.00,     0.00,     0.00,     0.00,  -999.99,  -999.99,  -999.99
cty,01053,AL: Escambia County,1981,02,PRCP,     0.99,    31.96,     0.00,     0.00,     0.00,    30.55,     3.91,     0.18,     0.00,    13.86,   148.14,     0.00,     0.00,     0.00,     0.04,     1.80,     3.40,     1.44,     0.20,     0.00,     0.00,     0.00,     1.94,     0.00,     0.00,     0.00,     0.00,     0.00,  -999.99,  -999.99,  -999.99
cty,01055,AL: Etowah County,1981,02,PRCP,     1.48,    40.04,     0.00,     0.00,     0.00,     0.00,     0.00,     0.53,     0.00,    16.24,    51.46,     0.00,     0.00,     0.00,     0.00,     0.49,    12.77,    23.11,     5.01,     0.00,     0.00,     0.00,     8.33,     0.00,     0.00,     0.00,     0.00,     0.00,  -999.99,  -999.99,  -999.99
cty,01057,AL: Fayette County,1981,02,PRCP,     2.70,    34.08,     0.00,     0.00,     0.00,     0.01,     0.00,     0.44,     0.00,    21.28,    28.32,     0.00,     0.00,     0.00,     0.00,     1.82,     4.60,     4.11,     0.85,     0.00,     0.00,     1.63,     0.50,     0.00,     0.00,     0.00,     0.00,     0.00,  -999.99,  -999.99,  -999.99
cty,01059,AL: Franklin County,1981,02,PRCP,     7.18,    41.49,     0.00,     0.00,     0.00,     0.00,     0.00,     1.85,     0.00,    12.83,    15.03,     0.00,     0.00,     0.00,     0.00,     0.97,     9.63,     2.53,     2.40,     0.00,     0.00,     1.78,     0.04,     0.00,     0.00,     0.00,     0.00,     0.00,  -999.99,  -999.99,  -999.99
cty,01061,AL: Geneva County,1981,02,PRCP,     0.18,    21.30,     0.00,     0.00,     0.00,    11.99,     7.29,     0.65,     0.00,     1.03,   149.45,     0.00,     0.00,     0.00,     0.00,     0.17,     2.00,    24.84,     0.07,     0.00,     0.00,     0.00,     4.43,     0.00,     0.00,     0.00,     0.00,     0.00,  -999.99,  -999.99,  -999.99
cty,01063,AL: Greene County,1981,02,PRCP,     1.64,    34.97,     0.00,     0.00,     0.00,     2.66,     0.00,     0.13,     0.00,    31.80,    29.98,     0.00,     0.00,     0.00,     0.80,     5.50,     2.03,     4.10,     0.01,     0.00,     0.00,     0.74,     0.44,     0.00,     0.00,     0.00,     0.00,     0.00,  -999.99,  -999.99,  -999.99
cty,01065,AL: Hale County,1981,02,PRCP,     1.55,    43.11,     0.00,     0.00,     0.01,     4.72,     0.00,     0.30,     0.00,    34.91,    44.55,     0.00,     0.00,     0.00,     1.16,     4.80,     1.92,     5.92,     0.00,     0.00,     0.00,     0.76,     1.47,     0.00,     0.00,     0.00,     0.00,     0.00,  -999.99,  -999.99,  -999.99
cty,01067,AL: Henry County,1981,02,PRCP,     0.02,    19.22,     0.00,     0.00,     0.00,     8.92,     5.73,     0.63,     0.00,     1.35,   135.59,     0.00,     0.00,     0.00,     0.00,     0.07,     1.34,    31.13,     0.00,     0.00,     0.00,     0.00,     4.65,     0.00,     0.00,     0.00,     0.00,     0.00,  -999.99,  -999.99,  -999.99
cty,01069,AL: Houston County,1981,02,PRCP,     0.00,    19.04,     0.00,     0.00,     0.00,     9.29,     8.44,     0.54,     0.00,     0.20,   129.92,     0.00,     0.00,     0.00,     0.00,     0.02,     1.02,    28.43,     0.00,     0.00,     0.00,     0.00,     4.94,     0.00,     0.00,     0.00,     0.00,     0.00,  -999.99,  -999.99,  -999.99
cty,01071,AL: Jackson County,1981,02,PRCP,     2.20,    40.49,     0.00,     0.00,     0.00,     0.00,     0.00,     2.43,     0.00,     6.20,    36.48,     0.00,     0.00,     0.00,     0.00,     0.29,    10.63,    14.12,    10.58,     0.22,     0.00,     0.00,     6.00,     0.00,     0.00,     0.00,     0.00,     0.00,  -999.99,  -999.99,  -999.99
cty,01073,AL: Jefferson County,1981,02,PRCP,     1.75,    35.21,     0.00,     0.00,     0.00,     0.40,     0.00,     0.80,     0.00,    21.58,    51.96,     0.00,     0.00,     0.00,     0.00,     1.21,     8.04,    11.16,     0.00,     0.00,     0.00,     0.44,     4.24,     0.00,     0.00,     0.00,     0.00,     0.00,  -999.99,  -999.99,  -999.99
cty,01075,AL: Lamar County,1981,02,PRCP,     4.10,    34.84,     0.00,     0.00,     0.00,     0.00,     0.00,     0.71,     0.00,    21.00,    16.72,     0.00,     0.00,     0.00,     0.00,     3.19,     5.07,     1.12,     0.29,     0.00,     0.00,     1.51,     0.00,     0.00,     0.00,     0.00,     0.00,     0.00,  -999.99,  -999.99,  -999.99
cty,01077,AL: Lauderdale County,1981,02,PRCP,    11.61,    46.18,     0.00,     0.00,     0.00,     0.00,     0.00,     3.73,     0.00,    10.81,    13.22,     0.00,     0.00,     0.00,     0.00,     1.76,    15.36,     2.80,     3.28,     0.00,     0.00,     1.91,     0.51,     0.00,     0.00,     0.00,     0.00,     0.00,  -999.99,  -999.99,  -999.99
cty,01079,AL: Lawrence County,1981,02,PRCP,     3.46,    37.51,     0.00,     0.00,     0.00,     0.00,     0.00,     1.29,     0.00,    11.05,    17.38,     0.00,     0.00,     0.00,     0.00,     0.49,     7.96,     4.21,     1.91,     0.00,     0.00,     1.19,     1.11,     0.00,     0.00,     0.00,     0.00,     0.00,  -999.99,  -999.99,  -999.99
cty,01081,AL: Lee County,1981,02,PRCP,     1.42,    27.87,     0.00,     0.00,     0.00,     2.75,     0.98,     0.54,     0.00,    12.54,   133.51,     0.00,     0.00,     0.00,     0.07,     0.00,     1.52,    29.85,     1.00,     0.00,     0.00,     0.00,     4.54,     0.00,     0.00,     0.00,     0.00,     0.00,  -999.99,  -999.99,  -999.99
cty,01083,AL: Limestone County,1981,02,PRCP,     3.10,    38.52,     0.00,     0.00,     0.00,     0.00,     0.00,     1.80,     0.02,     8.66,    15.07,     0.00,     0.00,     0.00,     0.00,     0.46,     9.53,     3.52,     3.18,     0.01,     0.00,     0.52,     2.12,     0.00,     0.00,     0.00,     0.00,     0.00,  -999.99,  -999.99,  -999.99
cty,01085,AL: Lowndes County,1981,02,PRCP,     1.02,    36.36,     0.00,     0.00,     0.00,    14.44,     1.13,     0.37,     0.00,    25.71,    85.80,     0.00,     0.00,     0.00,     0.00,     0.53,     3.55,     6.95,     0.00,     0.00,     0.00,     0.00,     3.59,     0.00,     0.00,     0.00,     0.00,     0.00,  -999.99,  -999.99,  -999.99
cty,01087,AL: Macon County,1981,02,PRCP,     1.59,    27.92,     0.00,     0.00,     0.00,     5.99,     1.36,     0.49,     0.00,    17.57,   115.71,     0.00,     0.00,     0.00,     0.00,     0.00,     1.99,    20.50,     0.00,     0.00,     0.00,     0.00,     3.89,     0.00,     0.00,     0.00,     0.00,     0.00,  -999.99,  -999.99,  -999.99
cty,01089,AL: Madison County,1981,02,PRCP,     2.17,    36.42,     0.00,     0.00,     0.00,     0.00,     0.00,     2.26,     0.00,     7.81,    20.76,     0.00,     0.00,     0.00,     0.00,     0.30,     9.16,     6.99,     4.45,     0.00,     0.00,     0.00,     3.39,     0.00,     0.00,     0.00,     0.00,     0.00,  -999.99,  -999.99,  -999.99
cty,01091,AL: Marengo County,1981,02,PRCP,     1.84,    52.94,     0.00,     0.00,     0.00,    19.34,     0.10,     0.00,     0.00,    48.14,    52.39,     0.00,     0.00,     0.00,     2.54,     7.77,     2.70,     3.58,     0.00,     0.00,     0.00,     0.24,     1.06,     0.00,     0.00,     0.00,     0.00,     0.00,  -999.99,  -999.99,  -999.99
cty,01093,AL: Marion County,1981,02,PRCP,     5.15,    36.10,     0.00,     0.00,     0.00,     0.00,     0.00,     0.94,     0.00,    16.73,    17.62,     0.00,     0.00,     0.00,     0.00,     1.36,     7.53,     2.01,     1.70,     0.00,     0.00,     1.76,     0.03,     0.00,     0.00,     0.00,     0.00,     0.00,  -999.99,  -999.99,  -999.99
cty,01095,AL: Marshall County,1981,02,PRCP,     1.79,    42.42,     0.00,     0.00,     0.00,     0.00,     0.00,     1.13,     0.00,    14.77,    38.81,     0.01,     0.00,     0.00,     0.00,     0.54,    13.91,    15.72,     4.67,     0.00,     0.00,     0.00,     6.64,     0.00,     0.00,     0.00,     0.00,     0.00,  -999.99,  -999.99,  -999.99
cty,01097,AL: Mobile County,1981,02,PRCP,     6.60,    27.53,     0.00,     0.00,     0.00,    41.28,     2.31,     0.08,     0.00,    58.63,    89.12,     0.00,     0.00,     0.00,     2.71,    13.49,     2.19,     0.00,     0.00,     0.00,     0.00,     0.20,     1.72,     0.00,     0.00,     0.00,     0.00,     0.00,  -999.99,  -999.99,  -999.99
cty,01099,AL: Monroe County,1981,02,PRCP,     1.23,    39.27,     0.00,     0.00,     0.00,    30.95,     1.64,     0.02,     0.00,    28.94,   103.90,     0.00,     0.00,     0.00,     0.04,     3.16,     3.29,     1.37,     0.00,     0.00,     0.00,     0.00,     1.59,     0.00,     0.00,     0.00,     0.00,     0.00,  -999.99,  -999.99,  -999.99
cty,01101,AL: Montgomery County,1981,02,PRCP,     1.26,    31.02,     0.00,     0.00,     0.00,    10.87,     1.25,     0.34,     0.00,    22.56,    91.59,     0.00,     0.00,     0.00,     0.00,     0.04,     2.99,     9.72,     0.00,     0.00,     0.00,     0.00,     3.32,     0.00,     0.00,     0.00,     0.00,     0.00,  -999.99,  -999.99,  -999.99
cty,01103,AL: Morgan County,1981,02,PRCP,     2.17,    37.55,     0.00,     0.00,     0.00,     0.00,     0.00,     1.05,     0.00,    12.28,    24.51,     0.00,     0.00,     0.00,     0.00,     0.36,     8.65,     6.54,     1.12,     0.00,     0.00,     0.63,     2.93,     0.00,     0.00,     0.00,     0.00,     0.00,  -999.99,  -999.99,  -999.99
cty,01105,AL: Perry County,1981,02,PRCP,     1.43,    47.15,     0.00,     0.00,     0.00,     7.20,     0.10,     0.47,     0.00,    35.31,    63.37,     0.00,     0.00,     0.00,     0.83,     3.45,     2.26,     7.67,     0.00,     0.00,     0.00,     0.17,     3.09,     0.00,     0.00,     0.00,     0.00,     0.00,  -999.99,  -999.99,  -999.99
cty,01107,AL: Pickens County,1981,02,PRCP,     1.89,    30.54,     0.00,     0.00,     0.00,     0.24,     0.00,     0.39,     0.00,    24.28,    20.31,     0.00,     0.00,     0.00,     0.03,     4.50,     2.47,     2.18,     0.01,     0.00,     0.00,     0.99,     0.07,     0.00,     0.00,     0.00,     0.00,     0.00,  -999.99,  -999.99,  -999.99
cty,01109,AL: Pike County,1981,02,PRCP,     1.27,    26.19,     0.00,     0.00,     0.00,    13.29,     3.02,     0.50,     0.00,     9.46,   140.20,     0.00,     0.00,     0.00,     0.00,     0.01,     2.81,    19.09,     0.09,     0.00,     0.00,     0.00,     3.53,     0.00,     0.00,     0.00,     0.00,     0.00,  -999.99,  -999.99,  -999.99
cty,01111,AL: Randolph County,1981,02,PRCP,     0.98,    35.34,     0.00,     0.00,     0.00,     0.53,     0.00,     0.43,     0.02,    11.78,    97.32,     0.00,     0.00,     0.00,     0.00,     0.46,     7.34,    23.28,     2.14,     0.00,     0.00,     0.00,     7.31,     0.00,     0.00,     0.00,     0.00,     0.00,  -999.99,  -999.99,  -999.99
cty,01113,AL: Russell County,1981,02,PRCP,     0.94,    21.40,     0.00,     0.00,     0.00,     4.89,     1.97,     0.69,     0.00,     8.24,   135.33,     0.00,     0.00,     0.00,     0.00,     0.00,     2.06,    30.03,     0.76,     0.00,     0.00,     0.00,     3.24,     0.00,     0.00,     0.00,     0.00,     0.00,  -999.99,  -999.99,  -999.99
cty,01115,AL: St. Clair County,1981,02,PRCP,     1.41,    36.72,     0.00,     0.00,     0.00,     0.15,     0.00,     0.50,     0.00,    21.08,    52.35,     0.00,     0.00,     0.00,     0.00,     0.33,    11.76,    19.71,     0.28,     0.00,     0.00,     0.00,     6.56,     0.00,     0.00,     0.00,     0.00,     0.00,  -999.99,  -999.99,  -999.99
cty,01117,AL: Shelby County,1981,02,PRCP,     1.25,    40.03,     0.00,     0.00,     0.00,     0.93,     0.00,     0.65,     0.00,    26.84,    66.73,     0.00,     0.00,     0.00,     0.00,     0.51,     8.35,    15.10,     0.00,     0.00,     0.00,     0.16,     5.61,     0.00,     0.00,     0.00,     0.00,     0.01,  -999.99,  -999.99,  -999.99
cty,01119,AL: Sumter County,1981,02,PRCP,     1.77,    33.56,     0.00,     0.00,     0.00,     6.06,     0.00,     0.01,     0.00,    33.70,    25.22,     0.00,     0.00,     0.00,     1.89,     5.88,     3.64,     2.38,     0.01,     0.00,     0.00,     0.54,     0.09,     0.00,     0.00,     0.00,     0.00,     0.00,  -999.99,  -999.99,  -999.99
cty,01121,AL: Talladega County,1981,02,PRCP,     1.05,    35.76,     0.00,     0.00,     0.00,     0.75,     0.00,     0.50,     0.00,    20.16,    62.59,     0.00,     0.00,     0.00,     0.00,     0.33,     8.87,    15.03,     0.00,     0.00,     0.00,     0.00,     6.49,     0.00,     0.00,     0.00,     0.00,     0.00,  -999.99,  -999.99,  -999.99
cty,01123,AL: Tallapoosa County,1981,02,PRCP,     1.27,    33.62,     0.00,     0.00,     0.00,     1.97,     0.40,     0.32,     0.00,    19.60,    94.12,     0.00,     0.00,     0.00,     0.00,     0.07,     5.31,    18.50,     0.00,     0.00,     0.00,     0.00,     6.27,     0.00,     0.00,     0.00,     0.00,     0.00,  -999.99,  -999.99,  -999.99
cty,01125,AL: Tuscaloosa County,1981,02,PRCP,     1.56,    31.66,     0.00,     0.00,     0.00,     0.78,     0.00,     0.41,     0.00,    23.06,    36.20,     0.00,     0.00,     0.00,     0.02,     2.38,     3.05,     5.38,     0.01,     0.00,     0.00,     0.98,     1.44,     0.00,     0.00,     0.00,     0.00,     0.00,  -999.99,  -999.99,  -999.99
cty,01127,AL: Walker County,1981,02,PRCP,     2.53,    32.70,     0.00,     0.00,     0.00,     0.07,     0.00,     0.54,     0.00,    18.30,    39.76,     0.01,     0.00,     0.00,     0.00,     1.18,     6.24,     7.79,     0.64,     0.00,     0.00,     1.44,     2.16,     0.00,     0.00,     0.00,     0.00,     0.00,  -999.99,  -999.99,  -999.99
cty,01129,AL: Washington County,1981,02,PRCP,     3.49,    40.81,     0.00,     0.00,     0.00,    40.79,     0.95,     0.00,     0.20,    58.88,    54.93,     0.00,     0.00,     0.00,     0.67,     8.44,     4.70,     0.00,     0.00,     0.00,     0.00,     0.31,     0.65,     0.00,     0.00,     0.00,     0.00,     0.00,  -999.99,  -999.99,  -999.99
cty,01131,AL: Wilcox County,1981,02,PRCP,     1.48,    49.77,     0.00,     0.00,     0.00,    26.08,     1.00,     0.10,     0.00,    39.08,    89.58,     0.00,     0.00,     0.00,     0.42,     5.09,     3.06,     4.09,     0.00,     0.00,     0.00,     0.00,     2.16,     0.00,     0.00,     0.00,     0.00,     0.00,  -999.99,  -999.99,  -999.99
cty,01133,AL: Winston County,1981,02,PRCP,     3.24,    37.12,     0.00,     0.00,     0.00,     0.00,     0.00,     0.66,     0.00,    16.06,    30.10,     0.02,     0.00,     0.00,     0.00,     0.58,     7.70,     6.35,     1.60,     0.00,     0.00,     1.61,     1.56,     0.00,     0.00,     0.00,     0.00,     0.00,  -999.99,  -999.99,  -999.99
cty,02001,AZ: Apache County,1981,02,PRCP,     0.00,     0.00,     0.00,     0.00,     0.00,     0.00,     0.00,     0.00,    10.91,     2.33,     0.05,     0.00,     0.00,     0.00,     0.00,     0.00,     0.00,     0.00,     0.00,     0.00,     0.00,     0.00,     0.00,     0.00,     0.00,     3.46,     1.83,     0.12,  -999.99,  -999.99,  -999.99
cty,02003,AZ: Cochise County,1981,02,PRCP,     0.00,     0.00,     0.00,     0.00,     0.00,     0.00,     0.00,     0.00,     6.05,    10.91,     0.00,     0.00,     0.00,     0.00,     0.00,     0.00,     0.00,     0.00,     0.00,     0.00,     0.00,     0.00,     0.00,     0.00,     0.00,     1.81,     2.66,     0.54,  -999.99,  -999.99,  -999.99
cty,02005,AZ: Coconino County,1981,02,PRCP,     0.00,     0.00,     0.00,     0.00,     0.00,     0.00,     0.00,     0.00,     8.61,     3.15,     0.02,     0.00,     0.00,     0.00,     0.00,     0.00,     0.00,     0.00,     0.00,     0.00,     0.01,     0.00,     0.00,     0.00,     0.00,     2.41,     1.49,     0.02,  -999.99,  -999.99,  -999.99
cty,02007,AZ: Gila County,1981,02,PRCP,     0.00,     0.00,     0.00,     0.00,     0.00,     0.00,     0.00,     0.00,    21.59,    10.39,     0.00,     0.00,     0.00,     0.00,     0.00,     0.00,     0.00,     0.00,     0.00,     0.00,     0.00,     0.00,     0.00,     0.00,     0.00,     5.52,     1.87,     0.26,  -999.99,  -999.99,  -999.99
cty,02009,AZ: Graham County,1981,02,PRCP,     0.00,     0.00,     0.00,     0.00,     0.00,     0.00,     0.00,     0.00,    10.10,     8.47,     0.00,     0.00,     0.00,     0.00,     0.00,     0.00,     0.00,     0.00,     0.00,     0.00,     0.00,     0.00,     0.00,     0.00,     0.00,     1.58,     1.12,     0.73,  -999.99,  -999.99,  -999.99
cty,02011,AZ: Greenlee County,1981,02,PRCP,     0.00,     0.00,     0.00,     0.00,     0.00,     0.00,     0.00,     0.00,     7.19,     5.82,     0.30,     0.00,     0.00,     0.00,     0.30,     0.00,     0.00,     0.00,     0.00,     0.00,     0.00,     0.00,     0.00,     0.00,     0.00,     1.42,     1.46,     1.52,  -999.99,  -999.99,  -999.99
cty,02012,AZ: La Paz County,1981,02,PRCP,     0.00,     0.00,     0.00,     0.00,     0.00,     0.00,     0.00,     0.00,     7.55,     2.46,     0.00,     0.00,     0.00,     0.00,     0.00,     0.00,     0.00,     0.00,     0.00,     0.00,     0.00,     0.00,     0.00,     0.00,     0.00,     1.06,     0.00,     0.00,  -999.99,  -999.99,  -999.99
cty,02013,AZ: Maricopa County,1981,02,PRCP,     0.00,     0.00,     0.00,     0.00,     0.00,     0.00,     0.00,     0.00,     8.62,    10.61,     0.00,     0.00,     0.00,     0.00,     0.00,     0.00,     0.00,     0.00,     0.00,     0.00,     0.00,     0.00,     0.00,     0.00,     0.00,     1.49,     0.16,     0.00,  -999.99,  -999.99,  -999.99
cty,02015,AZ: Mohave County,1981,02,PRCP,     0.00,     0.00,     0.00,     0.00,     0.00,     0.00,     0.00,     0.00,     7.33,     2.15,     0.00,     0.00,     0.00,     0.00,     0.00,     0.00,     0.00,     0.00,     0.00,     0.00,     0.00,     0.00,     0.00,     0.00,     0.00,     5.53,     0.36,     0.00,  -999.99,  -999.99,  -999.99
cty,02017,AZ: Navajo County,1981,02,PRCP,     0.00,     0.00,     0.00,     0.00,     0.00,     0.00,     0.00,     0.00,    10.54,     2.17,     0.01,     0.00,     0.00,     0.00,     0.00,     0.00,     0.00,     0.00,     0.00,     0.00,     0.00,     0.00,     0.00,     0.00,     0.00,     3.32,     1.19,     0.05,  -999.99,  -999.99,  -999.99
cty,02019,AZ: Pima County,1981,02,PRCP,     0.00,     0.00,     0.00,     0.00,     0.00,     0.00,     0.00,     0.00,     6.97,    10.06,     0.00,     0.00,     0.00,     0.00,     0.00,     0.00,     0.00,     0.00,     0.00,     0.00,     0.00,     0.00,     0.00,     0.00,     0.00,     0.09,     0.22,     0.13,  -999.99,  -999.99,  -999.99
cty,02021,AZ: Pinal County,1981,02,PRCP,     0.00,     0.00,     0.00,     0.00,     0.00,     0.00,     0.00,     0.01,    14.49,    14.45,     0.00,     0.00,     0.00,     0.00,     0.00,     0.00,     0.00,     0.00,     0.00,     0.00,     0.00,     0.00,     0.00,     0.00,     0.05,     0.67,     0.04,     0.04,  -999.99,  -999.99,  -999.99
cty,02023,AZ: Santa Cruz County,1981,02,PRCP,     0.00,     0.00,     0.00,     0.00,     0.00,     0.00,     0.00,     0.00,     8.62,    12.21,     0.00,     0.00,     0.00,     0.00,     0.00,     0.00,     0.00,     0.00,     0.00,     0.00,     0.00,     0.00,     0.00,     0.00,     0.00,     0.23,     1.69,     0.00,  -999.99,  -999.99,  -999.99
cty,02025,AZ: Yavapai County,1981,02,PRCP,     0.00,     0.00,     0.00,     0.00,     0.00,     0.00,     0.00,     0.00,    12.91,     7.02,     0.00,     0.00,     0.00,     0.00,     0.00,     0.00,     0.00,     0.00,     0.00,     0.00,     0.00,     0.00,     0.00,     0.00,     0.00,     5.75,     0.82,     0.00,  -999.99,  -999.99,  -999.99
cty,02027,AZ: Yuma County,1981,02,PRCP,     0.00,     0.00,     0.00,     0.00,     0.00,     0.00,     0.00,     0.00,     4.93,     1.95,     0.00,     0.00,     0.00,     0.00,     0.00,     0.00,     0.00,     0.00,     0.00,     0.00,     0.00,     0.00,     0.00,     0.00,     0.00,     0.09,     0.00,     0.00,  -999.99,  -999.99,  -999.99
cty,03001,AR: Arkansas County,1981,02,PRCP,    30.94,     2.03,     0.00,     0.00,     0.00,     0.00,     0.00,     3.43,     0.00,    21.67,     6.19,     0.00,     0.00,     0.00,     0.00,     1.74,     1.88,     0.00,     0.00,     0.00,     0.00,     9.81,     0.00,     0.00,     0.00,     0.00,     0.00,     1.57,  -999.99,  -999.99,  -999.99
cty,03003,AR: Ashley County,1981,02,PRCP,    24.13,     3.31,     0.00,     0.00,     0.00,     0.62,     0.01,     0.83,     0.00,    21.79,     0.52,     0.00,     0.00,     0.00,     0.02,     2.83,     0.53,     0.00,     0.00,     0.00,     0.00,     5.53,     0.00,     0.00,     0.00,     0.00,     0.00,     0.00,  -999.99,  -999.99,  -999.99
cty,03005,AR: Baxter County,1981,02,PRCP,    13.59,     0.15,     0.00,     0.00,     0.00,     0.00,     0.00,     0.00,     0.00,    21.24,     5.03,     0.00,     0.00,     0.00,     0.00,     0.00,     0.00,     0.00,     0.00,     0.00,     0.00,     8.55,     0.00,     0.00,     0.00,     0.00,     0.00,     9.56,  -999.99,  -999.99,  -999.99
cty,03007,AR: Benton County,1981,02,PRCP,    12.91,     0.00,     0.00,     0.00,     0.00,     0.00,     0.00,     0.00,     0.00,    23.76,     2.65,     0.00,     0.00,     0.00,     0.00,     0.00,     0.00,     0.00,     0.00,     0.00,     0.00,    10.34,     0.09,     0.00,     0.00,     0.00,     0.00,    19.98,  -999.99,  -999.99,  -999.99
cty,03009,AR: Boone County,1981,02,PRCP,    12.20,     0.00,     0.00,     0.00,     0.00,     0.00,     0.00,     0.00,     0.00,    16.33,     3.28,     0.02,     0.00,     0.00,     0.00,     0.00,     0.00,     0.00,     0.00,     0.00,     0.05,     4.23,     0.01,     0.00,     0.00,     0.00,     0.00,    12.09,  -999.99,  -999.99,  -999.99
cty,03011,AR: Bradley County,1981,02,PRCP,    28.56,     1.39,     0.00,     0.00,     0.00,     0.08,     0.00,     1.15,     0.00,    37.18,     0.24,     0.00,     0.00,     0.00,     0.27,     3.23,     2.11,     0.00,     0.00,     0.00,     0.00,    12.59,     0.09,     0.00,     0.00,     0.00,     0.00,     0.15,  -999.99,  -999.99,  -999.99
cty,03013,AR: Calhoun County,1981,02,PRCP,    26.56,     0.81,     0.00,     0.00,     0.00,     0.00,     0.00,     0.97,     0.00,    33.50,     0.10,     0.00,     0.00,     0.00,     0.03,     1.62,     1.98,     0.00,     0.00,     0.00,     0.00,    15.09,     0.02,     0.00,     0.00,     0.00,     0.00,     0.59,  -999.99,  -999.99,  -999.99
cty,03015,AR: Carroll County,1981,02,PRCP,    12.03,     0.00,     0.00,     0.00,     0.00,     0.00,     0.00,     0.00,     0.00,    18.40,     2.40,     0.00,     0.00,     0.00,     0.00,     0.00,     0.00,     0.00,     0.00,     0.00,     0.00,     5.25,     0.16,     0.00,     0.00,     0.00,     0.04,    16.32,  -999.99,  -999.99,  -999.99
cty,03017,AR: Chicot County,1981,02,PRCP,    35.39,     7.60,     0.00,     0.00,     0.00,     0.30,     0.00,     1.32,     0.00,    18.58,     1.61,     0.00,     0.00,     0.00,     0.01,     2.43,     0.43,     0.00,     0.00,     0.00,     0.00,     4.16,     0.00,     0.00,     0.00,     0.00,     0.00,     0.00,  -999.99,  -999.99,  -999.99
cty,03019,AR: Clark County,1981,02,PRCP,    33.42,     0.02,     0.00,     0.00,     0.00,     0.00,     0.00,     0.90,     0.00,    25.84,     0.17,     0.00,     0.00,     0.00,     0.00,     0.00,     0.02,     0.00,     0.00,     0.00,     0.00,    13.79,     0.00,     0.00,     0.00,     0.00,     0.00,     3.61,  -999.99,  -999.99,  -999.99
cty,03021,AR: Clay County,1981,02,PRCP,    26.68,     2.43,     0.00,     0.00,     0.00,     0.00,     0.00,     0.19,     0.00,    25.66,    16.10,     0.00,     0.00,     0.00,     0.00,     1.01,     1.24,     0.00,     0.00,     0.00,     0.00,     9.88,     0.00,     0.00,     0.00,     0.00,     0.00,     3.35,  -999.99,  -999.99,  -999.99
cty,03023,AR: Cleburne County,1981,02,PRCP,    30.91,     0.24,     0.00,     0.00,     0.00,     0.00,     0.00,     1.13,     0.00,    39.72,     7.01,     0.00,     0.00,     0.00,     0.00,     0.00,     0.01,     0.00,     0.00,     0.00,     0.00,    24.57,     0.00,     0.00,     0.00,     0.00,     0.00,    10.76,  -999.99,  -999.99,  -999.99
cty,03025,AR: Cleveland County,1981,02,PRCP,    29.89,     0.82,     0.00,     0.00,     0.00,     0.00,     0.00,     1.67,     0.00,    29.36,     1.65,     0.00,     0.00,     0.00,     0.17,     1.34,     2.07,     0.00,     0.00,     0.00,     0.00,    13.79,     0.07,     0.00,     0.00,     0.00,     0.00,     1.96,  -999.99,  -999.99,  -999.99
cty,03027,AR: Columbia County,1981,02,PRCP,    19.15,     0.16,     0.00,     0.00,     0.15,     1.53,     0.00,     0.62,     0.00,    26.78,     0.00,     0.00,     0.00,     0.00,     0.00,     0.00,     0.39,     0.00,     0.00,     0.00,     0.00,    15.52,     0.00,     0.00,     0.00,     0.00,     0.00,     0.02,  -999.99,  -999.99,  -999.99
cty,03029,AR: Conway County,1981,02,PRCP,    31.90,     0.01,     0.00,     0.00,     0.00,     0.00,     0.00,     1.32,     0.00,    39.14,     3.46,     0.00,     0.00,     0.00,     0.00,     0.00,     0.00,     0.00,     0.00,     0.00,     0.00,    18.90,     0.00,     0.00,     0.00,     0.00,     0.00,    14.72,  -999.99,  -999.99,  -999.99
cty,03031,AR: Craighead County,1981,02,PRCP,    34.03,     2.91,     0.00,     0.00,     0.00,     0.00,     0.00,     1.68,     0.00,    30.35,    15.32,     0.00,     0.00,     0.00,     0.00,     2.06,     1.58,     0.00,     0.00,     0.00,     0.00,    10.56,     0.00,     0.00,     0.00,     0.00,     0.00,     3.51,  -999.99,  -999.99,  -999.99
cty,03033,AR: Crawford County,1981,02,PRCP,    11.71,     0.00,     0.00,     0.00,     0.00,     0.00,     0.40,     0.12,     0.00,    35.28,     1.42,     0.00,     0.00,     0.00,     0.00,     0.00,     0.00,     0.00,     0.00,     0.00,     0.00,     4.58,     0.03,     0.00,     0.00,     0.00,     0.00,    27.50,  -999.99,  -999.99,  -999.99
cty,03035,AR: Crittenden County,1981,02,PRCP,    25.94,     6.17,     0.00,     0.00,     0.00,     0.00,     0.00,     4.70,     0.00,    18.91,     9.99,     0.00,     0.00,     0.00,     0.00,     4.63,     2.96,     0.00,     0.00,     0.00,     0.00,     4.61,     0.00,     0.00,     0.00,     0.00,     0.00,     0.11,  -999.99,  -999.99,  -999.99
cty,03037,AR: Cross County,1981,02,PRCP,    25.97,     2.87,     0.00,     0.00,     0.00,     0.00,     0.00,     3.31,     0.00,    20.97,    10.72,     0.00,     0.00,     0.00,     0.00,     2.90,     0.82,     0.00,     0.00,     0.00,     0.00,     7.16,     0.00,     0.00,     0.00,     0.00,     0.00,     1.50,  -999.99,  -999.99,  -999.99
cty,03039,AR: Dallas County,1981,02,PRCP,    29.01,     0.31,     0.00,     0.00,     0.00,     0.00,     0.00,     1.27,     0.00,    24.47,     0.88,     0.00,     0.00,     0.00,     0.01,     0.15,     0.76,     0.01,     0.00,     0.00,     0.00,    14.87,     0.01,     0.00,     0.00,     0.00,     0.00,     2.19,  -999.99,  -999.99,  -999.99
cty,03041,AR: Desha County,1981,02,PRCP,    34.61,     4.39,     0.00,     0.00,     0.00,     0.00,     0.00,     3.08,     0.00,    22.54,     4.12,     0.00,     0.00,     0.00,     0.01,     2.23,     1.79,     0.00,     0.00,     0.00,     0.00,     8.17,     0.00,     0.00,     0.00,     0.00,     0.00,     0.00,  -999.99,  -999.99,  -999.99
cty,03043,AR: Drew County,1981,02,PRCP,    35.04,     3.03,     0.00,     0.00,     0.00,     0.00,     0.00,     1.91,     0.00,    32.07,     1.99,     0.00,     0.00,     0.00,     0.27,     3.07,     1.75,     0.00,     0.00,     0.00,     0.00,    10.95,     0.00,     0.00,     0.00,     0.00,     0.00,     0.05,  -999.99,  -999.99,  -999.99
cty,03045,AR: Faulkner County,1981,02,PRCP,    39.59,     0.10,     0.00,     0.00,     0.00,     0.00,     0.00,     2.28,     0.00,    40.07,     5.05,     0.00,     0.00,     0.00,     0.00,     0.00,     0.00,     0.00,     0.00,     0.00,     0.00,    25.36,     0.01,     0.00,     0.00,     0.00,     0.00,    12.03,  -999.99,  -999.99,  -999.99
cty,03047,AR: Franklin County,1981,02,PRCP,    16.39,     0.00,     0.00,     0.00,     0.00,     0.00,     0.06,     0.25,     0.00,    41.94,     1.57,     0.00,     0.00,     0.00,     0.00,     0.00,     0.00,     0.00,     0.00,     0.00,     0.00,     4.39,     0.00,     0.00,     0.00,     0.00,     0.00,    28.98,  -999.99,  -999.99,  -999.99
cty,03049,AR: Fulton County,1981,02,PRCP,    13.78,     0.28,     0.00,     0.00,     0.00,     0.00,     0.00,     0.00,     0.00,    25.55,     6.62,     0.00,     0.00,     0.00,     0.00,     0.00,     0.00,     0.00,     0.00,     0.00,     0.00,    12.13,     0.00,     0.00,     0.00,     0.00,     0.00,     7.72,  -999.99,  -999.99,  -999.99
cty,03051,AR: Garland County,1981,02,PRCP,    41.26,     0.11,     0.00,     0.00,     0.00,     0.00,     0.00,     1.31,     0.00,    36.07,     1.37,     0.00,     0.00,     0.00,     0.00,     0.00,     0.00,     0.00,     0.00,     0.00,     0.00,    13.72,     0.00,     0.00,     0.00,     0.00,     0.00,    10.35,  -999.99,  -999.99,  -999.99
cty,03053,AR: Grant County,1981,02,PRCP,    29.06,     0.33,     0.00,     0.00,     0.00,     0.00,     0.00,     1.76,     0.00,    21.50,     1.80,     0.00,     0.00,     0.00,     0.00,     0.14,     0.62,     0.00,     0.00,     0.00,     0.00,    13.81,     0.00,     0.00,     0.00,     0.00,     0.00,     3.89,  -999.99,  -999.99,  -999.99
cty,03055,AR: Greene County,1981,02,PRCP,    34.40,     2.86,     0.00,     0.00,     0.00,     0.00,     0.00,     0.89,     0.00,    32.26,    17.90,     0.00,     0.00,     0.00,     0.00,     1.52,     1.60,     0.00,     0.00,     0.00,     0.00,    11.67,     0.00,     0.00,     0.00,     0.00,     0.00,     3.97,  -999.99,  -999.99,  -999.99
cty,03057,AR: Hempstead County,1981,02,PRCP,    30.81,     0.00,     0.00,     0.00,     0.00,     0.02,     0.00,     0.82,     0.00,    28.29,     0.00,     0.00,     0.00,     0.00,     0.00,     0.00,     0.00,     0.00,     0.00,     0.00,     0.00,    18.51,     0.00,     0.00,     0.00,     0.00,     0.00,     2.38,  -999.99,  -999.99,  -999.99
cty,03059,AR: Hot Spring County,1981,02,PRCP,    40.00,     0.00,     0.00,     0.00,     0.00,     0.00,     0.00,     1.42,     0.00,    29.33,     1.08,     0.00,     0.00,     0.00,     0.00,     0.00,     0.01,     0.00,     0.00,     0.00,     0.00,    15.22,     0.00,     0.00,     0.00,     0.00,     0.00,     5.98,  -999.99,  -999.99,  -999.99
cty,03061,AR: Howard County,1981,02,PRCP,    35.78,     0.00,     0.00,     0.00,     0.00,     0.00,     0.00,     0.80,     0.00,    39.54,     0.01,     0.00,     0.00,     0.00,     0.00,     0.00,     0.00,     0.00,     0.00,     0.00,     0.00,    13.24,     0.00,     0.00,     0.00,     0.00,     0.00,     7.25,  -999.99,  -999.99,  -999.99
cty,03063,AR: Independence County,1981,02,PRCP,    31.65,     0.92,     0.00,     0.00,     0.00,     0.00,     0.00,     0.87,     0.00,    39.34,     9.50,     0.00,     0.00,     0.00,     0.00,     0.14,     0.00,     0.00,     0.00,     0.00,     0.00,    21.63,     0.00,     0.00,     0.00,     0.00,     0.00,     8.30,  -999.99,  -999.99,  -999.99
cty,03065,AR: Izard County,1981,02,PRCP,    19.84,     0.62,     0.00,     0.00,     0.00,     0.00,     0.00,     0.00,     0.00,    31.94,     6.94,     0.00,     0.00,     0.00,     0.00,     0.00,     0.00,     0.00,     0.00,     0.00,     0.00,    16.30,     0.02,     0.00,     0.00,     0.00,     0.00,     9.36,  -999.99,  -999.99,  -999.99
cty,03067,AR: Jackson County,1981,02,PRCP,    33.53,     1.34,     0.00,     0.00,     0.00,     0.00,     0.00,     1.64,     0.00,    35.33,    11.34,     0.00,     0.00,     0.00,     0.00,     1.15,     0.08,     0.01,     0.00,     0.00,     0.00,    16.12,     0.00,     0.00,     0.00,     0.00,     0.00,     4.89,  -999.99,  -999.99,  -999.99
cty,03069,AR: Jefferson County,1981,02,PRCP,    31.68,     0.85,     0.00,     0.00,     0.00,     0.00,     0.00,     2.51,     0.00,    24.15,     3.97,     0.00,     0.00,     0.00,     0.00,     0.89,     1.83,     0.00,     0.00,     0.00,     0.00,    13.61,     0.00,     0.00,     0.00,     0.00,     0.03,     3.73,  -999.99,  -999.99,  -999.99
cty,03071,AR: Johnson County,1981,02,PRCP,    19.49,     0.00,     0.00,     0.00,     0.00,     0.00,     0.00,     0.18,     0.00,    43.11,     1.94,     0.00,     0.00,     0.00,     0.00,     0.00,     0.00,     0.00,     0.00,     0.00,     0.00,     5.06,     0.01,     0.00,     0.00,     0.00,     0.00,    24.70,  -999.99,  -999.99,  -999.99
cty,03073,AR: Lafayette County,1981,02,PRCP,    18.01,     0.00,     0.00,     0.00,     0.29,     1.16,     0.00,     0.66,     0.00,    22.92,     0.00,     0.00,     0.00,     0.00,     0.00,     0.00,     0.00,     0.00,     0.00,     0.00,     0.00,    14.26,     0.00,     0.00,     0.00,     0.00,     0.00,     0.19,  -999.99,  -999.99,  -999.99
cty,03075,AR: Lawrence County,1981,02,PRCP,    31.35,     1.32,     0.00,     0.00,     0.00,     0.00,     0.00,     0.25,     0.00,    38.17,    12.46,     0.00,     0.00,     0.00,     0.00,     0.75,     0.00,     0.00,     0.00,     0.00,     0.00,    16.93,     0.00,     0.00,     0.00,     0.00,     0.00,     6.43,  -999.99,  -999.99,  -999.99
cty,03077,AR: Lee County,1981,02,PRCP,    29.20,     4.38,     0.00,     0.00,     0.00,     0.00,     0.00,     5.10,     0.00,    20.26,    10.24,     0.00,     0.00,     0.00,     0.00,     4.02,     1.77,     0.00,     0.00,     0.00,     0.00,     6.18,     0.00,     0.00,     0.00,     0.00,     0.00,     0.75,  -999.99,  -999.99,  -999.99
cty,03079,AR: Lincoln County,1981,02,PRCP,    41.40,     2.20,     0.00,     0.00,     0.00,     0.00,     0.00,     3.12,     0.00,    34.44,     4.26,     0.00,     0.00,     0.00,     0.07,     2.41,     2.81,     0.00,     0.00,     0.00,     0.00,    15.10,     0.00,     0.00,     0.00,     0.00,     0.00,     1.90,  -999.99,  -999.99,  -999.99
cty,03081,AR: Little River County,1981,02,PRCP,    31.06,     0.00,     0.00,     0.00,     0.00,     0.00,     0.00,     0.98,     0.00,    29.47,     0.00,     0.00,     0.00,     0.00,     0.00,     0.00,     0.00,     0.00,     0.00,     0.00,     0.00,    14.07,     0.00,     0.00,     0.00,     0.00,     0.00,     3.62,  -999.99,  -999.99,  -999.99
cty,03083,AR: Logan County,1981,02,PRCP,    16.95,     0.00,     0.00,     0.00,     0.00,     0.00,     0.01,     0.74,     0.00,    35.03,     1.19,     0.00,     0.00,     0.00,     0.00,     0.00,     0.00,     0.00,     0.00,     0.00,     0.00,     5.32,     0.00,     0.00,     0.00,     0.00,     0.00,    23.82,  -999.99,  -999.99,  -999.99
cty,03085,AR: Lonoke County,1981,02,PRCP,    36.30,     0.24,     0.00,     0.00,     0.00,     0.00,     0.00,     3.06,     0.00,    28.62,     5.84,     0.00,     0.00,     0.00,     0.00,     0.51,     0.49,     0.00,     0.00,     0.00,     0.00,    18.70,     0.00,     0.00,     0.00,     0.00,     0.00,     5.31,  -999.99,  -999.99,  -999.99
cty,03087,AR: Madison County,1981,02,PRCP,    11.77,     0.00,     0.00,     0.00,     0.00,     0.00,     0.00,     0.00,     0.00,    24.78,     1.96,     0.00,     0.00,     0.00,     0.00,     0.00,     0.00,     0.00,     0.00,     0.00,     0.00,     4.57,     0.01,     0.00,     0.00,     0.00,     0.00,    20.71,  -999.99,  -999.99,  -999.99
cty,03089,AR: Marion County,1981,02,PRCP,    12.37,     0.00,     0.00,     0.00,     0.00,     0.00,     0.00,     0.00,     0.00,    16.52,     4.28,     0.01,     0.00,     0.00,     0.00,     0.00,     0.00,     0.00,     0.00,     0.00,     0.00,     5.85,     0.01,     0.00,     0.00,     0.00,     0.00,    10.17,  -999.99,  -999.99,  -999.99
cty,03091,AR: Miller County,1981,02,PRCP,    24.75,     0.00,     0.00,     0.00,     0.24,     0.98,     0.00,     0.84,     0.00,    25.94,     0.01,     0.00,     0.00,     0.00,     0.00,     0.00,     0.00,     0.00,     0.00,     0.00,     0.00,    17.09,     0.00,     0.00,     0.00,     0.00,     0.00,     0.96,  -999.99,  -999.99,  -999.99
cty,03093,AR: Mississippi County,1981,02,PRCP,    25.27,     4.94,     0.00,     0.00,     0.00,     0.00,     0.01,     2.55,     0.00,    16.28,    12.62,     0.00,     0.00,     0.00,     0.00,     2.69,     4.75,     0.00,     0.00,     0.00,     0.00,     3.62,     0.00,     0.00,     0.00,     0.00,     0.00,     0.73,  -999.99,  -999.99,  -999.99
cty,03095,AR: Monroe County,1981,02,PRCP,    25.82,     1.64,     0.00,     0.00,     0.00,     0.00,     0.00,     3.49,     0.00,    18.37,     7.48,     0.00,     0.00,     0.00,     0.00,     1.91,     1.12,     0.00,     0.00,     0.00,     0.00,     8.06,     0.00,     0.00,     0.00,     0.00,     0.00,     1.25,  -999.99,  -999.99,  -999.99
cty,03097,AR: Montgomery County,1981,02,PRCP,    31.45,     0.00,     0.00,     0.00,     0.00,     0.00,     0.00,     0.76,     0.00,    38.53,     0.14,     0.00,     0.00,     0.00,     0.00,     0.00,     0.00,     0.00,     0.00,     0.00,     0.00,    11.05,     0.00,     0.00,     0.00,     0.00,     0.00,    12.93,  -999.99,  -999.99,  -999.99
cty,03099,AR: Nevada County,1981,02,PRCP,    23.83,     0.00,     0.00,     0.00,     0.00,     0.04,     0.00,     0.71,     0.00,    22.27,     0.00,     0.00,     0.00,     0.00,     0.00,     0.00,     0.03,     0.00,     0.00,     0.00,     0.00,    16.30,     0.00,     0.00,     0.00,     0.00,     0.00,     1.16,  -999.99,  -999.99,  -999.99
cty,03101,AR: Newton County,1981,02,PRCP,    16.84,     0.00,     0.00,     0.00,     0.00,     0.00,     0.01,     0.00,     0.00,    30.75,     3.35,     0.00,     0.00,     0.00,     0.00,     0.00,     0.00,     0.00,     0.00,     0.00,     0.00,     5.97,     0.04,     0.00,     0.00,     0.00,     0.02,    19.02,  -999.99,  -999.99,  -999.99
cty,03103,AR: Ouachita County,1981,02,PRCP,    23.89,     0.36,     0.00,     0.00,     0.00,     0.06,     0.00,     0.84,     0.00,    25.88,     0.04,     0.00,     0.00,     0.00,     0.00,     0.12,     0.81,     0.05,     0.00,     0.00,     0.00,    16.04,     0.01,     0.00,     0.00,     0.00,     0.00,     0.71,  -999.99,  -999.99,  -999.99
cty,03105,AR: Perry County,1981,02,PRCP,    34.43,     0.14,     0.00,     0.00,     0.00,     0.00,     0.00,     2.30,     0.00,    34.48,     2.43,     0.00,     0.00,     0.00,     0.00,     0.00,     0.00,     0.00,     0.00,     0.00,     0.00,    20.92,     0.00,     0.00,     0.00,     0.00,     0.00,    11.80,  -999.99,  -999.99,  -999.99
cty,03107,AR: Phillips County,1981,02,PRCP,    29.96,     4.68,     0.00,     0.00,     0.00,     0.00,     0.00,     4.55,     0.00,    19.38,     8.26,     0.00,     0.00,     0.00,     0.00,     3.23,     2.54,     0.00,     0.00,     0.00,     0.00,     5.61,     0.00,     0.00,     0.00,     0.00,     0.00,     0.78,  -999.99,  -999.99,  -999.99
cty,03109,AR: Pike County,1981,02,PRCP,    38.13,     0.00,     0.00,     0.00,     0.00,     0.00,     0.00,     0.74,     0.00,    36.13,     0.00,     0.00,     0.00,     0.00,     0.00,     0.00,     0.00,     0.00,     0.00,     0.00,     0.00,    12.56,     0.00,     0.00,     0.00,     0.00,     0.00,     6.36,  -999.99,  -999.99,  -999.99
cty,03111,AR: Poinsett County,1981,02,PRCP,    29.70,     2.95,     0.00,     0.00,     0.00,     0.00,     0.01,     2.48,     0.00,    25.40,    12.52,     0.00,     0.00,     0.00,     0.00,     2.52,     1.33,     0.00,     0.00,     0.00,     0.00,     8.59,     0.00,     0.00,     0.00,     0.00,     0.00,     2.42,  -999.99,  -999.99,  -999.99
cty,03113,AR: Polk County,1981,02,PRCP,    21.66,     0.00,     0.00,     0.00,     0.00,     0.00,     0.00,     0.84,     0.00,    41.60,     0.00,     0.00,     0.00,     0.00,     0.00,     0.00,     0.00,     0.00,     0.00,     0.00,     0.00,     7.74,     0.00,     0.00,     0.00,     0.00,     0.00,    18.23,  -999.99,  -999.99,  -999.99
cty,03115,AR: Pope County,1981,02,PRCP,    20.12,     0.00,     0.00,     0.00,     0.00,     0.00,     0.00,     0.37,     0.00,    32.99,     2.34,     0.00,     0.00,     0.00,     0.00,     0.00,     0.00,     0.00,     0.00,     0.00,     0.00,     8.09,     0.00,     0.00,     0.00,     0.00,     0.00,    15.71,  -999.99,  -999.99,  -999.99
cty,03117,AR: Prairie County,1981,02,PRCP,    23.71,     0.31,     0.00,     0.00,     0.00,     0.00,     0.01,     2.47,     0.00,    17.92,     5.49,     0.00,     0.00,     0.00,     0.00,     0.82,     0.41,     0.00,     0.00,     0.00,     0.00,    10.63,     0.00,     0.00,     0.00,     0.00,     0.00,     1.87,  -999.99,  -999.99,  -999.99
cty,03119,AR: Pulaski County,1981,02,PRCP,    39.56,     0.51,     0.00,     0.00,     0.00,     0.00,     0.00,     2.90,     0.00,    30.91,     3.81,     0.00,     0.00,     0.00,     0.00,     0.07,     0.08,     0.01,     0.00,     0.00,     0.00,    21.34,     0.00,     0.00,     0.00,     0.00,     0.00,     8.23,  -999.99,  -999.99,  -999.99
cty,03121,AR: Randolph County,1981,02,PRCP,    22.43,     1.08,     0.00,     0.00,     0.00,     0.00,     0.00,     0.00,     0.00,    32.73,    11.60,     0.00,     0.00,     0.00,     0.00,     0.34,     0.00,     0.00,     0.00,     0.00,     0.00,    15.04,     0.00,     0.00,     0.00,     0.00,     0.00,     5.54,  -999.99,  -999.99,  -999.99
cty,03123,AR: St. Francis County,1981,02,PRCP,    26.21,     3.65,     0.00,     0.00,     0.00,     0.00,     0.00,     4.49,     0.00,    19.21,    10.46,     0.00,     0.00,     0.00,     0.00,     3.66,     1.00,     0.00,     0.00,     0.00,     0.00,     6.25,     0.00,     0.00,     0.00,     0.00,     0.00,     0.79,  -999.99,  -999.99,  -999.99
cty,03125,AR: Saline County,1981,02,PRCP,    38.10,     0.23,     0.00,     0.00,     0.00,     0.00,     0.00,     2.12,     0.00,    30.23,     2.28,     0.00,     0.00,     0.00,     0.00,     0.00,     0.00,     0.00,     0.00,     0.00,     0.00,    17.61,     0.00,     0.00,     0.00,     0.00,     0.00,     8.38,  -999.99,  -999.99,  -999.99
cty,03127,AR: Scott County,1981,02,PRCP,    14.68,     0.00,     0.00,     0.00,     0.00,     0.00,     0.01,     0.63,     0.00,    32.90,     0.23,     0.00,     0.00,     0.00,     0.00,     0.00,     0.00,     0.00,     0.00,     0.00,     0.00,     5.36,     0.00,     0.00,     0.00,     0.00,     0.00,    24.41,  -999.99,  -999.99,  -999.99
cty,03129,AR: Searcy County,1981,02,PRCP,    17.87,     0.00,     0.00,     0.00,     0.00,     0.00,     0.00,     0.00,     0.00,    26.21,     4.43,     0.00,     0.00,     0.00,     0.00,     0.00,     0.00,     0.00,     0.00,     0.00,     0.00,     9.04,     0.00,     0.00,     0.00,     0.00,     0.00,    12.72,  -999.99,  -999.99,  -999.99
cty,03131,AR: Sebastian County,1981,02,PRCP,    13.63,     0.00,     0.00,     0.00,     0.00,     0.00,     0.13,     0.60,     0.00,    33.77,     0.74,     0.00,     0.00,     0.00,     0.00,     0.00,     0.00,     0.00,     0.00,     0.00,     0.00,     3.23,     0.00,     0.00,     0.00,     0.00,     0.00,    32.47,  -999.99,  -999.99,  -999.99
cty,03133,AR: Sevier County,1981,02,PRCP,    31.23,     0.00,     0.00,     0.00,     0.00,     0.00,     0.00,     0.97,     0.00,    37.42,     0.00,     0.00,     0.00,     0.00,     0.00,     0.00,     0.00,     0.00,     0.00,     0.00,     0.00,    12.03,     0.00,     0.00,     0.00,     0.00,     0.00,     6.51,  -999.99,  -999.99,  -999.99
cty,03135,AR: Sharp County,1981,02,PRCP,    23.63,     0.88,     0.00,     0.00,     0.00,     0.00,     0.00,     0.01,     0.00,    36.30,     9.75,     0.00,     0.00,     0.00,     0.00,     0.00,     0.00,     0.00,     0.00,     0.00,     0.00,    18.21,     0.00,     0.00,     0.00,     0.00,     0.00,     8.09,  -999.99,  -999.99,  -999.99
cty,03137,AR: Stone County,1981,02,PRCP,    23.70,     0.45,     0.00,     0.00,     0.00,     0.00,     0.00,     0.04,     0.00,    34.88,     6.44,     0.00,     0.00,     0.00,     0.00,     0.00,     0.00,     0.00,     0.00,     0.00,     0.00,    18.40,     0.01,     0.00,     0.00,     0.00,     0.00,    11.18,  -999.99,  -999.99,  -999.99
cty,03139,AR: Union County,1981,02,PRCP,    22.74,     1.09,     0.00,     0.00,     0.01,     1.61,     0.00,     0.73,     0.00,    35.65,     0.00,     0.00,     0.00,     0.00,     0.00,     2.29,     1.73,     0.00,     0.00,     0.00,     0.00,    14.44,     0.00,     0.00,     0.00,     0.00,     0.00,     0.00,  -999.99,  -999.99,  -999.99
cty,03141,AR: Van Buren County,1981,02,PRCP,    28.33,     0.00,     0.00,     0.00,     0.00,     0.00,     0.00,     0.31,     0.00,    42.81,     5.31,     0.00,     0.00,     0.00,     0.00,     0.00,     0.00,     0.00,     0.00,     0.00,     0.00,    20.01,     0.00,     0.00,     0.00,     0.00,     0.00,    16.70,  -999.99,  -999.99,  -999.99
cty,03143,AR: Washington County,1981,02,PRCP,    12.44,     0.00,     0.00,     0.00,     0.00,     0.00,     0.08,     0.00,     0.00,    28.04,     2.18,     0.00,     0.00,     0.00,     0.00,     0.00,     0.00,     0.00,     0.00,     0.00,     0.00,     7.74,     0.00,     0.00,     0.00,     0.00,     0.00,    26.36,  -999.99,  -999.99,  -999.99
cty,03145,AR: White County,1981,02,PRCP,    30.16,     0.22,     0.00,     0.00,     0.00,     0.00,     0.00,     1.94,     0.00,    30.35,     6.83,     0.00,     0.00,     0.00,     0.00,     0.29,     0.00,     0.00,     0.00,     0.00,     0.00,    18.97,     0.00,     0.00,     0.00,     0.00,     0.00,     5.65,  -999.99,  -999.99,  -999.99
cty,03147,AR: Woodruff County,1981,02,PRCP,    26.57,     1.16,     0.00,     0.00,     0.00,     0.00,     0.01,     2.67,     0.00,    22.85,     8.62,     0.00,     0.00,     0.00,     0.00,     1.47,     0.20,     0.00,     0.00,     0.00,     0.00,    10.86,     0.00,     0.00,     0.00,     0.00,     0.00,     2.06,  -999.99,  -999.99,  -999.99
cty,03149,AR: Yell County,1981,02,PRCP,    22.38,     0.00,     0.00,     0.00,     0.00,     0.00,     0.00,     1.13,     0.00,    33.22,     1.31,     0.00,     0.00,     0.00,     0.00,     0.00,     0.00,     0.00,     0.00,     0.00,     0.00,    10.25,     0.00,     0.00,     0.00,     0.00,     0.00,    15.46,  -999.99,  -999.99,  -999.99
cty,04001,CA: Alameda County,1981,02,PRCP,     0.00,     0.00,     0.00,     0.00,     0.00,     0.00,     0.00,     0.43,    10.71,     0.00,     2.20,     0.00,     0.64,     7.10,     0.00,     0.00,     0.00,     0.00,     0.00,     0.00,     0.00,     0.00,     0.00,     5.20,     6.73,     1.38,     0.82,     0.28,  -999.99,  -999.99,  -999.99
cty,04003,CA: Alpine County,1981,02,PRCP,     2.22,     0.69,     0.04,     0.00,     0.00,     0.00,     0.00,     0.01,     5.40,     1.19,     0.88,     0.00,     2.41,    23.28,     4.56,     0.53,     5.07,     0.00,     0.01,     0.66,     0.01,     0.00,     0.00,     4.28,    12.98,     1.85,     1.89,     0.34,  -999.99,  -999.99,  -999.99
cty,04005,CA: Amador County,1981,02,PRCP,     0.00,     0.00,     0.00,     0.00,     0.00,     0.00,     0.00,     0.00,     7.79,     0.42,     1.96,     0.00,     0.70,    11.35,     0.18,     0.00,     3.07,     0.00,     0.00,     1.54,     0.00,     0.00,     0.00,    12.67,    12.17,     2.93,     0.10,     0.00,  -999.99,  -999.99,  -999.99
cty,04007,CA: Butte County,1981,02,PRCP,     0.00,     0.00,     0.00,     0.00,     0.00,     0.00,     0.00,     0.00,     0.18,     0.00,     5.49,     0.54,     3.22,    30.12,     0.00,     0.00,     4.13,     0.00,     0.00,     2.27,     0.00,     0.00,     0.00,     9.21,     6.30,     3.45,     7.66,     0.00,  -999.99,  -999.99,  -999.99
cty,04009,CA: Calaveras County,1981,02,PRCP,     0.00,     0.00,     0.00,     0.00,     0.00,     0.00,     0.00,     0.00,    10.80,     0.82,     2.24,     0.00,     0.52,     8.99,     0.02,     0.04,     1.66,     0.00,     0.00,     0.82,     0.00,     0.00,     0.00,    11.10,    11.75,     2.65,     0.02,     0.00,  -999.99,  -999.99,  -999.99
cty,04011,CA: Colusa County,1981,02,PRCP,     0.00,     0.00,     0.00,     0.00,     0.00,     0.00,     0.00,     0.00,     0.70,     0.00,     4.25,     0.02,     9.82,    13.19,     0.01,     0.00,     0.61,     0.00,     0.00,     0.03,     0.00,     0.00,     0.00,     3.07,     3.26,     1.15,     2.06,     0.00,  -999.99,  -999.99,  -999.99
cty,04013,CA: Contra Costa County,1981,02,PRCP,     0.00,     0.00,     0.00,     0.00,     0.00,     0.00,     0.00,     0.03,     7.73,     0.00,     2.31,     0.00,     1.19,     5.97,     0.00,     0.00,     0.00,     0.00,     0.00,     0.00,     0.00,     0.00,     0.00,     3.35,     5.40,     0.96,     1.09,     0.07,  -999.99,  -999.99,  -999.99
cty,04015,CA: Del Norte County,1981,02,PRCP,     0.00,     0.00,     0.00,     0.00,     5.28,     3.26,     0.00,     0.00,     0.00,     0.00,     6.19,     0.99,    16.27,    49.35,     1.81,    15.99,    30.57,     7.49,    19.80,     8.67,     0.00,     0.00,     0.00,    23.84,     2.32,    14.83,     2.56,     0.00,  -999.99,  -999.99,  -999.99
cty,04017,CA: El Dorado County,1981,02,PRCP,     0.36,     0.07,     0.00,     0.00,     0.00,     0.00,     0.00,     0.00,     7.19,     0.42,     2.63,     0.00,     0.96,    21.74,     0.53,     0.01,     6.09,     0.01,     0.00,     3.51,     0.00,     0.00,     0.00,    15.38,    16.44,     3.80,     0.29,     0.01,  -999.99,  -999.99,  -999.99
cty,04019,CA: Fresno County,1981,02,PRCP,     0.51,     0.15,     0.08,     0.00,     0.00,     0.00,     0.00,     0.00,    16.75,     2.30,     1.16,     0.02,     0.12,     2.52,     1.48,     0.00,     0.07,     0.00,     0.00,     0.00,     0.00,     0.00,     0.00,     0.40,     3.41,     7.35,     0.16,     0.13,  -999.99,  -999.99,  -999.99
cty,04021,CA: Glenn County,1981,02,PRCP,     0.00,     0.00,     0.00,     0.00,     0.00,     0.00,     0.00,     0.00,     0.25,     0.00,     4.90,     0.15,    10.71,    19.29,     0.27,     0.00,     2.01,     0.00,     0.07,     0.28,     0.00,     0.00,     0.00,     2.79,     4.57,     2.32,     2.16,     0.00,  -999.99,  -999.99,  -999.99
cty,04023,CA: Humboldt County,1981,02,PRCP,     0.00,     0.00,     0.00,     0.00,     2.91,     1.43,     0.00,     0.00,     0.00,     0.00,     5.38,     0.43,    26.52,    50.17,     0.01,     5.29,    22.20,     1.23,     9.63,     8.79,     0.00,     0.00,     0.00,    20.19,     5.86,    27.91,     5.13,     0.00,  -999.99,  -999.99,  -999.99
cty,04025,CA: Imperial County,1981,02,PRCP,     0.00,     0.00,     0.00,     0.00,     0.00,     0.00,     0.00,     0.00,     6.40,     0.82,     0.00,     0.00,     0.00,     0.00,     0.00,     0.00,     0.00,     0.00,     0.00,     0.00,     0.00,     0.00,     0.00,     0.00,     0.00,     0.40,     0.00,     0.05,  -999.99,  -999.99,  -999.99
cty,04027,CA: Inyo County,1981,02,PRCP,     0.16,     0.01,     0.01,     0.00,     0.00,     0.00,     0.00,     0.00,     5.59,     0.33,     0.02,     0.02,     0.00,     0.02,     0.21,     0.00,     0.00,     0.00,     0.00,     0.00,     0.00,     0.00,     0.00,     0.00,     0.00,     2.53,     0.06,     0.03,  -999.99,  -999.99,  -999.99
cty,04029,CA: Kern County,1981,02,PRCP,     0.00,     0.00,     0.00,     0.00,     0.00,     0.00,     0.00,     0.00,    17.21,     1.39,     0.13,     0.00,     0.00,     0.00,     0.05,     0.00,     0.03,     0.00,     0.00,     0.00,     0.00,     0.00,     0.00,     0.00,     0.01,     9.93,     0.00,     0.00,  -999.99,  -999.99,  -999.99
cty,04031,CA: Kings County,1981,02,PRCP,     0.00,     0.00,     0.00,     0.00,     0.00,     0.00,     0.00,     0.00,    11.53,     1.24,     1.03,     0.00,     0.00,     1.54,     0.00,     0.00,     0.00,     0.00,     0.00,     0.00,     0.00,     0.00,     0.00,     0.00,     0.06,     5.83,     0.00,     0.00,  -999.99,  -999.99,  -999.99
cty,04033,CA: Lake County,1981,02,PRCP,     0.00,     0.00,     0.00,     0.00,     0.00,     0.00,     0.00,     0.00,     1.24,     0.00,     5.12,     0.20,    13.34,    32.67,     0.05,     0.00,     4.20,     0.00,     0.19,     0.95,     0.00,     0.00,     0.00,    11.29,    11.03,     6.80,     5.53,     0.27,  -999.99,  -999.99,  -999.99
cty,04035,CA: Lassen County,1981,02,PRCP,     0.02,     0.00,     0.00,     0.00,     0.00,     0.37,     0.00,     0.00,     0.15,     0.00,     3.30,     0.22,     0.01,    21.42,     0.00,     0.00,     3.81,     0.00,     0.00,     6.77,     0.00,     0.00,     0.00,     2.35,     4.34,     0.16,     0.05,     0.00,  -999.99,  -999.99,  -999.99
cty,04037,CA: Los Angeles County,1981,02,PRCP,     0.00,     0.00,     0.00,     0.00,     0.00,     0.00,     0.00,     0.00,    23.62,     0.42,     0.00,     0.00,     0.00,     0.00,     0.00,     0.00,     0.00,     0.00,     0.00,     0.00,     0.00,     0.00,     0.00,     0.00,     0.00,    14.81,     0.01,     0.00,  -999.99,  -999.99,  -999.99
cty,04039,CA: Madera County,1981,02,PRCP,     0.22,     0.05,     0.08,     0.00,     0.00,     0.00,     0.00,     0.00,    16.94,     1.98,     1.31,     0.00,     0.24,     4.93,     0.99,     0.00,     0.08,     0.00,     0.00,     0.00,     0.00,     0.00,     0.00,     0.61,     7.14,     5.78,     0.38,     0.16,  -999.99,  -999.99,  -999.99
cty,04041,CA: Marin County,1981,02,PRCP,     0.00,     0.00,     0.00,     0.00,     0.00,     0.00,     0.00,     0.01,     8.43,     0.00,     3.86,     0.05,     7.77,    23.49,     0.00,     0.00,     0.27,     0.00,     0.00,     0.00,     0.00,     0.00,     0.01,     9.44,     9.16,     3.51,     5.03,     1.08,  -999.99,  -999.99,  -999.99
cty,04043,CA: Mariposa County,1981,02,PRCP,     0.06,     0.05,     0.01,     0.00,     0.00,     0.00,     0.00,     0.00,    23.20,     2.71,     2.21,     0.00,     0.24,     6.01,     0.68,     0.00,     0.10,     0.00,     0.00,     0.00,     0.02,     0.00,     0.00,     4.28,    12.42,     5.21,     0.03,     0.01,  -999.99,  -999.99,  -999.99
cty,04045,CA: Mendocino County,1981,02,PRCP,     0.00,     0.00,     0.00,     0.00,     0.42,     0.10,     0.00,     0.00,     0.70,     0.00,     5.11,     0.39,    20.04,    43.22,     0.00,     0.04,    11.87,     0.00,     2.43,     4.09,     0.00,     0.00,     0.00,    17.44,    14.99,    18.10,     6.20,     0.08,  -999.99,  -999.99,  -999.99
cty,04047,CA: Merced County,1981,02,PRCP,     0.00,     0.00,     0.00,     0.00,     0.00,     0.00,     0.00,     0.08,    15.61,     0.48,     1.91,     0.00,     0.36,     3.74,     0.00,     0.00,     0.00,     0.00,     0.00,     0.00,     0.00,     0.00,     0.00,     1.94,     2.62,     1.99,     0.00,     0.05,  -999.99,  -999.99,  -999.99
cty,04049,CA: Modoc County,1981,02,PRCP,     0.09,     0.10,     0.00,     0.00,     0.06,     0.72,     0.00,     0.00,     0.01,     0.00,     6.01,     0.95,     0.04,    24.67,     0.00,     0.03,     4.00,     0.01,     0.01,     8.57,     0.00,     0.00,     0.00,     1.55,     4.45,     0.09,     0.04,     0.00,  -999.99,  -999.99,  -999.99
cty,04051,CA: Mono County,1981,02,PRCP,     1.32,     0.45,     0.55,     0.00,     0.01,     0.00,     0.00,     0.00,     5.00,     0.98,     0.21,     0.00,     0.69,     4.07,     4.13,     0.12,     1.16,     0.00,     0.01,     0.00,     0.05,     0.00,     0.00,     0.13,     1.93,     0.89,     3.25,     0.29,  -999.99,  -999.99,  -999.99
cty,04053,CA: Monterey County,1981,02,PRCP,     0.00,     0.00,     0.00,     0.00,     0.00,     0.00,     0.00,     1.55,    20.77,     1.12,     1.74,     0.00,     0.01,     1.84,     0.00,     0.00,     0.00,     0.00,     0.00,     0.00,     0.00,     0.00,     0.00,     3.36,     6.32,     4.54,     0.00,     0.51,  -999.99,  -999.99,  -999.99
cty,04055,CA: Napa County,1981,02,PRCP,     0.00,     0.00,     0.00,     0.00,     0.00,     0.00,     0.00,     0.00,     2.15,     0.00,     3.89,     0.13,     7.53,    21.16,     0.01,     0.00,     0.40,     0.00,     0.00,     0.00,     0.00,     0.00,     0.00,     8.17,     7.27,     1.74,     3.70,     0.73,  -999.99,  -999.99,  -999.99
cty,04057,CA: Nevada County,1981,02,PRCP,     0.77,     0.00,     0.00,     0.00,     0.00,     0.00,     0.00,     0.00,     3.18,     0.00,     3.63,     0.47,     1.01,    34.23,     1.00,     0.00,     8.29,     0.00,     0.00,     4.55,     0.00,     0.00,     0.00,    14.76,    11.04,     5.47,     2.10,     0.00,  -999.99,  -999.99,  -999.99
cty,04059,CA: Orange County,1981,02,PRCP,     0.00,     0.00,     0.00,     0.00,     0.00,     0.00,     0.00,     0.00,    24.86,     0.58,     0.00,     0.00,     0.00,     0.00,     0.00,     0.00,     0.00,     0.00,     0.00,     0.00,     0.00,     0.00,     0.00,     0.00,     0.00,    10.42,     0.00,     0.00,  -999.99,  -999.99,  -999.99
cty,04061,CA: Placer County,1981,02,PRCP,     0.13,     0.00,     0.00,     0.00,     0.00,     0.00,     0.00,     0.00,     4.60,     0.01,     3.17,     0.33,     0.94,    28.43,     0.83,     0.00,     6.74,     0.03,     0.01,     3.43,     0.00,     0.00,     0.00,    14.65,    13.29,     4.54,     0.99,     0.00,  -999.99,  -999.99,  -999.99
cty,04063,CA: Plumas County,1981,02,PRCP,     0.01,     0.00,     0.00,     0.00,     0.00,     0.00,     0.00,     0.00,     0.95,     0.00,     3.55,     0.08,     0.34,    37.04,     0.04,     0.00,     5.76,     0.00,     0.00,     5.58,     0.00,     0.00,     0.00,     8.06,    10.27,     1.50,     1.04,     0.00,  -999.99,  -999.99,  -999.99
cty,04065,CA: Riverside County,1981,02,PRCP,     0.00,     0.00,     0.00,     0.00,     0.00,     0.00,     0.00,     0.02,    15.36,     1.17,     0.00,     0.00,     0.00,     0.00,     0.00,     0.00,     0.00,     0.00,     0.00,     0.00,     0.00,     0.00,     0.00,     0.00,     0.12,     5.45,     0.00,     0.00,  -999.99,  -999.99,  -999.99
cty,04067,CA: Sacramento County,1981,02,PRCP,     0.00,     0.00,     0.00,     0.00,     0.00,     0.00,     0.00,     0.00,     4.16,     0.00,     2.11,     0.00,     1.36,     6.83,     0.00,     0.00,     1.42,     0.00,     0.00,     0.00,     0.00,     0.00,     0.00,     4.42,     2.96,     1.78,     1.43,     0.00,  -999.99,  -999.99,  -999.99
cty,04069,CA: San Benito County,1981,02,PRCP,     0.00,     0.00,     0.00,     0.00,     0.00,     0.00,     0.00,     1.13,    21.07,     0.98,     2.03,     0.00,     0.02,     2.95,     0.00,     0.00,     0.00,     0.01,     0.00,     0.00,     0.00,     0.00,     0.00,     4.18,     6.19,     2.58,     0.03,     0.32,  -999.99,  -999.99,  -999.99
cty,04071,CA: San Bernardino County,1981,02,PRCP,     0.00,     0.00,     0.00,     0.00,     0.00,     0.00,     0.00,     0.01,     9.43,     0.78,     0.00,     0.00,     0.00,     0.00,     0.00,     0.00,     0.00,     0.00,     0.00,     0.00,     0.00,     0.00,     0.00,     0.00,     0.00,     2.83,     0.04,     0.02,  -999.99,  -999.99,  -999.99
cty,04073,CA: San Diego County,1981,02,PRCP,     0.00,     0.00,     0.00,     0.00,     0.00,     0.00,     0.00,     0.05,    37.14,     3.62,     0.01,     0.00,     0.00,     0.00,     0.00,     0.00,     0.00,     0.00,     0.00,     0.00,     0.00,     0.00,     0.00,     0.00,     0.61,    14.69,     0.00,     0.02,  -999.99,  -999.99,  -999.99
cty,04075,CA: San Francisco County,1981,02,PRCP,     0.00,     0.00,     0.00,     0.00,     0.00,     0.00,     0.00,     0.57,    10.67,     0.00,     3.15,     0.00,     2.48,    14.86,     0.00,     0.00,     0.00,     0.00,     0.00,     0.00,     0.00,     0.00,     0.00,     5.89,     8.74,     2.00,     3.12,     1.06,  -999.99,  -999.99,  -999.99
cty,04077,CA: San Joaquin County,1981,02,PRCP,     0.00,     0.00,     0.00,     0.00,     0.00,     0.00,     0.00,     0.00,     6.10,     0.00,     1.64,     0.00,     0.72,     3.77,     0.00,     0.00,     0.34,     0.00,     0.00,     0.00,     0.00,     0.00,     0.00,     2.57,     2.97,     0.98,     0.85,     0.00,  -999.99,  -999.99,  -999.99
cty,04079,CA: San Luis Obispo County,1981,02,PRCP,     0.00,     0.00,     0.00,     0.00,     0.00,     0.00,     0.00,     0.41,    26.04,     1.82,     0.69,     0.17,     0.00,     0.07,     0.01,     0.00,     0.02,     0.00,     0.00,     0.00,     0.00,     0.00,     0.00,     0.92,     1.79,    14.57,     0.00,     0.66,  -999.99,  -999.99,  -999.99
cty,04081,CA: San Mateo County,1981,02,PRCP,     0.00,     0.00,     0.00,     0.00,     0.00,     0.00,     0.00,     1.62,    21.34,     0.00,     3.63,     0.00,     1.16,     9.58,     0.00,     0.00,     0.00,     0.00,     0.00,     0.01,     0.00,     0.00,     0.00,     7.72,    13.97,     4.45,     1.59,     0.78,  -999.99,  -999.99,  -999.99
cty,04083,CA: Santa Barbara County,1981,02,PRCP,     0.00,     0.00,     0.00,     0.00,     0.00,     0.00,     0.00,     0.31,    44.86,     1.22,     0.16,     0.16,     0.01,     0.00,     0.00,     0.00,     0.02,     0.00,     0.00,     0.00,     0.00,     0.00,     0.00,     0.01,     0.30,    26.90,     0.00,     1.45,  -999.99,  -999.99,  -999.99
cty,04085,CA: Santa Clara County,1981,02,PRCP,     0.00,     0.00,     0.00,     0.00,     0.00,     0.00,     0.00,     0.96,    16.72,     0.05,     2.55,     0.00,     0.48,     8.11,     0.00,     0.00,     0.00,     0.00,     0.00,     0.00,     0.00,     0.00,     0.00,     6.12,     9.53,     2.20,     0.72,     0.69,  -999.99,  -999.99,  -999.99
cty,04087,CA: Santa Cruz County,1981,02,PRCP,     0.00,     0.00,     0.00,     0.00,     0.00,     0.00,     0.00,     2.05,    24.52,     0.01,     3.46,     0.00,     0.32,     8.27,     0.00,     0.00,     0.00,     0.00,     0.00,     0.00,     0.00,     0.00,     0.00,     6.45,    14.73,     4.18,     0.92,     1.12,  -999.99,  -999.99,  -999.99
cty,04089,CA: Shasta County,1981,02,PRCP,     0.01,     0.01,     0.00,     0.00,     0.04,     0.95,     0.00,     0.00,     0.00,     0.00,     9.33,     0.98,     5.97,    52.22,     0.01,     0.10,     8.93,     0.00,     0.05,     6.13,     0.00,     0.00,     0.00,    11.22,    16.04,     5.78,     5.66,     0.00,  -999.99,  -999.99,  -999.99
cty,04091,CA: Sierra County,1981,02,PRCP,     0.88,     0.00,     0.00,     0.00,     0.00,     0.00,     0.00,     0.00,     3.06,     0.00,     3.07,     0.26,     0.38,    39.60,     0.66,     0.00,     8.11,     0.00,     0.00,     5.50,     0.00,     0.00,     0.00,    10.46,    11.46,     3.68,     2.35,     0.00,  -999.99,  -999.99,  -999.99
cty,04093,CA: Siskiyou County,1981,02,PRCP,     0.13,     0.00,     0.00,     0.00,     0.96,     0.75,     0.00,     0.05,     0.19,     0.01,     8.06,     0.71,     4.88,    33.69,     1.87,     4.39,    16.44,     2.71,     5.57,    10.54,     0.00,     0.00,     0.01,     6.95,     8.97,     4.17,     1.44,     0.00,  -999.99,  -999.99,  -999.99
cty,04095,CA: Solano County,1981,02,PRCP,     0.00,     0.00,     0.00,     0.00,     0.00,     0.00,     0.00,     0.00,     4.15,     0.00,     2.88,     0.06,     2.59,     6.94,     0.00,     0.00,     0.09,     0.00,     0.00,     0.00,     0.00,     0.00,     0.00,     3.06,     3.85,     0.68,     2.54,     0.06,  -999.99,  -999.99,  -999.99
cty,04097,CA: Sonoma County,1981,02,PRCP,     0.00,     0.00,     0.00,     0.00,     0.00,     0.00,     0.00,     0.00,     3.14,     0.00,     4.35,     0.17,    14.44,    35.36,     0.00,     0.00,     1.19,     0.00,     0.06,     0.08,     0.00,     0.00,     0.01,    12.37,    10.06,     6.78,     6.66,     1.38,  -999.99,  -999.99,  -999.99
cty,04099,CA: Stanislaus County,1981,02,PRCP,     0.00,     0.00,     0.00,     0.00,     0.00,     0.00,     0.00,     0.00,    10.97,     0.09,     1.88,     0.00,     0.68,     4.40,     0.00,     0.00,     0.00,     0.00,     0.00,     0.00,     0.00,     0.00,     0.00,     2.54,     3.48,     1.32,     0.16,     0.14,  -999.99,  -999.99,  -999.99
cty,04101,CA: Sutter County,1981,02,PRCP,     0.00,     0.00,     0.00,     0.00,     0.00,     0.00,     0.00,     0.00,     1.43,     0.00,     2.84,     0.27,     3.20,     9.64,     0.00,     0.00,     1.53,     0.00,     0.00,     0.02,     0.00,     0.00,     0.00,     2.69,     2.41,     1.97,     0.76,     0.00,  -999.99,  -999.99,  -999.99
cty,04103,CA: Tehama County,1981,02,PRCP,     0.00,     0.01,     0.00,     0.00,     0.04,     0.38,     0.00,     0.00,     0.02,     0.00,     6.41,     0.53,     8.14,    30.66,     0.31,     0.01,     6.27,     0.01,     0.08,     2.88,     0.00,     0.00,     0.00,     6.89,     6.18,     2.88,     1.91,     0.01,  -999.99,  -999.99,  -999.99
cty,04105,CA: Trinity County,1981,02,PRCP,     0.01,     0.00,     0.00,     0.00,     1.18,     0.23,     0.00,     0.00,     0.02,     0.00,     8.88,     0.68,    16.34,    52.16,     0.60,     2.81,    17.79,     0.45,     4.40,     7.74,     0.00,     0.00,     0.00,    11.46,    14.78,    14.14,     5.01,     0.00,  -999.99,  -999.99,  -999.99
cty,04107,CA: Tulare County,1981,02,PRCP,     0.38,     0.07,     0.03,     0.00,     0.00,     0.00,     0.00,     0.00,    30.10,     4.21,     0.71,     0.01,     0.04,     0.64,     1.23,     0.00,     0.00,     0.00,     0.00,     0.01,     0.00,     0.00,     0.00,     0.00,     1.60,    16.54,     0.09,     0.06,  -999.99,  -999.99,  -999.99
cty,04109,CA: Tuolumne County,1981,02,PRCP,     0.72,     0.49,     0.20,     0.00,     0.00,     0.00,     0.00,     0.00,    17.41,     2.87,     2.64,     0.00,     1.02,    13.52,     2.33,     0.30,     1.55,     0.00,     0.00,     0.32,     0.03,     0.01,     0.00,     8.05,    17.98,     4.53,     0.37,     0.35,  -999.99,  -999.99,  -999.99
cty,04111,CA: Ventura County,1981,02,PRCP,     0.00,     0.00,     0.00,     0.00,     0.00,     0.00,     0.00,     0.01,    33.88,     1.04,     0.00,     0.00,     0.00,     0.00,     0.00,     0.00,     0.06,     0.00,     0.00,     0.00,     0.00,     0.00,     0.00,     0.00,     0.02,    21.58,     0.15,     0.67,  -999.99,  -999.99,  -999.99
cty,04113,CA: Yolo County,1981,02,PRCP,     0.00,     0.00,     0.00,     0.00,     0.00,     0.00,     0.00,     0.00,     2.93,     0.00,     3.49,     0.00,     6.13,     7.22,     0.00,     0.00,     0.35,     0.00,     0.00,     0.00,     0.00,     0.00,     0.00,     3.22,     2.90,     0.78,     1.91,     0.00,  -999.99,  -999.99,  -999.99
cty,04115,CA: Yuba County,1981,02,PRCP,     0.00,     0.00,     0.00,     0.00,     0.00,     0.00,     0.00,     0.00,     0.82,     0.00,     3.71,     0.41,     1.42,    21.94,     0.00,     0.00,     4.92,     0.00,     0.00,     1.81,     0.00,     0.00,     0.00,     9.83,     4.81,     3.66,     2.33,     0.00,  -999.99,  -999.99,  -999.99
cty,05001,CO: Adams County,1981,02,PRCP,     3.90,     0.03,     0.00,     0.00,     0.00,     0.00,     0.00,     0.00,     0.00,     2.67,     0.00,     0.00,     0.00,     0.00,     0.00,     0.00,     0.00,     0.00,     0.00,     0.00,     0.73,     0.00,     0.00,     0.00,     0.00,     0.00,     0.00,     0.00,  -999.99,  -999.99,  -999.99
cty,05003,CO: Alamosa County,1981,02,PRCP,     0.99,     0.03,     0.00,     0.00,     0.00,     0.00,     0.00,     0.00,     0.00,     0.28,     0.05,     0.01,     0.00,     0.00,     0.00,     0.00,     0.00,     0.00,     0.00,     0.00,     2.06,     0.00,     0.00,     0.00,     0.00,     0.00,     0.00,     0.09,  -999.99,  -999.99,  -999.99
cty,05005,CO: Arapahoe County,1981,02,PRCP,     4.21,     0.13,     0.00,     0.00,     0.00,     0.00,     0.00,     0.00,     0.00,     2.72,     0.00,     0.00,     0.00,     0.00,     0.00,     0.00,     0.00,     0.00,     0.00,     0.34,     1.57,     0.00,     0.00,     0.00,     0.00,     0.00,     0.00,     0.00,  -999.99,  -999.99,  -999.99
cty,05007,CO: Archuleta County,1981,02,PRCP,     1.70,     0.11,     0.00,     0.00,     0.00,     0.00,     0.00,     0.00,     2.29,     3.27,     0.22,     0.07,     0.44,     0.00,     0.20,     0.00,     0.00,     0.00,     0.00,     0.00,     0.04,     0.00,     0.00,     0.00,     0.00,     2.88,     3.51,     0.00,  -999.99,  -999.99,  -999.99
cty,05009,CO: Baca County,1981,02,PRCP,     0.95,     0.00,     0.00,     0.00,     0.00,     0.00,     0.00,     0.00,     0.00,     0.00,     0.00,     0.00,     0.00,     0.00,     0.00,     0.00,     0.00,     0.00,     0.00,     0.00,     0.00,     0.00,     0.00,     0.00,     0.00,     0.00,     0.00,     0.00,  -999.99,  -999.99,  -999.99
cty,05011,CO: Bent County,1981,02,PRCP,     1.84,     0.00,     0.00,     0.00,     0.00,     0.00,     0.00,     0.00,     0.00,     0.00,     0.00,     0.00,     0.00,     0.00,     0.00,     0.00,     0.00,     0.00,     0.00,     0.00,     0.00,     0.00,     0.00,     0.00,     0.00,     0.00,     0.00,     0.00,  -999.99,  -999.99,  -999.99
cty,05013,CO: Boulder County,1981,02,PRCP,     2.36,     0.39,     0.46,     0.00,     0.01,     0.00,     0.01,     0.19,     0.43,     5.10,     1.35,     0.76,     0.03,     0.01,     0.03,     0.00,     0.00,     0.00,     0.00,     0.00,     2.40,     0.04,     0.01,     0.00,     0.00,     0.00,     0.05,     0.00,  -999.99,  -999.99,  -999.99
cty,05014,CO: Broomfield County,1981,02,PRCP,     1.87,     0.00,     0.00,     0.00,     0.00,     0.00,     0.00,     0.00,     0.00,     3.20,     0.00,     0.00,     0.00,     0.00,     0.00,     0.00,     0.00,     0.00,     0.00,     0.00,     1.62,     0.00,     0.00,     0.00,     0.00,     0.00,     0.00,     0.00,  -999.99,  -999.99,  -999.99
cty,05015,CO: Chaffee County,1981,02,PRCP,     3.60,     1.15,     0.45,     0.00,     0.00,     0.00,     0.00,     0.00,     0.11,     3.03,     1.47,     0.72,     0.00,     0.00,     0.00,     0.00,     0.00,     0.00,     0.00,     0.00,     0.99,     0.01,     0.00,     0.00,     0.00,     0.01,     0.22,     0.06,  -999.99,  -999.99,  -999.99
cty,05017,CO: Cheyenne County,1981,02,PRCP,     0.79,     0.00,     0.00,     0.00,     0.00,     0.00,     0.00,     0.00,     0.00,     0.11,     0.00,     0.00,     0.00,     0.00,     0.00,     0.00,     0.00,     0.00,     0.00,     0.00,     0.00,     0.00,     0.00,     0.00,     0.00,     0.00,     0.00,     0.00,  -999.99,  -999.99,  -999.99
cty,05019,CO: Clear Creek County,1981,02,PRCP,     5.67,     2.66,     0.73,     0.00,     0.00,     0.00,     0.21,     0.00,     1.06,     7.99,     3.68,     1.48,     0.16,     0.02,     0.17,     0.00,     0.00,     0.02,     0.00,     0.00,     3.56,     0.54,     0.00,     0.00,     0.00,     0.00,     0.47,     0.00,  -999.99,  -999.99,  -999.99
cty,05021,CO: Conejos County,1981,02,PRCP,     3.95,     0.13,     0.04,     0.00,     0.00,     0.00,     0.02,     0.00,     0.00,     3.30,     0.71,     0.23,     0.01,     0.00,     0.00,     0.00,     0.01,     0.00,     0.09,     0.00,     1.46,     0.08,     0.00,     0.00,     0.03,     0.31,     1.15,     0.00,  -999.99,  -999.99,  -999.99
cty,05023,CO: Costilla County,1981,02,PRCP,     5.15,     0.20,     0.00,     0.00,     0.00,     0.00,     0.00,     0.00,     0.00,     0.36,     0.66,     0.22,     0.05,     0.00,     0.00,     0.00,     0.00,     0.00,     0.04,     0.00,     2.41,     0.06,     0.00,     0.00,     0.00,     0.01,     0.00,     0.04,  -999.99,  -999.99,  -999.99
cty,05025,CO: Crowley County,1981,02,PRCP,     1.57,     0.01,     0.00,     0.00,     0.00,     0.00,     0.00,     0.00,     0.00,     0.05,     0.01,     0.00,     0.00,     0.00,     0.00,     0.00,     0.00,     0.00,     0.00,     0.00,     0.00,     0.00,     0.00,     0.00,     0.00,     0.00,     0.00,     0.00,  -999.99,  -999.99,  -999.99
cty,05027,CO: Custer County,1981,02,PRCP,     3.51,     0.46,     0.00,     0.00,     0.00,     0.00,     0.00,     0.00,     0.00,     2.24,     0.83,     0.22,     0.30,     0.00,     0.00,     0.00,     0.00,     0.00,     0.00,     0.00,     5.65,     0.26,     0.00,     0.00,     0.00,     0.02,     0.00,     0.00,  -999.99,  -999.99,  -999.99
cty,05029,CO: Delta County,1981,02,PRCP,     3.75,     0.57,     0.00,     0.00,     0.00,     0.00,     0.00,     0.00,     0.25,     3.92,     0.08,     0.17,     0.01,     0.00,     0.53,     0.00,     0.00,     0.00,     0.00,     0.00,     0.56,     0.00,     0.00,     0.00,     0.00,     0.71,     8.26,     0.03,  -999.99,  -999.99,  -999.99
cty,05031,CO: Denver County,1981,02,PRCP,     3.92,     0.00,     0.00,     0.00,     0.00,     0.00,     0.00,     0.00,     0.00,     3.66,     0.00,     0.00,     0.00,     0.00,     0.00,     0.00,     0.00,     0.00,     0.00,     0.00,     1.24,     0.00,     0.00,     0.00,     0.00,     0.00,     0.00,     0.00,  -999.99,  -999.99,  -999.99
cty,05033,CO: Dolores County,1981,02,PRCP,     3.80,     0.40,     0.00,     0.00,     0.00,     0.00,     0.00,     0.00,     5.77,     5.28,     0.51,     0.15,     0.00,     0.00,     0.00,     0.00,     0.00,     0.00,     0.00,     0.00,     0.03,     0.00,     0.00,     0.00,     0.00,     5.16,     3.16,     0.14,  -999.99,  -999.99,  -999.99
cty,05035,CO: Douglas County,1981,02,PRCP,     3.46,     0.00,     0.00,     0.00,     0.00,     0.00,     0.00,     0.00,     0.01,     3.48,     0.10,     0.00,     0.00,     0.00,     0.00,     0.00,     0.00,     0.00,     0.00,     0.15,     8.22,     0.11,     0.00,     0.00,     0.00,     0.00,     0.00,     0.00,  -999.99,  -999.99,  -999.99
cty,05037,CO: Eagle County,1981,02,PRCP,     5.74,     3.50,     0.03,     0.01,     0.00,     0.00,     0.15,     0.00,     0.04,     6.89,     0.91,     1.16,     0.00,     0.10,     0.17,     0.00,     0.00,     0.00,     0.00,     0.02,     3.07,     0.32,     0.00,     0.00,     0.02,     0.00,     2.81,     0.02,  -999.99,  -999.99,  -999.99
cty,05039,CO: Elbert County,1981,02,PRCP,     2.11,     0.02,     0.00,     0.00,     0.00,     0.00,     0.00,     0.00,     0.00,     1.39,     0.00,     0.00,     0.00,     0.00,     0.00,     0.00,     0.00,     0.00,     0.00,     0.00,     1.43,     0.00,     0.00,     0.00,     0.00,     0.00,     0.00,     0.00,  -999.99,  -999.99,  -999.99
cty,05041,CO: El Paso County,1981,02,PRCP,     1.18,     0.03,     0.01,     0.00,     0.00,     0.00,     0.00,     0.00,     0.00,     1.55,     0.16,     0.02,     0.00,     0.00,     0.00,     0.00,     0.00,     0.00,     0.00,     0.01,     1.38,     0.03,     0.00,     0.00,     0.00,     0.00,     0.00,     0.00,  -999.99,  -999.99,  -999.99
cty,05043,CO: Fremont County,1981,02,PRCP,     1.45,     0.02,     0.00,     0.00,     0.00,     0.00,     0.00,     0.00,     0.00,     2.81,     0.35,     0.01,     0.00,     0.00,     0.00,     0.00,     0.00,     0.00,     0.00,     0.00,     3.04,     0.01,     0.00,     0.00,     0.00,     0.00,     0.01,     0.00,  -999.99,  -999.99,  -999.99
cty,05045,CO: Garfield County,1981,02,PRCP,     7.00,     1.53,     0.25,     0.00,     0.00,     0.00,     0.01,     0.01,     0.15,     5.34,     0.81,     1.17,     0.38,     0.04,     0.54,     0.00,     0.00,     0.00,     0.00,     0.00,     1.19,     0.03,     0.00,     0.00,     0.00,     0.02,     8.44,     0.27,  -999.99,  -999.99,  -999.99
cty,05047,CO: Gilpin County,1981,02,PRCP,     3.07,     1.02,     0.48,     0.00,     0.00,     0.00,     0.07,     0.00,     1.53,     6.67,     3.83,     0.24,     0.15,     0.00,     0.12,     0.00,     0.00,     0.00,     0.00,     0.00,     3.50,     0.26,     0.00,     0.00,     0.00,     0.00,     0.00,     0.00,  -999.99,  -999.99,  -999.99
cty,05049,CO: Grand County,1981,02,PRCP,     4.51,     3.32,     0.26,     0.00,     0.00,     0.00,     0.09,     0.70,     0.41,     5.01,     0.46,     2.95,     0.07,     0.45,     0.18,     0.03,     0.00,     0.37,     0.01,     0.42,     1.86,     0.38,     0.01,     0.48,     0.00,     0.00,     1.64,     0.01,  -999.99,  -999.99,  -999.99
cty,05051,CO: Gunnison County,1981,02,PRCP,     7.87,     2.14,     0.04,     0.00,     0.00,     0.01,     0.00,     0.03,     0.86,     5.36,     1.11,     0.60,     0.80,     0.02,     0.21,     0.00,     0.00,     0.01,     0.00,     0.03,     0.70,     0.03,     0.00,     0.01,     0.01,     0.22,     3.43,     0.18,  -999.99,  -999.99,  -999.99
cty,05053,CO: Hinsdale County,1981,02,PRCP,     9.54,     1.64,     0.36,     0.00,     0.00,     0.00,     0.00,     0.00,     0.40,     5.20,     2.97,     1.03,     0.00,     0.16,     0.00,     0.00,     0.00,     0.00,     0.00,     0.00,     0.29,     0.08,     0.00,     0.00,     0.23,     0.71,     9.73,     0.71,  -999.99,  -999.99,  -999.99
cty,05055,CO: Huerfano County,1981,02,PRCP,     2.55,     0.47,     0.00,     0.00,     0.00,     0.00,     0.00,     0.00,     0.00,     2.45,     0.33,     0.04,     0.38,     0.00,     0.00,     0.00,     0.00,     0.00,     0.00,     0.00,     6.39,     0.03,     0.00,     0.00,     0.00,     0.04,     0.00,     0.00,  -999.99,  -999.99,  -999.99
cty,05057,CO: Jackson County,1981,02,PRCP,     5.41,     6.20,     0.28,     0.02,     0.00,     0.06,     0.08,     2.54,     1.53,     6.56,     0.63,     3.24,     0.28,     0.42,     0.36,     0.01,     0.00,     0.67,     0.08,     0.13,     3.45,     0.39,     0.04,     0.58,     0.02,     0.16,     1.37,     0.27,  -999.99,  -999.99,  -999.99
cty,05059,CO: Jefferson County,1981,02,PRCP,     1.47,     0.02,     0.00,     0.00,     0.00,     0.00,     0.00,     0.00,     0.00,     5.31,     0.70,     0.00,     0.00,     0.00,     0.00,     0.00,     0.00,     0.00,     0.00,     0.00,     8.38,     0.00,     0.00,     0.00,     0.00,     0.00,     0.00,     0.00,  -999.99,  -999.99,  -999.99
cty,05061,CO: Kiowa County,1981,02,PRCP,     1.15,     0.00,     0.00,     0.00,     0.00,     0.00,     0.00,     0.00,     0.00,     0.01,     0.04,     0.00,     0.00,     0.00,     0.00,     0.00,     0.00,     0.00,     0.00,     0.00,     0.00,     0.00,     0.00,     0.00,     0.00,     0.00,     0.00,     0.00,  -999.99,  -999.99,  -999.99
cty,05063,CO: Kit Carson County,1981,02,PRCP,     1.60,     0.00,     0.00,     0.00,     0.00,     0.00,     0.00,     0.01,     0.00,     0.21,     0.01,     0.00,     0.00,     0.00,     0.00,     0.00,     0.00,     0.00,     0.00,     0.00,     0.00,     0.00,     0.00,     0.00,     0.00,     0.00,     0.00,     0.00,  -999.99,  -999.99,  -999.99
cty,05065,CO: Lake County,1981,02,PRCP,     6.64,     4.11,     0.18,     0.00,     0.00,     0.00,     0.14,     0.00,     0.16,     5.68,     2.47,     1.11,     0.00,     0.00,     0.00,     0.00,     0.00,     0.00,     0.01,     0.00,     0.95,     0.18,     0.00,     0.00,     0.01,     0.03,     1.20,     0.00,  -999.99,  -999.99,  -999.99
cty,05067,CO: La Plata County,1981,02,PRCP,     1.27,     0.04,     0.03,     0.00,     0.00,     0.00,     0.00,     0.00,     3.27,     3.94,     0.11,     0.00,     0.00,     0.00,     0.01,     0.00,     0.00,     0.00,     0.00,     0.00,     0.00,     0.00,     0.00,     0.00,     0.00,     0.63,     8.80,     0.09,  -999.99,  -999.99,  -999.99
cty,05069,CO: Larimer County,1981,02,PRCP,     2.85,     2.27,     0.38,     0.00,     0.00,     0.03,     0.07,     0.68,     1.32,     4.67,     1.13,     0.75,     0.27,     0.08,     0.03,     0.00,     0.00,     0.07,     0.05,     0.04,     1.96,     0.30,     0.01,     0.07,     0.00,     0.23,     0.17,     0.00,  -999.99,  -999.99,  -999.99
cty,05071,CO: Las Animas County,1981,02,PRCP,     2.05,     0.29,     0.00,     0.00,     0.00,     0.00,     0.00,     0.00,     0.00,     0.57,     0.14,     0.02,     0.12,     0.00,     0.00,     0.00,     0.00,     0.00,     0.00,     0.04,     2.47,     0.01,     0.00,     0.00,     0.00,     0.01,     0.00,     0.00,  -999.99,  -999.99,  -999.99
cty,05073,CO: Lincoln County,1981,02,PRCP,     1.62,     0.00,     0.00,     0.00,     0.00,     0.00,     0.00,     0.00,     0.00,     0.29,     0.00,     0.00,     0.00,     0.00,     0.00,     0.00,     0.00,     0.00,     0.00,     0.00,     0.01,     0.00,     0.00,     0.00,     0.00,     0.00,     0.00,     0.00,  -999.99,  -999.99,  -999.99
cty,05075,CO: Logan County,1981,02,PRCP,     2.13,     0.00,     0.00,     0.00,     0.00,     0.00,     0.00,     0.36,     0.00,     2.63,     0.00,     0.00,     0.00,     0.00,     0.00,     0.00,     0.00,     0.00,     0.00,     0.00,     0.00,     0.00,     0.00,     0.00,     0.00,     0.00,     0.00,     0.00,  -999.99,  -999.99,  -999.99
cty,05077,CO: Mesa County,1981,02,PRCP,     3.96,     0.44,     0.00,     0.00,     0.00,     0.00,     0.00,     0.00,     0.51,     3.93,     0.18,     0.23,     0.01,     0.00,     0.07,     0.00,     0.00,     0.00,     0.00,     0.02,     0.65,     0.00,     0.00,     0.00,     0.00,     0.76,     3.77,     0.02,  -999.99,  -999.99,  -999.99
cty,05079,CO: Mineral County,1981,02,PRCP,     8.54,     0.51,     0.24,     0.00,     0.00,     0.00,     0.00,     0.03,     0.37,     7.13,     1.09,     0.41,     0.01,     0.03,     0.00,     0.00,     0.00,     0.00,     0.00,     0.00,     0.00,     0.00,     0.00,     0.00,     0.08,     1.19,     6.29,     0.28,  -999.99,  -999.99,  -999.99
cty,05081,CO: Moffat County,1981,02,PRCP,     4.39,     0.38,     0.01,     0.00,     0.00,     0.00,     0.00,     0.03,     0.01,     3.53,     0.01,     0.30,     0.03,     0.00,     0.31,     0.00,     0.00,     0.14,     0.00,     0.00,     1.48,     0.01,     0.00,     0.00,     0.00,     0.00,     2.33,     0.02,  -999.99,  -999.99,  -999.99
cty,05083,CO: Montezuma County,1981,02,PRCP,     0.51,     0.00,     0.00,     0.00,     0.00,     0.00,     0.00,     0.00,     7.17,     3.64,     0.01,     0.00,     0.00,     0.00,     0.00,     0.00,     0.00,     0.00,     0.00,     0.00,     0.00,     0.00,     0.00,     0.00,     0.00,     3.02,     3.20,     0.01,  -999.99,  -999.99,  -999.99
cty,05085,CO: Montrose County,1981,02,PRCP,     3.15,     0.26,     0.00,     0.00,     0.00,     0.00,     0.00,     0.00,     1.80,     3.82,     0.06,     0.08,     0.00,     0.00,     0.00,     0.00,     0.00,     0.00,     0.00,     0.00,     0.63,     0.00,     0.00,     0.00,     0.00,     1.58,     3.08,     0.00,  -999.99,  -999.99,  -999.99
cty,05087,CO: Morgan County,1981,02,PRCP,     2.26,     0.00,     0.00,     0.00,     0.00,     0.00,     0.00,     0.03,     0.00,     1.46,     0.00,     0.00,     0.00,     0.00,     0.00,     0.00,     0.00,     0.00,     0.00,     0.00,     0.03,     0.00,     0.00,     0.00,     0.00,     0.00,     0.00,     0.00,  -999.99,  -999.99,  -999.99
cty,05089,CO: Otero County,1981,02,PRCP,     1.32,     0.01,     0.00,     0.00,     0.00,     0.00,     0.00,     0.00,     0.00,     0.00,     0.01,     0.00,     0.00,     0.00,     0.00,     0.00,     0.00,     0.00,     0.00,     0.00,     0.46,     0.00,     0.00,     0.00,     0.00,     0.00,     0.00,     0.00,  -999.99,  -999.99,  -999.99
cty,05091,CO: Ouray County,1981,02,PRCP,     6.98,     2.10,     0.00,     0.00,     0.00,     0.00,     0.00,     0.00,     0.00,     2.41,     2.18,     0.18,     0.00,     0.00,     0.00,     0.00,     0.00,     0.00,     0.00,     0.00,     2.68,     0.03,     0.00,     0.00,     0.00,     0.60,     5.34,     0.18,  -999.99,  -999.99,  -999.99
cty,05093,CO: Park County,1981,02,PRCP,     4.00,     0.67,     0.19,     0.00,     0.00,     0.00,     0.00,     0.00,     0.03,     4.22,     1.25,     0.39,     0.00,     0.00,     0.00,     0.00,     0.00,     0.00,     0.00,     0.00,     5.05,     0.03,     0.00,     0.00,     0.00,     0.00,     0.22,     0.00,  -999.99,  -999.99,  -999.99
cty,05095,CO: Phillips County,1981,02,PRCP,     1.50,     0.00,     0.00,     0.00,     0.00,     0.00,     0.00,     0.00,     0.05,     2.18,     0.04,     0.00,     0.00,     0.00,     0.00,     0.00,     0.00,     0.00,     0.00,     0.00,     0.00,     0.00,     0.00,     0.00,     0.00,     0.00,     0.00,     0.00,  -999.99,  -999.99,  -999.99
cty,05097,CO: Pitkin County,1981,02,PRCP,     8.80,     5.44,     0.00,     0.00,     0.00,     0.00,     0.06,     0.00,     0.25,     6.97,     2.31,     1.68,     0.01,     0.15,     0.08,     0.00,     0.00,     0.00,     0.00,     0.12,     2.02,     0.18,     0.00,     0.00,     0.07,     0.17,     3.49,     0.09,  -999.99,  -999.99,  -999.99
cty,05099,CO: Prowers County,1981,02,PRCP,     0.72,     0.00,     0.00,     0.00,     0.00,     0.00,     0.00,     0.00,     0.00,     0.00,     0.00,     0.00,     0.00,     0.00,     0.00,     0.00,     0.00,     0.00,     0.00,     0.00,     0.00,     0.00,     0.00,     0.00,     0.00,     0.00,     0.00,     0.00,  -999.99,  -999.99,  -999.99
cty,05101,CO: Pueblo County,1981,02,PRCP,     1.47,     0.29,     0.00,     0.00,     0.00,     0.00,     0.00,     0.00,     0.00,     0.74,     0.02,     0.00,     0.02,     0.00,     0.00,     0.00,     0.00,     0.00,     0.00,     0.00,     1.84,     0.00,     0.00,     0.00,     0.00,     0.00,     0.00,     0.00,  -999.99,  -999.99,  -999.99
cty,05103,CO: Rio Blanco County,1981,02,PRCP,     5.66,     0.95,     0.03,     0.00,     0.00,     0.00,     0.06,     0.00,     0.02,     5.55,     0.15,     0.56,     0.08,     0.00,     0.39,     0.01,     0.00,     0.00,     0.00,     0.00,     2.53,     0.11,     0.00,     0.00,     0.00,     0.01,     4.43,     0.02,  -999.99,  -999.99,  -999.99
cty,05105,CO: Rio Grande County,1981,02,PRCP,     2.31,     0.12,     0.05,     0.00,     0.00,     0.00,     0.00,     0.00,     0.00,     1.60,     0.67,     0.54,     0.00,     0.00,     0.00,     0.00,     0.00,     0.00,     0.00,     0.00,     1.04,     0.02,     0.00,     0.00,     0.09,     0.10,     0.57,     0.00,  -999.99,  -999.99,  -999.99
cty,05107,CO: Routt County,1981,02,PRCP,     6.08,     5.28,     0.58,     0.02,     0.00,     0.00,     0.04,     1.20,     0.66,     6.22,     0.39,     3.36,     0.97,     0.46,     1.59,     0.00,     0.00,     0.75,     0.13,     0.00,     4.62,     0.20,     0.10,     0.27,     0.05,     0.06,     2.65,     0.52,  -999.99,  -999.99,  -999.99
cty,05109,CO: Saguache County,1981,02,PRCP,     3.22,     0.51,     0.04,     0.00,     0.00,     0.00,     0.00,     0.00,     0.01,     2.08,     0.72,     0.33,     0.02,     0.01,     0.00,     0.00,     0.00,     0.00,     0.00,     0.00,     1.00,     0.02,     0.00,     0.00,     0.04,     0.01,     0.48,     0.02,  -999.99,  -999.99,  -999.99
cty,05111,CO: San Juan County,1981,02,PRCP,    14.08,     2.35,     0.28,     0.00,     0.00,     0.00,     0.00,     0.00,     3.20,     9.57,     3.80,     0.60,     0.00,     0.02,     0.01,     0.00,     0.00,     0.00,     0.00,     0.00,     0.00,     0.00,     0.00,     0.00,     0.01,     5.91,     9.62,     1.51,  -999.99,  -999.99,  -999.99
cty,05113,CO: San Miguel County,1981,02,PRCP,     4.70,     0.88,     0.00,     0.00,     0.00,     0.00,     0.00,     0.00,     2.39,     3.51,     1.05,     0.08,     0.00,     0.00,     0.00,     0.00,     0.00,     0.00,     0.00,     0.00,     0.89,     0.00,     0.00,     0.00,     0.00,     2.32,     2.67,     0.11,  -999.99,  -999.99,  -999.99
cty,05115,CO: Sedgwick County,1981,02,PRCP,     1.14,     0.01,     0.00,     0.00,     0.00,     0.00,     0.00,     0.00,     0.00,     2.11,     0.00,     0.00,     0.00,     0.00,     0.00,     0.00,     0.00,     0.00,     0.00,     0.00,     0.00,     0.00,     0.00,     0.00,     0.00,     0.00,     0.00,     0.00,  -999.99,  -999.99,  -999.99
cty,05117,CO: Summit County,1981,02,PRCP,     5.82,     4.19,     0.03,     0.00,     0.00,     0.00,     0.31,     0.00,     0.08,     7.65,     1.34,     1.45,     0.02,     0.00,     0.13,     0.00,     0.00,     0.00,     0.00,     0.00,     3.68,     0.60,     0.00,     0.01,     0.00,     0.00,     1.21,     0.00,  -999.99,  -999.99,  -999.99
cty,05119,CO: Teller County,1981,02,PRCP,     4.94,     0.06,     0.00,     0.00,     0.00,     0.00,     0.00,     0.00,     0.00,     4.23,     0.85,     0.07,     0.00,     0.00,     0.00,     0.00,     0.00,     0.00,     0.00,     0.00,     6.14,     0.13,     0.00,     0.00,     0.00,     0.00,     0.00,     0.00,  -999.99,  -999.99,  -999.99
cty,05121,CO: Washington County,1981,02,PRCP,     1.59,     0.00,     0.00,     0.00,     0.00,     0.00,     0.00,     0.05,     0.00,     0.46,     0.00,     0.00,     0.00,     0.00,     0.00,     0.00,     0.00,     0.00,     0.00,     0.00,     0.03,     0.00,     0.00,     0.00,     0.00,     0.00,     0.00,     0.00,  -999.99,  -999.99,  -999.99
cty,05123,CO: Weld County,1981,02,PRCP,     2.07,     0.00,     0.00,     0.00,     0.00,     0.00,     0.00,     0.09,     0.00,     2.51,     0.00,     0.00,     0.00,     0.00,     0.00,     0.00,     0.00,     0.01,     0.00,     0.00,     0.01,     0.00,     0.00,     0.00,     0.00,     0.00,     0.00,     0.00,  -999.99,  -999.99,  -999.99
cty,05125,CO: Yuma County,1981,02,PRCP,     0.73,     0.00,     0.00,     0.00,     0.00,     0.00,     0.00,     0.00,     0.03,     0.69,     0.01,     0.00,     0.00,     0.00,     0.00,     0.00,     0.00,     0.00,     0.00,     0.00,     0.00,     0.00,     0.00,     0.00,     0.00,     0.00,     0.00,     0.00,  -999.99,  -999.99,  -999.99
cty,06001,CT: Fairfield County,1981,02,PRCP,     0.00,     8.26,    22.74,     0.00,     0.14,     0.00,     0.00,     6.60,     7.64,     0.00,     3.17,    27.02,     0.00,     0.00,     0.00,     0.00,     0.89,     0.00,     0.00,    25.37,    41.12,     8.76,     0.00,    28.71,     0.21,     6.44,     1.02,     0.00,  -999.99,  -999.99,  -999.99
cty,06003,CT: Hartford County,1981,02,PRCP,     0.00,     7.28,    25.15,     0.00,     0.45,     0.00,     0.00,     9.47,     7.18,     0.00,     2.58,    24.53,     0.00,     0.00,     0.00,     0.00,     1.46,     0.00,     0.00,    21.58,    55.55,     6.92,     0.00,    38.59,     4.49,    19.42,     1.61,     0.00,  -999.99,  -999.99,  -999.99
cty,06005,CT: Litchfield County,1981,02,PRCP,     0.00,    16.35,    25.24,     0.02,     0.55,     0.00,     0.07,     6.05,    11.14,     0.00,     6.78,    35.59,     0.00,     0.00,     0.00,     0.00,     2.68,     0.00,     0.00,    23.90,    46.03,     7.72,     0.00,    35.37,     1.29,    14.30,     2.50,     0.00,  -999.99,  -999.99,  -999.99
cty,06007,CT: Middlesex County,1981,02,PRCP,     0.00,     3.56,    21.90,     0.00,     0.50,     0.00,     0.00,    11.70,     5.84,     0.00,     1.15,    10.20,     0.00,     0.00,     0.00,     0.00,     1.04,     0.00,     0.00,    21.39,    52.36,     6.98,     0.03,    32.95,     3.28,    11.15,     1.03,     0.00,  -999.99,  -999.99,  -999.99
cty,06009,CT: New Haven County,1981,02,PRCP,     0.00,     5.71,    22.69,     0.00,     0.29,     0.00,     0.00,    10.06,     6.80,     0.00,     2.69,    19.87,     0.00,     0.00,     0.00,     0.00,     0.64,     0.00,     0.00,    23.46,    45.66,     9.31,     0.00,    33.74,     0.88,     9.88,     1.02,     0.00,  -999.99,  -999.99,  -999.99
cty,06011,CT: New London County,1981,02,PRCP,     0.00,     2.45,    19.65,     0.00,     0.60,     0.00,     0.00,     9.61,     6.45,     0.00,     0.70,     6.63,     0.00,     0.00,     0.00,     0.00,     0.93,     0.00,     0.00,    15.27,    40.58,     5.33,     0.00,    24.58,     8.41,     8.90,     1.23,     0.00,  -999.99,  -999.99,  -999.99
cty,06013,CT: Tolland County,1981,02,PRCP,     0.00,     5.78,    25.05,     0.01,     0.76,     0.00,     0.00,     9.72,     6.55,     0.00,     0.87,    17.41,     0.00,     0.00,     0.00,     0.00,     2.65,     0.00,     0.00,    19.65,    47.46,     4.39,     0.00,    33.98,    10.23,    16.06,     1.21,     0.00,  -999.99,  -999.99,  -999.99
cty,06015,CT: Windham County,1981,02,PRCP,     0.00,     3.99,    24.68,     0.01,     0.69,     0.00,     0.00,     9.38,     7.31,     0.00,     0.80,    13.22,     0.00,     0.00,     0.00,     0.00,     1.80,     0.00,     0.00,    14.71,    42.36,     4.74,     0.00,    28.82,    15.20,    15.50,     2.09,     0.00,  -999.99,  -999.99,  -999.99
cty,07001,DE: Kent County,1981,02,PRCP,     0.00,     3.37,    12.47,     0.00,     0.00,     0.00,     0.00,     4.17,     4.92,     0.00,     1.80,    15.62,     0.00,     0.00,     0.00,     0.00,     0.00,     0.00,     0.00,     4.81,    13.69,     3.58,     1.69,    12.35,     0.22,     0.00,     0.00,     0.00,  -999.99,  -999.99,  -999.99
cty,07003,DE: New Castle County,1981,02,PRCP,     0.00,     6.02,    13.67,     0.00,     0.00,     0.00,     0.00,     1.63,     6.00,     0.00,     3.17,    18.34,     0.00,     0.00,     0.00,     0.00,     0.01,     0.00,     0.00,     6.91,     8.60,     3.18,     3.13,    15.90,     0.26,     0.00,     0.00,     0.00,  -999.99,  -999.99,  -999.99
cty,07005,DE: Sussex County,1981,02,PRCP,     0.00,     2.66,    15.02,     0.00,     0.00,     0.00,     0.00,     8.72,     5.55,     0.00,     1.43,    17.80,     0.00,     0.00,     0.00,     0.00,     0.00,     0.00,     0.00,     4.94,    24.16,     4.95,     1.00,    12.66,     0.30,     0.00,     0.00,     0.00,  -999.99,  -999.99,  -999.99
cty,08001,FL: Alachua County,1981,02,PRCP,     0.00,    13.23,     0.00,     0.00,     0.00,     0.00,     7.35,    26.78,     0.87,     0.00,    33.23,     6.32,     0.00,     0.00,     1.94,     0.88,     0.38,    22.81,    31.47,     0.00,     0.00,     0.00,     0.00,     0.00,     0.00,     0.00,     0.00,     0.00,  -999.99,  -999.99,  -999.99
cty,08003,FL: Baker County,1981,02,PRCP,     0.00,    14.92,     0.00,     0.00,     0.00,     0.00,     6.57,     7.33,     0.00,     0.00,    53.70,     0.30,     0.00,     0.00,     1.01,     0.57,     0.86,    28.93,    35.24,     0.00,     0.00,     0.00,     0.00,     0.00,     0.00,     0.00,     0.00,     0.00,  -999.99,  -999.99,  -999.99
cty,08005,FL: Bay County,1981,02,PRCP,     0.00,    13.92,     0.00,     0.00,     0.00,     9.76,    10.40,     2.71,     0.00,     0.00,   127.42,     0.00,     0.00,     0.00,     0.00,     0.16,     4.76,    20.94,     0.16,     0.00,     0.00,     0.00,     2.21,     0.00,     0.00,     0.00,     0.00,     0.00,  -999.99,  -999.99,  -999.99
cty,08007,FL: Bradford County,1981,02,PRCP,     0.00,    12.60,     0.00,     0.00,     0.00,     0.00,     6.33,    16.71,     0.46,     0.00,    35.27,     5.24,     0.00,     0.00,     2.07,     0.73,     0.75,    24.76,    38.78,     0.00,     0.00,     0.00,     0.00,     0.00,     0.00,     0.00,     0.00,     0.00,  -999.99,  -999.99,  -999.99
cty,08009,FL: Brevard County,1981,02,PRCP,     0.00,     0.87,    11.08,     0.00,     0.00,     0.00,     0.27,    10.57,    41.26,     0.05,     0.00,     3.56,     0.29,     4.02,     9.50,     4.28,     4.45,     4.04,     8.47,     0.23,     0.00,     0.00,     0.00,     0.00,     0.00,     0.00,     0.00,     0.00,  -999.99,  -999.99,  -999.99
cty,08011,FL: Broward County,1981,02,PRCP,     0.00,     0.00,    14.05,     0.00,     0.00,     0.00,     0.00,     0.00,     8.03,     0.00,     0.00,     6.88,     6.08,     5.28,     0.59,     0.00,     0.00,     0.00,    48.07,     6.21,     0.00,     0.00,     0.00,     0.00,     0.00,     0.00,     0.00,     0.00,  -999.99,  -999.99,  -999.99
cty,08013,FL: Calhoun County,1981,02,PRCP,     0.00,    14.53,     0.00,     0.00,     0.00,     9.83,    12.64,     1.44,     0.00,     0.00,   123.96,     0.00,     0.00,     0.00,     0.00,     0.00,     1.48,    17.04,     0.00,     0.00,     0.00,     0.00,     2.13,     0.00,     0.00,     0.00,     0.00,     0.00,  -999.99,  -999.99,  -999.99
cty,08015,FL: Charlotte County,1981,02,PRCP,     0.00,     0.38,    16.56,     0.00,     0.00,     0.00,     0.00,     8.60,    43.51,     0.00,     0.00,     1.99,     0.00,     0.05,     0.00,     0.19,     0.00,     0.00,     2.17,     0.00,     0.00,     0.00,     0.00,     0.00,     0.00,     0.00,     0.00,     0.00,  -999.99,  -999.99,  -999.99
cty,08017,FL: Citrus County,1981,02,PRCP,     0.00,     9.49,     0.24,     0.00,     0.00,     0.00,     5.79,    52.89,     1.78,     0.04,     1.45,    16.79,     0.00,     2.58,     1.01,     2.40,     0.00,     2.01,    14.70,     0.00,     0.00,     0.00,     0.00,     0.00,     0.00,     0.00,     0.00,     0.00,  -999.99,  -999.99,  -999.99
cty,08019,FL: Clay County,1981,02,PRCP,     0.00,     9.35,     0.00,     0.00,     0.00,     0.00,     4.93,    15.76,     2.35,     0.00,    21.59,     9.90,     0.00,     0.00,     2.89,     0.80,     1.08,    15.04,    44.88,     0.03,     0.00,     0.00,     0.00,     0.00,     0.00,     0.00,     0.00,     0.00,  -999.99,  -999.99,  -999.99
cty,08021,FL: Collier County,1981,02,PRCP,     0.00,     0.00,    10.65,     0.00,     0.00,     0.00,     0.00,     0.00,    18.53,     0.00,     0.00,     1.23,     0.09,     0.78,     0.01,     0.00,     0.00,     0.00,    30.31,     0.15,     0.00,     0.00,     0.00,     0.00,     0.00,     0.00,     0.00,     0.00,  -999.99,  -999.99,  -999.99
cty,08023,FL: Columbia County,1981,02,PRCP,     0.00,    16.62,     0.00,     0.00,     0.00,     0.01,     7.58,     7.79,     0.00,     0.00,    64.70,     0.00,     0.00,     0.00,     0.66,     0.54,     0.34,    37.55,    26.30,     0.00,     0.00,     0.00,     0.00,     0.00,     0.00,     0.00,     0.00,     0.00,  -999.99,  -999.99,  -999.99
cty,08027,FL: DeSoto County,1981,02,PRCP,     0.00,     0.10,    17.77,     0.00,     0.00,     0.00,     0.04,    11.25,    51.30,     0.00,     0.00,     2.99,     0.00,     0.63,     0.00,     0.52,     0.00,     0.00,     1.12,     0.00,     0.00,     0.00,     0.00,     0.00,     0.00,     0.00,     0.00,     0.00,  -999.99,  -999.99,  -999.99
cty,08029,FL: Dixie County,1981,02,PRCP,     0.00,    12.43,     0.00,     0.00,     0.00,     0.00,     9.61,    19.89,     0.17,     0.00,    43.16,     1.62,     0.00,     0.00,     0.01,     0.00,     0.00,    14.91,     5.52,     0.02,     0.00,     0.00,     0.00,     0.00,     0.00,     0.00,     0.00,     0.00,  -999.99,  -999.99,  -999.99
cty,08031,FL: Duval County,1981,02,PRCP,     0.00,     8.89,     0.16,     0.00,     0.00,     0.00,     6.26,     8.89,     1.88,     0.00,    22.45,    14.77,     0.00,     0.00,     1.70,     0.96,     1.55,    11.18,    46.59,     0.65,     0.00,     0.00,     0.00,     0.00,     0.00,     0.00,     0.00,     0.00,  -999.99,  -999.99,  -999.99
cty,08033,FL: Escambia County,1981,02,PRCP,     1.15,    19.75,     0.00,     0.00,     0.00,    22.81,     4.08,     0.27,     0.00,     9.12,   120.09,     0.00,     0.00,     0.00,     0.28,     3.15,     2.17,     0.42,     0.40,     0.00,     0.00,     0.00,     1.82,     0.00,     0.00,     0.00,     0.00,     0.00,  -999.99,  -999.99,  -999.99
cty,08035,FL: Flagler County,1981,02,PRCP,     0.00,     5.05,     0.00,     0.00,     0.00,     0.00,     1.43,    24.42,     9.39,     0.00,     2.91,    10.39,     0.00,     0.06,     5.98,     1.01,     1.71,     7.78,    46.40,     0.00,     0.00,     0.00,     0.00,     0.00,     0.00,     0.00,     0.00,     0.00,  -999.99,  -999.99,  -999.99
cty,08037,FL: Franklin County,1981,02,PRCP,     0.00,    12.32,     0.00,     0.00,     0.00,     6.34,    11.50,     3.94,     0.00,     0.00,    88.83,     0.00,     0.00,     0.00,     0.00,     0.08,     0.37,    10.15,     0.39,     0.00,     0.00,     0.00,     0.84,     0.00,     0.00,     0.00,     0.00,     0.00,  -999.99,  -999.99,  -999.99
cty,08039,FL: Gadsden County,1981,02,PRCP,     0.00,    16.40,     0.00,     0.00,     0.00,     8.63,    12.82,     1.11,     0.00,     0.00,    99.83,     0.00,     0.00,     0.00,     0.00,     0.03,     0.03,     9.71,     0.32,     0.00,     0.00,     0.00,     1.71,     0.00,     0.00,     0.00,     0.00,     0.00,  -999.99,  -999.99,  -999.99
cty,08041,FL: Gilchrist County,1981,02,PRCP,     0.00,    13.79,     0.00,     0.00,     0.00,     0.00,     9.22,    20.43,     0.00,     0.00,    44.91,     1.75,     0.00,     0.00,     0.43,     0.25,     0.00,    23.64,    13.87,     0.00,     0.00,     0.00,     0.00,     0.00,     0.00,     0.00,     0.00,     0.00,  -999.99,  -999.99,  -999.99
cty,08043,FL: Glades County,1981,02,PRCP,     0.00,     0.00,    18.70,     0.00,     0.00,     0.00,     0.00,     0.25,    28.96,     0.00,     0.00,     1.75,     0.00,     1.26,     0.00,     0.58,     0.00,     0.00,     4.49,     0.00,     0.00,     0.00,     0.00,     0.00,     0.00,     0.00,     0.00,     0.00,  -999.99,  -999.99,  -999.99
cty,08045,FL: Gulf County,1981,02,PRCP,     0.00,    11.45,     0.00,     0.00,     0.00,     7.62,    10.70,     3.10,     0.00,     0.00,   100.78,     0.05,     0.18,     0.00,     0.00,     0.22,     2.10,    13.33,     0.17,     0.00,     0.00,     0.00,     1.23,     0.00,     0.00,     0.00,     0.00,     0.00,  -999.99,  -999.99,  -999.99
cty,08047,FL: Hamilton County,1981,02,PRCP,     0.00,    19.29,     0.00,     0.00,     0.00,     0.67,     7.56,     3.71,     0.00,     0.00,    83.55,     0.00,     0.00,     0.00,     0.08,     0.54,     0.04,    25.61,    24.78,     0.00,     0.00,     0.00,     0.00,     0.00,     0.00,     0.00,     0.00,     0.00,  -999.99,  -999.99,  -999.99
cty,08049,FL: Hardee County,1981,02,PRCP,     0.00,     1.12,    15.45,     0.00,     0.00,     0.00,     0.42,    18.65,    60.48,     0.00,     0.00,     4.28,     0.00,     0.60,     0.00,     0.98,     0.00,     0.00,     0.78,     0.00,     0.00,     0.00,     0.00,     0.00,     0.00,     0.00,     0.00,     0.00,  -999.99,  -999.99,  -999.99
cty,08051,FL: Hendry County,1981,02,PRCP,     0.00,     0.00,    14.29,     0.00,     0.00,     0.00,     0.00,     0.00,    18.87,     0.00,     0.00,     0.92,     0.01,     0.75,     0.00,     0.00,     0.00,     0.00,    13.05,     0.00,     0.00,     0.00,     0.00,     0.00,     0.00,     0.00,     0.00,     0.00,  -999.99,  -999.99,  -999.99
cty,08053,FL: Hernando County,1981,02,PRCP,     0.00,    10.35,     1.91,     0.00,     0.00,     0.00,     4.56,    57.65,    10.31,     0.00,     0.00,    17.11,     0.00,     0.00,     0.42,     2.07,     0.00,     0.80,    12.58,     0.00,     0.00,     0.00,     0.00,     0.00,     0.00,     0.00,     0.00,     0.00,  -999.99,  -999.99,  -999.99
cty,08055,FL: Highlands County,1981,02,PRCP,     0.00,     0.00,    21.53,     0.00,     0.00,     0.00,     0.05,     7.52,    52.52,     0.00,     0.00,     3.89,     0.00,     3.60,     0.03,     1.85,     0.00,     0.00,     1.44,     0.00,     0.00,     0.00,     0.00,     0.00,     0.00,     0.00,     0.00,     0.00,  -999.99,  -999.99,  -999.99
cty,08057,FL: Hillsborough County,1981,02,PRCP,     0.00,     8.37,     6.92,     0.00,     0.00,     0.00,     1.77,    40.13,    44.29,     0.00,     0.00,     8.91,     0.00,     0.00,     0.00,     0.57,     0.00,     0.00,     4.35,     0.00,     0.00,     0.00,     0.00,     0.00,     0.00,     0.00,     0.00,     0.00,  -999.99,  -999.99,  -999.99
cty,08059,FL: Holmes County,1981,02,PRCP,     0.01,    18.23,     0.00,     0.00,     0.00,    11.18,     7.95,     0.88,     0.00,     0.42,   133.77,     0.00,     0.00,     0.00,     0.00,     0.15,     2.27,    23.00,     0.00,     0.00,     0.00,     0.00,     3.87,     0.00,     0.00,     0.00,     0.00,     0.00,  -999.99,  -999.99,  -999.99
cty,08061,FL: Indian River County,1981,02,PRCP,     0.06,     0.00,    10.84,     0.00,     0.00,     0.00,     0.00,     3.44,    31.81,     0.00,     0.00,     5.34,     0.63,     7.03,     0.56,     4.73,     1.28,     0.00,     2.36,     0.00,     0.00,     0.00,     0.00,     0.00,     0.00,     0.00,     0.00,     0.00,  -999.99,  -999.99,  -999.99
cty,08063,FL: Jackson County,1981,02,PRCP,     0.02,    14.62,     0.00,     0.00,     0.00,     8.89,     9.62,     0.63,     0.00,     0.00,   103.48,     0.00,     0.00,     0.00,     0.00,     0.00,     0.94,    18.70,     0.00,     0.00,     0.00,     0.00,     3.16,     0.00,     0.00,     0.00,     0.00,     0.00,  -999.99,  -999.99,  -999.99
cty,08065,FL: Jefferson County,1981,02,PRCP,     0.00,    22.96,     0.00,     0.00,     0.00,     4.92,    11.01,     4.79,     0.00,     0.00,   108.84,     0.00,     0.00,     0.00,     0.00,     0.00,     0.00,    13.58,     5.25,     0.00,     0.00,     0.00,     0.94,     0.00,     0.00,     0.00,     0.00,     0.00,  -999.99,  -999.99,  -999.99
cty,08067,FL: Lafayette County,1981,02,PRCP,     0.00,    15.26,     0.00,     0.00,     0.00,     0.12,    10.38,    11.05,     0.00,     0.00,    64.90,     0.00,     0.00,     0.00,     0.48,     0.00,     0.00,    23.29,     7.59,     0.00,     0.00,     0.00,     0.00,     0.00,     0.00,     0.00,     0.00,     0.00,  -999.99,  -999.99,  -999.99
cty,08069,FL: Lake County,1981,02,PRCP,     0.00,     4.06,     1.08,     0.00,     0.00,     0.00,     1.30,    35.14,    12.54,     0.00,     0.00,     8.20,     0.00,     0.02,     1.50,     3.91,     1.38,     2.71,    21.87,     0.00,     0.00,     0.00,     0.00,     0.00,     0.00,     0.00,     0.00,     0.00,  -999.99,  -999.99,  -999.99
cty,08071,FL: Lee County,1981,02,PRCP,     0.00,     0.00,    12.57,     0.00,     0.00,     0.00,     0.00,     2.63,    28.54,     0.00,     0.00,     1.09,     0.00,     0.00,     0.00,     0.00,     0.00,     0.00,     6.76,     0.00,     0.00,     0.00,     0.00,     0.00,     0.00,     0.00,     0.00,     0.00,  -999.99,  -999.99,  -999.99
cty,08073,FL: Leon County,1981,02,PRCP,     0.00,    21.21,     0.00,     0.00,     0.00,     7.88,    14.08,     2.93,     0.00,     0.00,   115.39,     0.00,     0.00,     0.00,     0.00,     0.00,     0.00,    11.75,     1.73,     0.00,     0.00,     0.00,     1.40,     0.00,     0.00,     0.00,     0.00,     0.00,  -999.99,  -999.99,  -999.99
cty,08075,FL: Levy County,1981,02,PRCP,     0.00,    10.06,     0.00,     0.00,     0.00,     0.00,     6.95,    29.17,     0.68,     0.00,    21.50,     6.00,     0.00,     0.00,     0.44,     0.63,     0.00,     9.65,    11.39,     0.00,     0.00,     0.00,     0.00,     0.00,     0.00,     0.00,     0.00,     0.00,  -999.99,  -999.99,  -999.99
cty,08077,FL: Liberty County,1981,02,PRCP,     0.00,    15.53,     0.00,     0.00,     0.00,     9.33,    14.55,     2.30,     0.00,     0.00,   119.04,     0.00,     0.02,     0.00,     0.00,     0.01,     0.43,    12.80,     0.17,     0.00,     0.00,     0.00,     1.48,     0.00,     0.00,     0.00,     0.00,     0.00,  -999.99,  -999.99,  -999.99
cty,08079,FL: Madison County,1981,02,PRCP,     0.00,    21.61,     0.00,     0.00,     0.00,     2.37,     9.13,     5.32,     0.00,     0.00,    98.95,     0.00,     0.00,     0.00,     0.01,     0.00,     0.00,    18.00,    11.09,     0.00,     0.00,     0.00,     0.26,     0.00,     0.00,     0.00,     0.00,     0.00,  -999.99,  -999.99,  -999.99
cty,08081,FL: Manatee County,1981,02,PRCP,     0.00,     5.54,    12.78,     0.00,     0.00,     0.00,     0.86,    28.75,    57.36,     0.00,     0.00,     5.01,     0.00,     0.00,     0.00,     0.41,     0.00,     0.00,     0.26,     0.00,     0.00,     0.00,     0.00,     0.00,     0.00,     0.00,     0.00,     0.00,  -999.99,  -999.99,  -999.99
cty,08083,FL: Marion County,1981,02,PRCP,     0.00,     6.31,     0.00,     0.00,     0.00,     0.00,     3.26,    32.36,     2.42,     0.00,     5.57,    10.10,     0.00,     0.02,     2.32,     1.83,     0.45,     5.33,    24.81,     0.00,     0.00,     0.00,     0.00,     0.00,     0.00,     0.00,     0.00,     0.00,  -999.99,  -999.99,  -999.99
cty,08085,FL: Martin County,1981,02,PRCP,     0.00,     0.00,    13.74,     0.00,     0.00,     0.00,     0.00,     0.20,    16.80,     0.00,     0.00,     5.24,     0.83,     6.67,     0.00,     1.11,     0.29,     0.00,     6.69,     2.75,     0.00,     0.00,     0.00,     0.00,     0.00,     0.00,     0.00,     0.00,  -999.99,  -999.99,  -999.99
cty,08086,FL: Miami-Dade County,1981,02,PRCP,     0.00,     0.00,     6.65,     0.00,     0.00,     0.00,     0.00,     0.00,     3.14,     0.00,     0.00,     4.90,     7.31,     2.77,     1.92,     0.01,     0.00,     0.43,    82.81,     2.84,     0.00,     0.00,     0.00,     0.00,     0.00,     0.00,     0.00,     0.00,  -999.99,  -999.99,  -999.99
cty,08087,FL: Monroe County,1981,02,PRCP,     0.00,     0.00,     4.15,     0.00,     0.00,     0.00,     0.04,     0.25,     5.84,     0.00,     0.00,     1.06,     1.36,     1.17,     0.90,     0.00,     0.07,     0.27,    78.94,     0.79,     0.00,     0.00,     0.00,     0.00,     0.00,     0.00,     0.00,     0.00,  -999.99,  -999.99,  -999.99
cty,08089,FL: Nassau County,1981,02,PRCP,     0.00,     9.54,     0.28,     0.00,     0.00,     0.00,     5.99,     4.23,     0.34,     0.00,    30.63,     9.34,     0.00,     0.22,     0.66,     0.62,     1.36,    10.03,    36.03,     0.38,     0.00,     0.00,     0.00,     0.00,     0.00,     0.00,     0.00,     0.00,  -999.99,  -999.99,  -999.99
cty,08091,FL: Okaloosa County,1981,02,PRCP,     0.01,    18.11,     0.00,     0.00,     0.00,    16.49,     5.43,     0.69,     0.00,     1.81,   129.27,     0.00,     0.00,     0.00,     0.00,     0.39,     2.18,     7.36,     0.22,     0.00,     0.00,     0.00,     2.35,     0.00,     0.00,     0.00,     0.00,     0.00,  -999.99,  -999.99,  -999.99
cty,08093,FL: Okeechobee County,1981,02,PRCP,     0.00,     0.00,    19.39,     0.00,     0.00,     0.00,     0.00,     2.90,    40.45,     0.00,     0.00,     4.44,     0.03,     3.88,     0.00,     3.24,     0.19,     0.00,     2.61,     0.00,     0.00,     0.00,     0.00,     0.00,     0.00,     0.00,     0.00,     0.00,  -999.99,  -999.99,  -999.99
cty,08095,FL: Orange County,1981,02,PRCP,     0.00,     3.13,     5.59,     0.00,     0.00,     0.00,     0.77,    29.08,    28.20,     0.00,     0.00,     4.58,     0.00,     1.03,     3.44,     4.79,     3.37,     4.38,    18.14,     0.00,     0.00,     0.00,     0.00,     0.00,     0.00,     0.00,     0.00,     0.00,  -999.99,  -999.99,  -999.99
cty,08097,FL: Osceola County,1981,02,PRCP,     0.00,     1.03,    11.54,     0.00,     0.00,     0.00,     0.37,    16.46,    49.22,     0.00,     0.00,     3.74,     0.04,     1.86,     3.42,     4.62,     2.11,     1.58,     5.73,     0.00,     0.00,     0.00,     0.00,     0.00,     0.00,     0.00,     0.00,     0.00,  -999.99,  -999.99,  -999.99
cty,08099,FL: Palm Beach County,1981,02,PRCP,     0.00,     0.04,    17.17,     0.00,     0.00,     0.00,     0.00,     0.05,    13.79,     0.00,     0.00,     5.56,     1.93,     6.98,     0.00,     0.04,     0.11,     0.00,    19.56,     8.90,     0.00,     0.00,     0.00,     0.00,     0.00,     0.00,     0.00,     0.00,  -999.99,  -999.99,  -999.99
cty,08101,FL: Pasco County,1981,02,PRCP,     0.00,     9.74,     3.14,     0.00,     0.00,     0.00,     2.95,    47.13,    22.52,     0.00,     0.00,    12.46,     0.00,     0.00,     0.05,     1.03,     0.00,     0.27,     8.57,     0.00,     0.00,     0.00,     0.00,     0.00,     0.00,     0.00,     0.00,     0.00,  -999.99,  -999.99,  -999.99
cty,08103,FL: Pinellas County,1981,02,PRCP,     0.00,     9.66,     5.53,     0.00,     0.00,     0.00,     2.66,    39.71,    31.36,     0.00,     0.00,     8.30,     0.00,     0.00,     0.00,     0.46,     0.00,     0.03,     2.85,     0.00,     0.00,     0.00,     0.00,     0.00,     0.00,     0.00,     0.00,     0.00,  -999.99,  -999.99,  -999.99
cty,08105,FL: Polk County,1981,02,PRCP,     0.00,     2.46,     8.55,     0.00,     0.00,     0.00,     0.71,    24.69,    48.61,     0.00,     0.00,     4.18,     0.00,     0.54,     0.44,     2.17,     0.31,     0.01,     3.81,     0.00,     0.00,     0.00,     0.00,     0.00,     0.00,     0.00,     0.00,     0.00,  -999.99,  -999.99,  -999.99
cty,08107,FL: Putnam County,1981,02,PRCP,     0.00,     6.87,     0.00,     0.00,     0.00,     0.00,     2.77,    24.13,     4.63,     0.00,     9.79,    10.18,     0.00,     0.01,     4.67,     0.80,     0.86,     9.83,    42.73,     0.00,     0.00,     0.00,     0.00,     0.00,     0.00,     0.00,     0.00,     0.00,  -999.99,  -999.99,  -999.99
cty,08109,FL: St. Johns County,1981,02,PRCP,     0.00,     6.75,     0.00,     0.00,     0.00,     0.00,     3.58,    17.53,     5.79,     0.00,     9.66,    14.84,     0.00,     0.00,     4.56,     0.86,     1.50,     9.33,    50.97,     0.44,     0.00,     0.00,     0.00,     0.00,     0.00,     0.00,     0.00,     0.00,  -999.99,  -999.99,  -999.99
cty,08111,FL: St. Lucie County,1981,02,PRCP,     0.01,     0.00,    11.90,     0.00,     0.00,     0.00,     0.00,     1.33,    22.12,     0.00,     0.00,     5.48,     0.67,     7.76,     0.00,     2.81,     0.62,     0.00,     3.61,     0.00,     0.00,     0.00,     0.00,     0.00,     0.00,     0.00,     0.00,     0.00,  -999.99,  -999.99,  -999.99
cty,08113,FL: Santa Rosa County,1981,02,PRCP,     0.29,    18.54,     0.00,     0.00,     0.00,    19.52,     4.15,     0.38,     0.00,     4.06,   119.86,     0.00,     0.00,     0.00,     0.00,     1.15,     2.02,     1.63,     0.44,     0.01,     0.00,     0.00,     1.70,     0.00,     0.00,     0.00,     0.00,     0.00,  -999.99,  -999.99,  -999.99
cty,08115,FL: Sarasota County,1981,02,PRCP,     0.00,     4.44,    15.57,     0.00,     0.00,     0.00,     0.42,    22.92,    59.01,     0.00,     0.00,     3.35,     0.00,     0.00,     0.00,     0.28,     0.00,     0.13,     0.01,     0.00,     0.00,     0.01,     0.00,     0.00,     0.00,     0.00,     0.00,     0.00,  -999.99,  -999.99,  -999.99
cty,08117,FL: Seminole County,1981,02,PRCP,     0.00,     3.97,     4.06,     0.00,     0.00,     0.00,     0.77,    30.17,    16.51,     0.00,     0.00,     4.92,     0.00,     0.58,     2.23,     5.30,     4.31,     8.41,    29.24,     0.00,     0.00,     0.00,     0.00,     0.00,     0.00,     0.00,     0.00,     0.00,  -999.99,  -999.99,  -999.99
cty,08119,FL: Sumter County,1981,02,PRCP,     0.00,     6.05,     1.01,     0.00,     0.00,     0.00,     2.80,    46.54,     8.29,     0.00,     0.00,    13.86,     0.00,     0.39,     1.32,     3.33,     0.16,     0.81,    16.94,     0.00,     0.00,     0.00,     0.00,     0.00,     0.00,     0.00,     0.00,     0.00,  -999.99,  -999.99,  -999.99
cty,08121,FL: Suwannee County,1981,02,PRCP,     0.00,    17.52,     0.00,     0.00,     0.00,     0.11,     9.60,     7.68,     0.00,     0.00,    75.41,     0.00,     0.00,     0.00,     0.58,     0.14,     0.00,    30.70,    16.48,     0.00,     0.00,     0.00,     0.00,     0.00,     0.00,     0.00,     0.00,     0.00,  -999.99,  -999.99,  -999.99
cty,08123,FL: Taylor County,1981,02,PRCP,     0.00,    16.19,     0.00,     0.00,     0.00,     1.63,    10.30,     8.56,     0.00,     0.00,    73.32,     0.00,     0.00,     0.00,     0.00,     0.00,     0.00,    15.11,     4.45,     0.00,     0.00,     0.00,     0.09,     0.00,     0.00,     0.00,     0.00,     0.00,  -999.99,  -999.99,  -999.99
cty,08125,FL: Union County,1981,02,PRCP,     0.00,    15.00,     0.00,     0.00,     0.00,     0.00,     7.39,    13.08,     0.00,     0.00,    49.76,     0.00,     0.00,     0.00,     1.36,     0.62,     0.58,    35.40,    33.18,     0.00,     0.00,     0.00,     0.00,     0.00,     0.00,     0.00,     0.00,     0.00,  -999.99,  -999.99,  -999.99
cty,08127,FL: Volusia County,1981,02,PRCP,     0.00,     4.36,     2.49,     0.00,     0.00,     0.00,     0.97,    27.68,    13.61,     0.00,     0.19,     6.99,     0.00,     0.81,     4.57,     2.82,     3.70,     8.48,    38.03,     0.00,     0.00,     0.00,     0.00,     0.00,     0.00,     0.00,     0.00,     0.00,  -999.99,  -999.99,  -999.99
cty,08129,FL: Wakulla County,1981,02,PRCP,     0.00,    18.26,     0.00,     0.00,     0.00,     7.29,    14.80,     4.07,     0.00,     0.00,   108.92,     0.00,     0.00,     0.00,     0.00,     0.00,     0.00,    11.40,     1.09,     0.00,     0.00,     0.00,     1.01,     0.00,     0.00,     0.00,     0.00,     0.00,  -999.99,  -999.99,  -999.99
cty,08131,FL: Walton County,1981,02,PRCP,     0.00,    15.06,     0.00,     0.00,     0.00,    11.53,     6.22,     1.01,     0.00,     0.70,   117.38,     0.00,     0.00,     0.00,     0.00,     0.19,     2.64,    13.81,     0.16,     0.00,     0.00,     0.00,     2.53,     0.00,     0.00,     0.00,     0.00,     0.00,  -999.99,  -999.99,  -999.99
cty,08133,FL: Washington County,1981,02,PRCP,     0.06,    14.88,     0.00,     0.00,     0.00,     9.75,     8.75,     1.35,     0.00,     0.02,   117.91,     0.00,     0.00,     0.00,     0.00,     0.09,     2.87,    21.10,     0.02,     0.00,     0.00,     0.00,     3.01,     0.00,     0.00,     0.00,     0.00,     0.00,  -999.99,  -999.99,  -999.99
cty,09001,GA: Appling County,1981,02,PRCP,     0.00,    18.18,     0.00,     0.00,     0.00,     1.31,     4.28,     0.61,     0.00,     0.00,    61.30,     0.40,     0.00,     0.00,     0.00,     0.00,     0.00,     5.01,     6.49,     0.00,     0.00,     0.00,     0.67,     0.00,     0.00,     0.00,     0.00,     0.00,  -999.99,  -999.99,  -999.99
cty,09003,GA: Atkinson County,1981,02,PRCP,     0.00,    19.11,     0.00,     0.00,     0.00,     2.07,     3.38,     0.91,     0.00,     0.00,    67.97,     0.00,     0.00,     0.00,     0.00,     0.00,     0.24,     9.70,     5.03,     0.00,     0.00,     0.00,     1.19,     0.00,     0.00,     0.00,     0.00,     0.00,  -999.99,  -999.99,  -999.99
cty,09005,GA: Bacon County,1981,02,PRCP,     0.00,    19.15,     0.00,     0.00,     0.00,     1.75,     3.65,     0.62,     0.00,     0.00,    65.04,     0.00,     0.00,     0.00,     0.00,     0.00,     0.00,     7.62,     4.63,     0.00,     0.00,     0.00,     0.74,     0.00,     0.00,     0.00,     0.00,     0.00,  -999.99,  -999.99,  -999.99
cty,09007,GA: Baker County,1981,02,PRCP,     0.00,    14.29,     0.00,     0.00,     0.00,     5.75,     4.99,     0.93,     0.00,     0.00,    73.36,     0.00,     0.00,     0.00,     0.00,     0.00,     0.23,    16.76,     0.42,     0.00,     0.00,     0.00,     3.27,     0.00,     0.00,     0.00,     0.00,     0.00,  -999.99,  -999.99,  -999.99
cty,09009,GA: Baldwin County,1981,02,PRCP,     0.00,    20.77,     0.00,     0.00,     0.00,     0.01,     2.91,     1.90,     0.00,     0.00,   111.02,     0.00,     0.00,     0.00,     0.00,     0.00,     0.00,    11.62,    31.90,     0.30,     0.00,     0.00,     7.05,     0.00,     0.00,     0.00,     0.00,     0.00,  -999.99,  -999.99,  -999.99
cty,09011,GA: Banks County,1981,02,PRCP,     0.00,    22.22,     0.00,     0.00,     0.00,     0.00,     0.00,     1.02,     0.00,     0.00,    71.95,     0.00,     0.00,     0.00,     0.00,     0.00,     0.41,    25.25,    25.48,     4.06,     0.00,     0.00,     6.56,     0.00,     0.00,     0.00,     0.00,     0.00,  -999.99,  -999.99,  -999.99
cty,09013,GA: Barrow County,1981,02,PRCP,     0.38,    25.85,     0.00,     0.00,     0.00,     0.00,     0.03,     0.99,     0.00,     0.00,    87.63,     0.00,     0.00,     0.00,     0.00,     0.00,     0.05,    23.51,    21.28,     0.57,     0.00,     0.00,     5.33,     0.00,     0.00,     0.00,     0.00,     0.00,  -999.99,  -999.99,  -999.99
cty,09015,GA: Bartow County,1981,02,PRCP,     1.80,    36.48,     0.00,     0.00,     0.00,     0.00,     0.00,     1.53,     0.00,     3.82,    66.98,     0.01,     0.00,     0.00,     0.00,     0.09,     1.07,    35.92,    20.87,     0.15,     0.00,     0.00,     6.75,     0.00,     0.00,     0.00,     0.00,     0.00,  -999.99,  -999.99,  -999.99
cty,09017,GA: Ben Hill County,1981,02,PRCP,     0.00,    15.62,     0.00,     0.00,     0.00,     2.22,     3.60,     1.09,     0.00,     0.00,    61.59,     0.00,     0.00,     0.00,     0.00,     0.00,     0.16,     5.05,     1.89,     0.00,     0.00,     0.00,     3.30,     0.00,     0.00,     0.00,     0.00,     0.00,  -999.99,  -999.99,  -999.99
cty,09019,GA: Berrien County,1981,02,PRCP,     0.00,    18.13,     0.00,     0.00,     0.00,     2.45,     3.87,     1.39,     0.00,     0.00,    70.62,     0.00,     0.00,     0.00,     0.00,     0.00,     0.27,     7.92,     4.27,     0.00,     0.00,     0.00,     1.75,     0.00,     0.00,     0.00,     0.00,     0.00,  -999.99,  -999.99,  -999.99
cty,09021,GA: Bibb County,1981,02,PRCP,     0.00,    22.56,     0.00,     0.00,     0.00,     0.64,     3.19,     2.06,     0.00,     0.08,   122.33,     0.00,     0.00,     0.00,     0.00,     0.00,     0.10,    23.52,    26.68,     0.00,     0.00,     0.00,     6.75,     0.00,     0.00,     0.00,     0.00,     0.00,  -999.99,  -999.99,  -999.99
cty,09023,GA: Bleckley County,1981,02,PRCP,     0.00,    16.85,     0.00,     0.00,     0.00,     1.39,     5.13,     1.50,     0.00,     0.00,    91.30,     0.00,     0.00,     0.00,     0.00,     0.00,     0.00,    10.94,     5.47,     0.00,     0.00,     0.00,     6.09,     0.00,     0.00,     0.00,     0.05,     0.00,  -999.99,  -999.99,  -999.99
cty,09025,GA: Brantley County,1981,02,PRCP,     0.00,    11.92,     0.04,     0.00,     0.00,     0.96,     3.59,     0.95,     0.00,     0.00,    42.13,     3.24,     0.00,     0.00,     0.03,     0.00,     0.22,     7.34,    15.56,     0.00,     0.00,     0.00,     0.00,     0.00,     0.00,     0.00,     0.00,     0.00,  -999.99,  -999.99,  -999.99
cty,09027,GA: Brooks County,1981,02,PRCP,     0.00,    19.28,     0.00,     0.00,     0.00,     3.39,     5.16,     2.84,     0.00,     0.00,    89.23,     0.00,     0.00,     0.00,     0.00,     0.00,     0.00,    10.07,     8.38,     0.00,     0.00,     0.00,     1.06,     0.00,     0.00,     0.00,     0.00,     0.00,  -999.99,  -999.99,  -999.99
cty,09029,GA: Bryan County,1981,02,PRCP,     0.00,    16.18,     0.00,     0.00,     0.00,     0.73,     5.73,     0.77,     0.00,     0.00,    45.86,     3.64,     0.00,     0.00,     0.00,     0.00,     0.00,     5.21,    10.89,     0.00,     0.00,     0.00,     0.00,     0.00,     0.00,     0.00,     0.00,     0.00,  -999.99,  -999.99,  -999.99
cty,09031,GA: Bulloch County,1981,02,PRCP,     0.00,    18.19,     0.00,     0.00,     0.00,     0.43,     5.41,     0.73,     0.00,     0.02,    53.36,     0.07,     0.00,     0.00,     0.00,     0.00,     0.00,     1.81,    12.67,     0.00,     0.00,     0.00,     0.15,     0.00,     0.00,     0.00,     0.00,     0.00,  -999.99,  -999.99,  -999.99
cty,09033,GA: Burke County,1981,02,PRCP,     0.18,    16.12,     0.00,     0.00,     0.00,     0.00,     3.58,     1.81,     0.00,     0.00,    64.78,     0.00,     0.00,     0.00,     0.00,     0.00,     0.00,     3.14,    15.73,     0.02,     0.00,     0.00,     1.39,     0.00,     0.00,     0.00,     0.00,     0.00,  -999.99,  -999.99,  -999.99
cty,09035,GA: Butts County,1981,02,PRCP,     0.00,    25.53,     0.00,     0.00,     0.00,     0.00,     0.60,     1.11,     0.00,     0.00,   102.73,     0.00,     0.00,     0.00,     0.00,     0.00,     0.00,    22.13,    28.55,     0.00,     0.00,     0.00,     4.86,     0.00,     0.00,     0.00,     0.00,     0.00,  -999.99,  -999.99,  -999.99
cty,09037,GA: Calhoun County,1981,02,PRCP,     0.00,    14.80,     0.00,     0.00,     0.00,     5.86,     3.71,     0.85,     0.00,     0.04,    79.68,     0.00,     0.00,     0.00,     0.00,     0.00,     0.32,    24.26,     0.18,     0.00,     0.00,     0.00,     3.95,     0.00,     0.00,     0.00,     0.00,     0.00,  -999.99,  -999.99,  -999.99
cty,09039,GA: Camden County,1981,02,PRCP,     0.00,     9.04,     0.63,     0.00,     0.00,     0.17,     5.25,     1.97,     0.09,     0.00,    28.59,    10.52,     0.00,     0.02,     0.34,     0.43,     0.67,     8.26,    30.31,     0.42,     0.00,     0.00,     0.00,     0.00,     0.00,     0.00,     0.00,     0.00,  -999.99,  -999.99,  -999.99
cty,09043,GA: Candler County,1981,02,PRCP,     0.00,    17.38,     0.00,     0.00,     0.00,     0.39,     5.54,     0.55,     0.00,     0.00,    57.23,     0.00,     0.00,     0.00,     0.00,     0.00,     0.00,     1.74,    10.88,     0.00,     0.00,     0.00,     0.55,     0.00,     0.00,     0.00,     0.00,     0.00,  -999.99,  -999.99,  -999.99
cty,09045,GA: Carroll County,1981,02,PRCP,     1.05,    34.91,     0.00,     0.00,     0.00,     0.00,     0.00,     0.74,     0.00,     6.40,    95.02,     0.00,     0.00,     0.00,     0.00,     0.26,     2.33,    32.24,    14.48,     0.00,     0.00,     0.00,     7.29,     0.00,     0.00,     0.00,     0.00,     0.00,  -999.99,  -999.99,  -999.99
cty,09047,GA: Catoosa County,1981,02,PRCP,     1.85,    36.40,     0.00,     0.00,     0.00,     0.00,     0.00,     2.11,     0.00,     2.27,    41.19,     0.02,     0.00,     0.00,     0.00,     0.00,     4.93,    20.51,    15.98,     0.68,     0.00,     0.00,     5.35,     0.00,     0.00,     0.00,     0.00,     0.00,  -999.99,  -999.99,  -999.99
cty,09049,GA: Charlton County,1981,02,PRCP,     0.00,    12.39,     0.00,     0.00,     0.00,     0.45,     4.53,     2.57,     0.00,     0.00,    46.41,     0.32,     0.00,     0.35,     0.37,     0.10,     0.96,    12.55,    23.38,     0.00,     0.00,     0.00,     0.00,     0.00,     0.00,     0.00,     0.00,     0.00,  -999.99,  -999.99,  -999.99
cty,09051,GA: Chatham County,1981,02,PRCP,     0.00,    15.11,     0.00,     0.00,     0.00,     0.70,     6.21,     0.86,     0.00,     0.00,    40.17,     3.63,     0.00,     0.00,     0.00,     0.00,     0.00,     7.74,     8.94,     0.00,     0.00,     0.00,     0.00,     0.00,     0.00,     0.00,     0.00,     0.00,  -999.99,  -999.99,  -999.99
cty,09053,GA: Chattahoochee County,1981,02,PRCP,     0.14,    19.37,     0.00,     0.00,     0.00,     3.13,     1.91,     0.83,     0.00,     5.26,   127.55,     0.00,     0.00,     0.00,     0.00,     0.00,     1.77,    32.70,     3.45,     0.00,     0.00,     0.00,     3.03,     0.00,     0.00,     0.00,     0.00,     0.00,  -999.99,  -999.99,  -999.99
cty,09055,GA: Chattooga County,1981,02,PRCP,     1.83,    38.55,     0.00,     0.00,     0.00,     0.00,     0.00,     0.98,     0.00,     4.77,    56.81,     0.00,     0.00,     0.00,     0.00,     0.00,     5.45,    28.06,    17.46,     0.91,     0.00,     0.00,     6.76,     0.00,     0.00,     0.00,     0.00,     0.02,  -999.99,  -999.99,  -999.99
cty,09057,GA: Cherokee County,1981,02,PRCP,     1.31,    33.51,     0.00,     0.00,     0.00,     0.00,     0.00,     1.67,     0.00,     0.00,    77.64,     0.02,     0.00,     0.00,     0.00,     0.00,     0.55,    37.63,    28.12,     0.32,     0.00,     0.00,     6.71,     0.00,     0.00,     0.00,     0.00,     0.00,  -999.99,  -999.99,  -999.99
cty,09059,GA: Clarke County,1981,02,PRCP,     0.00,    21.33,     0.00,     0.00,     0.00,     0.00,     0.00,     0.82,     0.00,     0.00,    89.57,     0.00,     0.00,     0.00,     0.00,     0.00,     0.00,    15.19,    30.40,     1.38,     0.00,     0.00,     6.89,     0.00,     0.00,     0.00,     0.00,     0.00,  -999.99,  -999.99,  -999.99
cty,09061,GA: Clay County,1981,02,PRCP,     0.00,    16.03,     0.00,     0.00,     0.00,     7.13,     4.12,     0.71,     0.00,     1.22,   106.11,     0.00,     0.00,     0.00,     0.00,     0.00,     1.06,    27.59,     0.01,     0.00,     0.00,     0.00,     3.82,     0.00,     0.00,     0.00,     0.00,     0.00,  -999.99,  -999.99,  -999.99
cty,09063,GA: Clayton County,1981,02,PRCP,     0.74,    26.58,     0.00,     0.00,     0.00,     0.00,     0.01,     0.94,     0.00,     0.00,    95.39,     0.00,     0.00,     0.00,     0.00,     0.00,     0.04,    27.08,    25.85,     0.00,     0.00,     0.00,     4.55,     0.00,     0.00,     0.00,     0.00,     0.00,  -999.99,  -999.99,  -999.99
cty,09065,GA: Clinch County,1981,02,PRCP,     0.00,    16.86,     0.00,     0.00,     0.00,     1.20,     4.24,     1.56,     0.00,     0.00,    65.61,     0.00,     0.00,     0.00,     0.03,     0.00,     0.32,    14.91,    14.11,     0.00,     0.00,     0.00,     0.13,     0.00,     0.00,     0.00,     0.00,     0.00,  -999.99,  -999.99,  -999.99
cty,09067,GA: Cobb County,1981,02,PRCP,     1.10,    30.49,     0.00,     0.00,     0.00,     0.00,     0.00,     1.33,     0.00,     0.17,    78.16,     0.01,     0.00,     0.00,     0.00,     0.00,     0.33,    32.68,    25.31,     0.01,     0.00,     0.00,     6.00,     0.00,     0.00,     0.00,     0.00,     0.00,  -999.99,  -999.99,  -999.99
cty,09069,GA: Coffee County,1981,02,PRCP,     0.00,    19.55,     0.00,     0.00,     0.00,     2.14,     3.39,     0.74,     0.00,     0.00,    67.04,     0.00,     0.00,     0.00,     0.00,     0.00,     0.07,     7.96,     2.77,     0.00,     0.00,     0.00,     1.71,     0.00,     0.00,     0.00,     0.00,     0.00,  -999.99,  -999.99,  -999.99
cty,09071,GA: Colquitt County,1981,02,PRCP,     0.00,    16.99,     0.00,     0.00,     0.00,     3.89,     4.77,     1.77,     0.00,     0.00,    77.13,     0.00,     0.00,     0.00,     0.00,     0.00,     0.23,     9.16,     2.91,     0.00,     0.00,     0.00,     2.27,     0.00,     0.00,     0.00,     0.00,     0.00,  -999.99,  -999.99,  -999.99
cty,09073,GA: Columbia County,1981,02,PRCP,     0.00,    15.19,     0.00,     0.00,     0.00,     0.00,     1.62,     2.96,     0.00,     0.00,    85.24,     0.00,     0.00,     0.00,     0.00,     0.00,     0.00,     4.52,    22.00,     1.16,     0.00,     0.00,     4.38,     0.00,     0.00,     0.00,     0.00,     0.00,  -999.99,  -999.99,  -999.99
cty,09075,GA: Cook County,1981,02,PRCP,     0.00,    18.05,     0.00,     0.00,     0.00,     2.91,     4.26,     1.81,     0.00,     0.00,    76.04,     0.00,     0.00,     0.00,     0.00,     0.00,     0.26,     8.11,     4.80,     0.00,     0.00,     0.00,     1.69,     0.00,     0.00,     0.00,     0.00,     0.00,  -999.99,  -999.99,  -999.99
cty,09077,GA: Coweta County,1981,02,PRCP,     0.85,    30.02,     0.00,     0.00,     0.00,     0.00,     0.02,     0.75,     0.00,     3.76,   109.36,     0.00,     0.00,     0.00,     0.00,     0.00,     0.76,    31.15,    19.85,     0.00,     0.00,     0.00,     5.21,     0.00,     0.00,     0.00,     0.00,     0.00,  -999.99,  -999.99,  -999.99
cty,09079,GA: Crawford County,1981,02,PRCP,     0.00,    22.48,     0.00,     0.00,     0.00,     0.78,     2.71,     1.65,     0.00,     1.29,   130.80,     0.00,     0.00,     0.00,     0.00,     0.00,     0.36,    30.93,    23.72,     0.00,     0.00,     0.00,     5.27,     0.00,     0.00,     0.00,     0.00,     0.00,  -999.99,  -999.99,  -999.99
cty,09081,GA: Crisp County,1981,02,PRCP,     0.00,    14.88,     0.00,     0.00,     0.00,     2.78,     4.05,     1.74,     0.00,     0.00,    77.40,     0.00,     0.00,     0.00,     0.00,     0.00,     0.23,    12.68,     4.27,     0.00,     0.00,     0.00,     4.83,     0.00,     0.00,     0.00,     0.00,     0.00,  -999.99,  -999.99,  -999.99
cty,09083,GA: Dade County,1981,02,PRCP,     2.12,    45.41,     0.00,     0.00,     0.00,     0.00,     0.00,     2.50,     0.00,     4.09,    47.92,     0.00,     0.00,     0.00,     0.00,     0.12,     8.51,    19.09,    15.46,     0.86,     0.00,     0.00,     7.02,     0.00,     0.00,     0.00,     0.00,     0.00,  -999.99,  -999.99,  -999.99
cty,09085,GA: Dawson County,1981,02,PRCP,     0.91,    29.02,     0.00,     0.00,     0.00,     0.00,     0.00,     1.96,     0.00,     0.00,    69.76,     0.04,     0.00,     0.00,     0.00,     0.00,     0.78,    32.50,    29.65,     1.07,     0.00,     0.00,     6.71,     0.00,     0.00,     0.00,     0.00,     0.02,  -999.99,  -999.99,  -999.99
cty,09087,GA: Decatur County,1981,02,PRCP,     0.00,    13.83,     0.00,     0.00,     0.00,     7.05,     8.51,     0.73,     0.00,     0.00,    76.74,     0.00,     0.00,     0.00,     0.00,     0.00,     0.15,    10.96,     0.19,     0.00,     0.00,     0.00,     2.20,     0.00,     0.00,     0.00,     0.00,     0.00,  -999.99,  -999.99,  -999.99
cty,09089,GA: DeKalb County,1981,02,PRCP,     0.83,    26.46,     0.00,     0.00,     0.00,     0.00,     0.00,     1.22,     0.00,     0.00,    86.22,     0.00,     0.00,     0.00,     0.00,     0.00,     0.10,    27.61,    25.58,     0.00,     0.00,     0.00,     4.97,     0.00,     0.00,     0.00,     0.00,     0.00,  -999.99,  -999.99,  -999.99
cty,09091,GA: Dodge County,1981,02,PRCP,     0.00,    17.23,     0.00,     0.00,     0.00,     1.74,     4.98,     1.29,     0.00,     0.00,    78.69,     0.00,     0.00,     0.00,     0.00,     0.00,     0.00,     6.94,     3.21,     0.00,     0.00,     0.00,     4.92,     0.00,     0.00,     0.00,     0.00,     0.00,  -999.99,  -999.99,  -999.99
cty,09093,GA: Dooly County,1981,02,PRCP,     0.00,    16.70,     0.00,     0.00,     0.00,     2.32,     4.21,     1.81,     0.00,     0.00,    98.55,     0.00,     0.00,     0.00,     0.00,     0.00,     0.30,    18.41,     8.05,     0.00,     0.00,     0.00,     5.62,     0.00,     0.00,     0.00,     0.00,     0.00,  -999.99,  -999.99,  -999.99
cty,09095,GA: Dougherty County,1981,02,PRCP,     0.00,    14.91,     0.00,     0.00,     0.00,     4.76,     4.15,     1.34,     0.00,     0.00,    76.32,     0.00,     0.00,     0.00,     0.00,     0.00,     0.26,    17.87,     1.19,     0.00,     0.00,     0.00,     3.73,     0.00,     0.00,     0.00,     0.00,     0.00,  -999.99,  -999.99,  -999.99
cty,09097,GA: Douglas County,1981,02,PRCP,     1.00,    33.22,     0.00,     0.00,     0.00,     0.00,     0.00,     1.09,     0.00,     1.84,    92.67,     0.00,     0.00,     0.00,     0.00,     0.00,     0.56,    34.93,    25.83,     0.00,     0.00,     0.00,     6.80,     0.00,     0.00,     0.00,     0.00,     0.00,  -999.99,  -999.99,  -999.99
cty,09099,GA: Early County,1981,02,PRCP,     0.00,    15.26,     0.00,     0.00,     0.00,     7.38,     5.90,     0.55,     0.00,     0.09,    90.42,     0.00,     0.00,     0.00,     0.00,     0.00,     0.55,    22.93,     0.01,     0.00,     0.00,     0.00,     3.98,     0.00,     0.00,     0.00,     0.00,     0.00,  -999.99,  -999.99,  -999.99
cty,09101,GA: Echols County,1981,02,PRCP,     0.00,    19.30,     0.00,     0.00,     0.00,     1.11,     5.94,     2.41,     0.00,     0.00,    80.51,     0.00,     0.00,     0.00,     0.02,     0.16,     0.09,    19.99,    21.55,     0.00,     0.00,     0.00,     0.00,     0.00,     0.00,     0.00,     0.00,     0.00,  -999.99,  -999.99,  -999.99
cty,09103,GA: Effingham County,1981,02,PRCP,     0.00,    18.63,     0.00,     0.00,     0.00,     0.60,     5.92,     0.95,     0.00,     0.00,    50.17,     0.22,     0.00,     0.00,     0.00,     0.00,     0.00,     4.68,    10.25,     0.00,     0.00,     0.00,     0.00,     0.00,     0.00,     0.00,     0.00,     0.00,  -999.99,  -999.99,  -999.99
cty,09105,GA: Elbert County,1981,02,PRCP,     0.00,    15.92,     0.00,     0.00,     0.00,     0.00,     0.01,     0.97,     0.00,     0.00,    78.70,     0.02,     0.00,     0.00,     0.00,     0.00,     0.01,     9.62,    31.76,     3.46,     0.00,     0.00,     7.83,     0.00,     0.00,     0.00,     0.00,     0.00,  -999.99,  -999.99,  -999.99
cty,09107,GA: Emanuel County,1981,02,PRCP,     0.00,    16.47,     0.00,     0.00,     0.00,     0.22,     5.24,     0.79,     0.00,     0.00,    62.64,     0.00,     0.00,     0.00,     0.00,     0.00,     0.00,     2.38,    10.30,     0.00,     0.00,     0.00,     1.18,     0.00,     0.00,     0.00,     0.00,     0.00,  -999.99,  -999.99,  -999.99
cty,09109,GA: Evans County,1981,02,PRCP,     0.00,    17.28,     0.00,     0.00,     0.00,     0.62,     5.27,     0.59,     0.00,     0.00,    53.37,     1.78,     0.00,     0.00,     0.00,     0.00,     0.00,     2.16,    11.12,     0.00,     0.00,     0.00,     0.36,     0.00,     0.00,     0.00,     0.00,     0.00,  -999.99,  -999.99,  -999.99
cty,09111,GA: Fannin County,1981,02,PRCP,     1.14,    40.04,     0.00,     0.00,     0.00,     0.00,     0.00,     2.02,     0.00,     0.00,    75.80,     1.29,     0.00,     0.00,     0.00,     0.01,     0.69,    21.79,    23.50,     2.49,     0.00,     0.00,     7.48,     0.00,     0.00,     0.00,     0.00,     0.00,  -999.99,  -999.99,  -999.99
cty,09113,GA: Fayette County,1981,02,PRCP,     0.74,    27.19,     0.00,     0.00,     0.00,     0.00,     0.05,     0.83,     0.00,     0.00,   102.77,     0.00,     0.00,     0.00,     0.00,     0.00,     0.18,    28.24,    24.58,     0.00,     0.00,     0.00,     4.46,     0.00,     0.00,     0.00,     0.00,     0.00,  -999.99,  -999.99,  -999.99
cty,09115,GA: Floyd County,1981,02,PRCP,     2.16,    40.42,     0.00,     0.00,     0.00,     0.00,     0.00,     1.44,     0.00,     8.20,    60.49,     0.00,     0.00,     0.00,     0.00,     0.47,     3.35,    34.01,    15.14,     0.23,     0.00,     0.01,     7.78,     0.00,     0.00,     0.00,     0.00,     0.00,  -999.99,  -999.99,  -999.99
cty,09117,GA: Forsyth County,1981,02,PRCP,     0.87,    26.58,     0.00,     0.00,     0.00,     0.00,     0.00,     1.44,     0.00,     0.00,    71.29,     0.00,     0.00,     0.00,     0.00,     0.00,     0.37,    29.05,    24.03,     0.60,     0.00,     0.00,     5.31,     0.00,     0.00,     0.00,     0.00,     0.00,  -999.99,  -999.99,  -999.99
cty,09119,GA: Franklin County,1981,02,PRCP,     0.00,    19.56,     0.00,     0.00,     0.00,     0.00,     0.00,     0.64,     0.00,     0.00,    72.17,     0.00,     0.00,     0.00,     0.00,     0.00,     0.00,    17.92,    26.05,     6.71,     0.00,     0.00,     6.75,     0.00,     0.02,     0.00,     0.00,     0.00,  -999.99,  -999.99,  -999.99
cty,09121,GA: Fulton County,1981,02,PRCP,     0.91,    28.83,     0.00,     0.00,     0.00,     0.00,     0.00,     1.21,     0.00,     0.26,    86.76,     0.00,     0.00,     0.00,     0.00,     0.00,     0.24,    30.97,    26.06,     0.05,     0.00,     0.00,     5.53,     0.00,     0.00,     0.00,     0.00,     0.00,  -999.99,  -999.99,  -999.99
cty,09123,GA: Gilmer County,1981,02,PRCP,     1.56,    39.35,     0.00,     0.00,     0.00,     0.00,     0.00,     2.04,     0.00,     0.00,    77.88,     0.51,     0.00,     0.00,     0.00,     0.00,     0.87,    30.15,    24.98,     1.21,     0.00,     0.00,     8.08,     0.00,     0.00,     0.00,     0.00,     0.00,  -999.99,  -999.99,  -999.99
cty,09125,GA: Glascock County,1981,02,PRCP,     0.00,    16.53,     0.00,     0.00,     0.00,     0.00,     2.87,     2.58,     0.00,     0.00,    92.23,     0.00,     0.00,     0.00,     0.00,     0.00,     0.00,     5.35,    22.10,     0.72,     0.00,     0.05,     4.78,     0.00,     0.00,     0.00,     0.00,     0.00,  -999.99,  -999.99,  -999.99
cty,09127,GA: Glynn County,1981,02,PRCP,     0.00,     9.77,     0.98,     0.00,     0.00,     0.50,     4.60,     1.10,     0.00,     0.00,    29.69,    10.54,     0.00,     0.00,     0.24,     0.20,     0.00,     9.37,    26.78,     0.29,     0.00,     0.00,     0.00,     0.00,     0.00,     0.00,     0.00,     0.00,  -999.99,  -999.99,  -999.99
cty,09129,GA: Gordon County,1981,02,PRCP,     2.03,    36.79,     0.00,     0.00,     0.00,     0.00,     0.00,     1.54,     0.00,     2.96,    59.23,     0.00,     0.00,     0.00,     0.00,     0.00,     1.74,    36.31,    20.84,     0.29,     0.00,     0.00,     6.10,     0.00,     0.00,     0.00,     0.00,     0.00,  -999.99,  -999.99,  -999.99
cty,09131,GA: Grady County,1981,02,PRCP,     0.00,    16.92,     0.00,     0.00,     0.00,     6.19,     8.14,     1.50,     0.00,     0.00,    85.67,     0.00,     0.00,     0.00,     0.00,     0.00,     0.02,    10.69,     1.26,     0.00,     0.00,     0.00,     1.95,     0.00,     0.00,     0.00,     0.00,     0.00,  -999.99,  -999.99,  -999.99
cty,09133,GA: Greene County,1981,02,PRCP,     0.00,    18.76,     0.00,     0.00,     0.00,     0.00,     0.62,     1.35,     0.00,     0.00,    99.94,     0.02,     0.00,     0.00,     0.00,     0.00,     0.00,     9.39,    34.39,     0.66,     0.00,     0.00,     7.18,     0.00,     0.00,     0.00,     0.00,     0.00,  -999.99,  -999.99,  -999.99
cty,09135,GA: Gwinnett County,1981,02,PRCP,     0.84,    26.63,     0.00,     0.00,     0.00,     0.00,     0.00,     1.28,     0.01,     0.00,    83.56,     0.00,     0.00,     0.00,     0.00,     0.00,     0.19,    27.49,    23.47,     0.20,     0.00,     0.00,     5.17,     0.00,     0.00,     0.00,     0.00,     0.00,  -999.99,  -999.99,  -999.99
cty,09137,GA: Habersham County,1981,02,PRCP,     0.00,    25.25,     0.00,     0.00,     0.00,     0.00,     0.00,     1.68,     0.01,     0.00,    75.50,     0.01,     0.00,     0.00,     0.00,     0.00,     1.12,    38.75,    31.31,     4.82,     0.00,     0.00,    11.07,     0.00,     0.00,     0.00,     0.00,     0.00,  -999.99,  -999.99,  -999.99
cty,09139,GA: Hall County,1981,02,PRCP,     0.29,    25.10,     0.00,     0.00,     0.00,     0.00,     0.00,     1.37,     0.00,     0.00,    71.55,     0.00,     0.00,     0.00,     0.00,     0.00,     0.66,    28.90,    24.39,     1.85,     0.00,     0.00,     5.93,     0.00,     0.00,     0.00,     0.00,     0.00,  -999.99,  -999.99,  -999.99
cty,09141,GA: Hancock County,1981,02,PRCP,     0.00,    19.78,     0.00,     0.00,     0.00,     0.00,     2.18,     2.21,     0.00,     0.00,   110.61,     0.00,     0.00,     0.00,     0.00,     0.00,     0.00,     8.88,    32.66,     0.72,     0.00,     0.00,     7.10,     0.00,     0.00,     0.00,     0.00,     0.00,  -999.99,  -999.99,  -999.99
cty,09143,GA: Haralson County,1981,02,PRCP,     1.44,    38.57,     0.00,     0.00,     0.00,     0.00,     0.00,     0.99,     0.00,     9.25,    79.18,     0.00,     0.00,     0.00,     0.00,     0.69,     3.02,    31.14,    11.03,     0.00,     0.00,     0.00,     8.39,     0.00,     0.00,     0.00,     0.00,     0.00,  -999.99,  -999.99,  -999.99
cty,09145,GA: Harris County,1981,02,PRCP,     0.86,    24.15,     0.00,     0.00,     0.00,     1.28,     0.69,     0.48,     0.00,     7.76,   129.75,     0.00,     0.00,     0.00,     0.00,     0.00,     2.06,    30.93,     9.32,     0.00,     0.00,     0.00,     3.59,     0.00,     0.00,     0.00,     0.00,     0.00,  -999.99,  -999.99,  -999.99
cty,09147,GA: Hart County,1981,02,PRCP,     0.00,    16.15,     0.00,     0.00,     0.00,     0.00,     0.00,     0.63,     0.00,     0.00,    68.16,     0.00,     0.00,     0.00,     0.00,     0.00,     0.00,    12.46,    26.00,     5.58,     0.00,     0.00,     7.13,     0.00,     0.00,     0.00,     0.00,     0.00,  -999.99,  -999.99,  -999.99
cty,09149,GA: Heard County,1981,02,PRCP,     0.92,    32.09,     0.00,     0.00,     0.00,     0.31,     0.00,     0.53,     0.00,     7.58,   104.72,     0.00,     0.00,     0.00,     0.00,     0.48,     2.62,    28.77,     8.87,     0.00,     0.00,     0.00,     6.06,     0.00,     0.00,     0.00,     0.00,     0.00,  -999.99,  -999.99,  -999.99
cty,09151,GA: Henry County,1981,02,PRCP,     0.52,    25.51,     0.00,     0.00,     0.00,     0.00,     0.20,     0.93,     0.00,     0.00,    98.35,     0.00,     0.00,     0.00,     0.00,     0.00,     0.00,    24.44,    26.15,     0.00,     0.00,     0.00,     4.34,     0.00,     0.00,     0.00,     0.00,     0.00,  -999.99,  -999.99,  -999.99
cty,09153,GA: Houston County,1981,02,PRCP,     0.00,    18.24,     0.00,     0.00,     0.00,     1.41,     4.29,     1.89,     0.00,     0.01,   109.74,     0.00,     0.00,     0.00,     0.00,     0.00,     0.20,    19.67,    13.48,     0.00,     0.00,     0.00,     6.33,     0.00,     0.00,     0.00,     0.00,     0.00,  -999.99,  -999.99,  -999.99
cty,09155,GA: Irwin County,1981,02,PRCP,     0.00,    15.75,     0.00,     0.00,     0.00,     2.34,     3.51,     1.13,     0.00,     0.00,    61.28,     0.00,     0.00,     0.00,     0.00,     0.00,     0.25,     5.53,     1.88,     0.00,     0.00,     0.00,     2.80,     0.00,     0.00,     0.00,     0.00,     0.00,  -999.99,  -999.99,  -999.99
cty,09157,GA: Jackson County,1981,02,PRCP,     0.00,    23.20,     0.00,     0.00,     0.00,     0.00,     0.00,     0.88,     0.00,     0.00,    79.88,     0.00,     0.00,     0.00,     0.00,     0.00,     0.08,    21.02,    23.56,     1.84,     0.00,     0.00,     5.70,     0.00,     0.00,     0.00,     0.00,     0.00,  -999.99,  -999.99,  -999.99
cty,09159,GA: Jasper County,1981,02,PRCP,     0.00,    23.05,     0.00,     0.00,     0.00,     0.00,     0.75,     1.30,     0.01,     0.00,    98.27,     0.00,     0.00,     0.00,     0.00,     0.00,     0.00,    17.20,    29.73,     0.01,     0.00,     0.00,     5.67,     0.00,     0.00,     0.00,     0.00,     0.00,  -999.99,  -999.99,  -999.99
cty,09161,GA: Jeff Davis County,1981,02,PRCP,     0.00,    20.68,     0.02,     0.00,     0.00,     1.71,     4.55,     0.69,     0.01,     0.00,    71.27,     0.00,     0.00,     0.00,     0.00,     0.00,     0.12,     7.13,     2.66,     0.00,     0.00,     0.00,     1.46,     0.02,     0.00,     0.00,     0.00,     0.00,  -999.99,  -999.99,  -999.99
cty,09163,GA: Jefferson County,1981,02,PRCP,     0.00,    16.16,     0.00,     0.00,     0.00,     0.00,     3.76,     1.99,     0.00,     0.00,    78.90,     0.00,     0.00,     0.00,     0.00,     0.00,     0.00,     4.01,    16.76,     0.25,     0.00,     0.00,     2.98,     0.00,     0.00,     0.00,     0.00,     0.00,  -999.99,  -999.99,  -999.99
cty,09165,GA: Jenkins County,1981,02,PRCP,     0.00,    17.47,     0.00,     0.00,     0.00,     0.00,     4.79,     1.17,     0.00,     0.00,    60.35,     0.00,     0.00,     0.00,     0.00,     0.00,     0.00,     1.87,    14.71,     0.00,     0.00,     0.00,     0.74,     0.00,     0.00,     0.00,     0.00,     0.00,  -999.99,  -999.99,  -999.99
cty,09167,GA: Johnson County,1981,02,PRCP,     0.00,    15.31,     0.00,     0.00,     0.00,     0.37,     4.65,     1.17,     0.00,     0.00,    70.06,     0.00,     0.00,     0.00,     0.00,     0.00,     0.00,     3.89,     8.94,     0.00,     0.00,     0.00,     2.77,     0.00,     0.00,     0.00,     0.00,     0.00,  -999.99,  -999.99,  -999.99
cty,09169,GA: Jones County,1981,02,PRCP,     0.00,    23.36,     0.00,     0.00,     0.00,     0.13,     2.33,     1.83,     0.02,     0.00,   113.17,     0.00,     0.00,     0.00,     0.00,     0.00,     0.00,    17.33,    30.54,     0.02,     0.00,     0.00,     6.94,     0.00,     0.00,     0.00,     0.00,     0.00,  -999.99,  -999.99,  -999.99
cty,09171,GA: Lamar County,1981,02,PRCP,     0.00,    26.37,     0.00,     0.00,     0.00,     0.00,     1.01,     1.02,     0.00,     0.00,   122.23,     0.00,     0.00,     0.00,     0.00,     0.00,     0.11,    28.36,    27.08,     0.00,     0.00,     0.00,     4.43,     0.00,     0.00,     0.00,     0.00,     0.00,  -999.99,  -999.99,  -999.99
cty,09173,GA: Lanier County,1981,02,PRCP,     0.00,    19.69,     0.00,     0.00,     0.00,     2.03,     4.42,     1.60,     0.00,     0.00,    78.18,     0.00,     0.00,     0.00,     0.00,     0.00,     0.12,    11.97,     9.76,     0.00,     0.00,     0.00,     0.91,     0.00,     0.00,     0.00,     0.00,     0.00,  -999.99,  -999.99,  -999.99
cty,09175,GA: Laurens County,1981,02,PRCP,     0.00,    16.64,     0.00,     0.00,     0.00,     0.92,     5.27,     1.11,     0.00,     0.00,    77.36,     0.00,     0.00,     0.00,     0.00,     0.00,     0.00,     6.00,     5.01,     0.00,     0.00,     0.00,     3.93,     0.00,     0.00,     0.00,     0.00,     0.00,  -999.99,  -999.99,  -999.99
cty,09177,GA: Lee County,1981,02,PRCP,     0.00,    15.90,     0.00,     0.00,     0.00,     4.06,     3.94,     1.59,     0.00,     0.00,    87.68,     0.00,     0.00,     0.00,     0.00,     0.00,     0.37,    22.02,     2.75,     0.00,     0.00,     0.00,     4.56,     0.00,     0.00,     0.00,     0.00,     0.00,  -999.99,  -999.99,  -999.99
cty,09179,GA: Liberty County,1981,02,PRCP,     0.00,    14.48,     0.09,     0.00,     0.00,     0.77,     5.27,     0.81,     0.00,     0.00,    42.32,     6.17,     0.00,     0.00,     0.00,     0.00,     0.00,     5.03,    13.85,     0.00,     0.00,     0.00,     0.04,     0.00,     0.00,     0.00,     0.00,     0.00,  -999.99,  -999.99,  -999.99
cty,09181,GA: Lincoln County,1981,02,PRCP,     0.00,    15.33,     0.00,     0.00,     0.00,     0.00,     0.76,     2.47,     0.00,     0.00,    89.63,     0.00,     0.00,     0.00,     0.00,     0.00,     0.00,     5.73,    28.24,     2.02,     0.00,     0.00,     6.50,     0.00,     0.00,     0.00,     0.00,     0.00,  -999.99,  -999.99,  -999.99
cty,09183,GA: Long County,1981,02,PRCP,     0.00,    14.30,     0.37,     0.00,     0.00,     0.88,     4.46,     0.80,     0.00,     0.00,    45.08,     7.48,     0.00,     0.00,     0.00,     0.00,     0.00,     3.27,    15.29,     0.00,     0.00,     0.00,     0.25,     0.00,     0.00,     0.00,     0.00,     0.00,  -999.99,  -999.99,  -999.99
cty,09185,GA: Lowndes County,1981,02,PRCP,     0.00,    20.21,     0.00,     0.00,     0.00,     2.25,     5.38,     2.59,     0.00,     0.00,    88.05,     0.00,     0.00,     0.00,     0.00,     0.00,     0.00,    13.16,    12.61,     0.00,     0.00,     0.00,     0.69,     0.00,     0.00,     0.00,     0.00,     0.00,  -999.99,  -999.99,  -999.99
cty,09187,GA: Lumpkin County,1981,02,PRCP,     0.63,    31.32,     0.00,     0.00,     0.00,     0.00,     0.00,     2.17,     0.00,     0.00,    75.54,     0.07,     0.00,     0.00,     0.00,     0.00,     1.17,    35.46,    32.02,     2.34,     0.00,     0.00,     8.26,     0.00,     0.00,     0.00,     0.00,     0.00,  -999.99,  -999.99,  -999.99
cty,09189,GA: McDuffie County,1981,02,PRCP,     0.00,    15.77,     0.00,     0.00,     0.00,     0.00,     1.80,     2.80,     0.00,     0.00,    92.01,     0.00,     0.00,     0.00,     0.00,     0.00,     0.00,     5.08,    24.68,     1.11,     0.00,     0.00,     5.13,     0.00,     0.00,     0.00,     0.00,     0.00,  -999.99,  -999.99,  -999.99
cty,09191,GA: McIntosh County,1981,02,PRCP,     0.00,    10.91,     0.85,     0.00,     0.00,     0.67,     4.78,     0.93,     0.00,     0.00,    31.55,     9.46,     0.00,     0.00,     0.02,     0.00,     0.00,     7.04,    19.93,     0.08,     0.00,     0.00,     0.00,     0.00,     0.00,     0.00,     0.00,     0.00,  -999.99,  -999.99,  -999.99
cty,09193,GA: Macon County,1981,02,PRCP,     0.00,    19.13,     0.00,     0.00,     0.00,     1.93,     3.69,     1.67,     0.00,     0.52,   126.66,     0.00,     0.00,     0.00,     0.00,     0.00,     0.51,    30.15,    13.71,     0.00,     0.00,     0.00,     5.30,     0.00,     0.00,     0.00,     0.00,     0.00,  -999.99,  -999.99,  -999.99
cty,09195,GA: Madison County,1981,02,PRCP,     0.00,    19.33,     0.00,     0.00,     0.00,     0.00,     0.00,     0.68,     0.00,     0.00,    81.59,     0.00,     0.00,     0.00,     0.00,     0.00,     0.00,    13.67,    30.67,     3.48,     0.00,     0.00,     7.16,     0.00,     0.00,     0.00,     0.00,     0.00,  -999.99,  -999.99,  -999.99
cty,09197,GA: Marion County,1981,02,PRCP,     0.00,    20.03,     0.00,     0.00,     0.00,     2.58,     2.37,     1.00,     0.00,     3.89,   133.24,     0.01,     0.00,     0.00,     0.00,     0.00,     1.26,    37.78,     5.74,     0.00,     0.00,     0.00,     3.47,     0.00,     0.00,     0.00,     0.00,     0.00,  -999.99,  -999.99,  -999.99
cty,09199,GA: Meriwether County,1981,02,PRCP,     0.70,    28.45,     0.00,     0.00,     0.00,     0.33,     0.49,     0.64,     0.00,     5.87,   131.19,     0.00,     0.00,     0.00,     0.00,     0.00,     0.98,    32.61,    16.88,     0.00,     0.00,     0.00,     4.02,     0.00,     0.00,     0.00,     0.00,     0.00,  -999.99,  -999.99,  -999.99
cty,09201,GA: Miller County,1981,02,PRCP,     0.01,    13.95,     0.00,     0.00,     0.00,     6.97,     6.58,     0.53,     0.00,     0.01,    75.57,     0.00,     0.00,     0.00,     0.00,     0.00,     0.33,    16.98,     0.05,     0.00,     0.00,     0.00,     3.35,     0.00,     0.00,     0.00,     0.00,     0.00,  -999.99,  -999.99,  -999.99
cty,09205,GA: Mitchell County,1981,02,PRCP,     0.00,    15.54,     0.00,     0.00,     0.00,     5.36,     5.56,     1.35,     0.00,     0.00,    76.89,     0.00,     0.00,     0.00,     0.00,     0.00,     0.20,    12.89,     1.12,     0.00,     0.00,     0.00,     2.84,     0.00,     0.00,     0.00,     0.00,     0.00,  -999.99,  -999.99,  -999.99
cty,09207,GA: Monroe County,1981,02,PRCP,     0.00,    26.74,     0.00,     0.00,     0.00,     0.10,     1.62,     1.54,     0.03,     0.00,   121.33,     0.00,     0.00,     0.00,     0.00,     0.00,     0.07,    26.21,    30.87,     0.03,     0.00,     0.00,     5.74,     0.00,     0.00,     0.00,     0.00,     0.00,  -999.99,  -999.99,  -999.99
cty,09209,GA: Montgomery County,1981,02,PRCP,     0.00,    17.41,     0.00,     0.00,     0.00,     0.79,     5.20,     0.61,     0.00,     0.00,    62.73,     0.00,     0.00,     0.00,     0.00,     0.00,     0.03,     4.31,     4.14,     0.00,     0.00,     0.00,     1.37,     0.00,     0.00,     0.00,     0.00,     0.00,  -999.99,  -999.99,  -999.99
cty,09211,GA: Morgan County,1981,02,PRCP,     0.00,    20.74,     0.00,     0.00,     0.00,     0.00,     0.33,     1.03,     0.00,     0.00,    97.21,     0.00,     0.00,     0.00,     0.00,     0.00,     0.00,    14.45,    28.40,     0.22,     0.00,     0.00,     6.01,     0.00,     0.00,     0.00,     0.00,     0.00,  -999.99,  -999.99,  -999.99
cty,09213,GA: Murray County,1981,02,PRCP,     1.77,    36.74,     0.00,     0.00,     0.00,     0.00,     0.00,     1.77,     0.00,     0.67,    59.71,     0.35,     0.00,     0.00,     0.00,     0.00,     0.63,    25.53,    22.21,     0.69,     0.00,     0.01,     6.45,     0.00,     0.00,     0.00,     0.00,     0.00,  -999.99,  -999.99,  -999.99
cty,09215,GA: Muscogee County,1981,02,PRCP,     0.74,    21.08,     0.00,     0.00,     0.00,     2.18,     1.27,     0.63,     0.00,     7.02,   128.52,     0.00,     0.00,     0.00,     0.00,     0.00,     1.87,    32.39,     5.74,     0.00,     0.00,     0.00,     3.14,     0.00,     0.00,     0.00,     0.00,     0.00,  -999.99,  -999.99,  -999.99
cty,09217,GA: Newton County,1981,02,PRCP,     0.27,    23.69,     0.00,     0.00,     0.00,     0.00,     0.18,     1.07,     0.00,     0.00,    92.80,     0.00,     0.00,     0.00,     0.00,     0.00,     0.03,    20.68,    25.78,     0.00,     0.00,     0.00,     4.94,     0.00,     0.00,     0.00,     0.00,     0.00,  -999.99,  -999.99,  -999.99
cty,09219,GA: Oconee County,1981,02,PRCP,     0.02,    21.17,     0.00,     0.00,     0.00,     0.00,     0.03,     0.89,     0.00,     0.00,    91.15,     0.00,     0.00,     0.00,     0.00,     0.00,     0.00,    15.17,    28.55,     0.68,     0.00,     0.00,     6.40,     0.00,     0.00,     0.00,     0.00,     0.00,  -999.99,  -999.99,  -999.99
cty,09221,GA: Oglethorpe County,1981,02,PRCP,     0.00,    17.11,     0.00,     0.00,     0.00,     0.00,     0.10,     0.89,     0.00,     0.00,    85.62,     0.00,     0.00,     0.00,     0.00,     0.00,     0.00,     8.74,    35.10,     1.36,     0.00,     0.00,     7.60,     0.00,     0.00,     0.00,     0.00,     0.00,  -999.99,  -999.99,  -999.99
cty,09223,GA: Paulding County,1981,02,PRCP,     1.36,    35.38,     0.00,     0.00,     0.00,     0.00,     0.00,     1.29,     0.00,     4.39,    78.27,     0.00,     0.00,     0.00,     0.00,     0.21,     0.89,    33.83,    19.94,     0.00,     0.00,     0.00,     7.06,     0.00,     0.00,     0.00,     0.00,     0.00,  -999.99,  -999.99,  -999.99
cty,09225,GA: Peach County,1981,02,PRCP,     0.00,    19.51,     0.00,     0.00,     0.00,     1.08,     3.57,     1.91,     0.00,     0.24,   121.59,     0.00,     0.00,     0.00,     0.00,     0.00,     0.32,    25.78,    19.73,     0.00,     0.00,     0.00,     5.94,     0.00,     0.00,     0.00,     0.00,     0.00,  -999.99,  -999.99,  -999.99
cty,09227,GA: Pickens County,1981,02,PRCP,     1.35,    34.92,     0.00,     0.00,     0.00,     0.00,     0.00,     1.81,     0.00,     0.00,    76.01,     0.04,     0.00,     0.00,     0.00,     0.00,     0.85,    37.58,    27.71,     0.53,     0.00,     0.00,     7.70,     0.00,     0.00,     0.00,     0.00,     0.00,  -999.99,  -999.99,  -999.99
cty,09229,GA: Pierce County,1981,02,PRCP,     0.00,    14.90,     0.00,     0.00,     0.00,     1.42,     3.19,     0.67,     0.00,     0.00,    52.46,     0.56,     0.00,     0.00,     0.00,     0.00,     0.12,     7.02,     7.72,     0.00,     0.00,     0.00,     0.00,     0.00,     0.00,     0.00,     0.00,     0.00,  -999.99,  -999.99,  -999.99
cty,09231,GA: Pike County,1981,02,PRCP,     0.43,    26.63,     0.00,     0.00,     0.00,     0.00,     0.67,     0.75,     0.00,     1.50,   125.14,     0.00,     0.00,     0.00,     0.00,     0.00,     0.30,    30.38,    23.30,     0.00,     0.00,     0.00,     3.72,     0.00,     0.00,     0.00,     0.00,     0.00,  -999.99,  -999.99,  -999.99
cty,09233,GA: Polk County,1981,02,PRCP,     1.97,    40.37,     0.00,     0.00,     0.00,     0.00,     0.00,     1.48,     0.00,    10.81,    67.32,     0.00,     0.00,     0.00,     0.00,     1.01,     2.48,    31.72,    11.72,     0.04,     0.00,     0.00,     8.29,     0.00,     0.00,     0.00,     0.00,     0.00,  -999.99,  -999.99,  -999.99
cty,09235,GA: Pulaski County,1981,02,PRCP,     0.00,    16.05,     0.00,     0.00,     0.00,     1.85,     4.53,     1.60,     0.00,     0.00,    85.37,     0.00,     0.00,     0.00,     0.00,     0.00,     0.06,    10.75,     5.61,     0.00,     0.00,     0.00,     5.72,     0.00,     0.00,     0.00,     0.00,     0.00,  -999.99,  -999.99,  -999.99
cty,09237,GA: Putnam County,1981,02,PRCP,     0.00,    20.41,     0.00,     0.00,     0.00,     0.00,     1.14,     1.47,     0.00,     0.00,   104.99,     0.00,     0.00,     0.00,     0.00,     0.00,     0.00,    12.28,    32.76,     0.21,     0.00,     0.00,     6.56,     0.00,     0.00,     0.00,     0.00,     0.00,  -999.99,  -999.99,  -999.99
cty,09239,GA: Quitman County,1981,02,PRCP,     0.00,    17.15,     0.00,     0.00,     0.00,     7.08,     3.58,     0.86,     0.00,     2.92,   124.99,     0.00,     0.00,     0.00,     0.00,     0.00,     2.03,    29.13,     0.07,     0.00,     0.00,     0.00,     3.31,     0.00,     0.00,     0.00,     0.00,     0.00,  -999.99,  -999.99,  -999.99
cty,09241,GA: Rabun County,1981,02,PRCP,     0.00,    28.68,     0.00,     0.00,     0.00,     0.00,     0.00,     1.45,     0.03,     0.00,    80.41,     0.11,     0.00,     0.00,     0.00,     0.00,     1.25,    39.14,    30.16,     5.70,     0.00,     0.00,    14.61,     0.00,     0.00,     0.00,     0.00,     0.00,  -999.99,  -999.99,  -999.99
cty,09243,GA: Randolph County,1981,02,PRCP,     0.00,    17.35,     0.00,     0.00,     0.00,     6.28,     3.46,     0.97,     0.00,     1.16,   109.08,     0.00,     0.00,     0.00,     0.00,     0.00,     0.96,    32.79,     0.25,     0.00,     0.00,     0.00,     4.21,     0.00,     0.00,     0.00,     0.00,     0.00,  -999.99,  -999.99,  -999.99
cty,09245,GA: Richmond County,1981,02,PRCP,     0.13,    16.39,     0.00,     0.00,     0.00,     0.00,     2.38,     2.84,     0.00,     0.00,    78.34,     0.00,     0.00,     0.00,     0.00,     0.00,     0.00,     4.41,    19.48,     0.51,     0.00,     0.00,     2.73,     0.00,     0.00,     0.00,     0.00,     0.00,  -999.99,  -999.99,  -999.99
cty,09247,GA: Rockdale County,1981,02,PRCP,     0.73,    25.19,     0.00,     0.00,     0.00,     0.00,     0.00,     1.10,     0.00,     0.00,    90.85,     0.00,     0.00,     0.00,     0.00,     0.00,     0.00,    24.47,    25.24,     0.00,     0.00,     0.00,     4.75,     0.00,     0.00,     0.00,     0.00,     0.00,  -999.99,  -999.99,  -999.99
cty,09249,GA: Schley County,1981,02,PRCP,     0.00,    20.01,     0.00,     0.00,     0.00,     2.69,     3.21,     1.32,     0.00,     2.03,   134.74,     0.00,     0.00,     0.00,     0.00,     0.00,     0.90,    38.13,     7.80,     0.00,     0.00,     0.00,     4.50,     0.00,     0.00,     0.00,     0.00,     0.00,  -999.99,  -999.99,  -999.99
cty,09251,GA: Screven County,1981,02,PRCP,     0.00,    18.31,     0.00,     0.00,     0.00,     0.16,     4.49,     1.31,     0.00,     0.03,    53.27,     0.01,     0.00,     0.00,     0.00,     0.00,     0.00,     1.75,    15.23,     0.00,     0.00,     0.00,     0.27,     0.00,     0.00,     0.00,     0.00,     0.00,  -999.99,  -999.99,  -999.99
cty,09253,GA: Seminole County,1981,02,PRCP,     0.00,    13.20,     0.00,     0.00,     0.00,     7.69,     8.55,     0.42,     0.00,     0.00,    77.10,     0.00,     0.00,     0.00,     0.00,     0.00,     0.39,    14.23,     0.00,     0.00,     0.00,     0.00,     2.90,     0.00,     0.00,     0.00,     0.00,     0.00,  -999.99,  -999.99,  -999.99
cty,09255,GA: Spalding County,1981,02,PRCP,     0.45,    25.62,     0.00,     0.00,     0.00,     0.00,     0.46,     0.77,     0.00,     0.00,   110.24,     0.00,     0.00,     0.00,     0.00,     0.00,     0.03,    25.38,    25.18,     0.00,     0.00,     0.00,     3.82,     0.00,     0.00,     0.00,     0.00,     0.00,  -999.99,  -999.99,  -999.99
cty,09257,GA: Stephens County,1981,02,PRCP,     0.00,    21.78,     0.00,     0.00,     0.00,     0.00,     0.00,     1.14,     0.00,     0.00,    71.65,     0.00,     0.00,     0.00,     0.00,     0.00,     0.22,    29.76,    27.92,     5.53,     0.00,     0.00,     8.93,     0.00,     0.00,     0.00,     0.00,     0.00,  -999.99,  -999.99,  -999.99
cty,09259,GA: Stewart County,1981,02,PRCP,     0.02,    18.78,     0.00,     0.00,     0.00,     5.32,     2.90,     0.99,     0.00,     3.47,   131.06,     0.00,     0.00,     0.00,     0.00,     0.00,     1.95,    34.12,     0.91,     0.00,     0.00,     0.00,     3.46,     0.00,     0.00,     0.00,     0.00,     0.00,  -999.99,  -999.99,  -999.99
cty,09261,GA: Sumter County,1981,02,PRCP,     0.00,    18.75,     0.00,     0.00,     0.00,     3.68,     3.86,     1.62,     0.00,     0.48,   118.27,     0.02,     0.00,     0.00,     0.00,     0.00,     0.70,    32.58,     5.26,     0.00,     0.00,     0.00,     5.18,     0.00,     0.00,     0.00,     0.00,     0.00,  -999.99,  -999.99,  -999.99
cty,09263,GA: Talbot County,1981,02,PRCP,     0.03,    22.72,     0.00,     0.00,     0.00,     0.87,     1.48,     0.69,     0.00,     7.37,   131.89,     0.00,     0.00,     0.00,     0.00,     0.00,     0.85,    35.55,    12.56,     0.00,     0.00,     0.00,     2.74,     0.00,     0.00,     0.00,     0.00,     0.00,  -999.99,  -999.99,  -999.99
cty,09265,GA: Taliaferro County,1981,02,PRCP,     0.00,    17.58,     0.00,     0.00,     0.00,     0.00,     1.00,     1.97,     0.00,     0.00,   101.44,     0.00,     0.00,     0.00,     0.00,     0.00,     0.00,     7.09,    33.89,     1.05,     0.00,     0.00,     7.27,     0.00,     0.00,     0.00,     0.00,     0.00,  -999.99,  -999.99,  -999.99
cty,09267,GA: Tattnall County,1981,02,PRCP,     0.00,    16.62,     0.00,     0.00,     0.00,     0.73,     4.89,     0.55,     0.00,     0.00,    54.00,     1.40,     0.00,     0.00,     0.00,     0.00,     0.00,     2.46,     9.41,     0.00,     0.00,     0.00,     0.50,     0.00,     0.00,     0.00,     0.00,     0.00,  -999.99,  -999.99,  -999.99
cty,09269,GA: Taylor County,1981,02,PRCP,     0.00,    21.68,     0.00,     0.00,     0.00,     1.30,     2.60,     1.21,     0.00,     3.38,   136.74,     0.00,     0.00,     0.00,     0.00,     0.00,     0.62,    35.67,    14.75,     0.00,     0.00,     0.00,     3.98,     0.00,     0.00,     0.00,     0.00,     0.00,  -999.99,  -999.99,  -999.99
cty,09271,GA: Telfair County,1981,02,PRCP,     0.00,    18.56,     0.01,     0.00,     0.00,     1.86,     4.57,     0.95,     0.00,     0.00,    70.84,     0.00,     0.00,     0.00,     0.00,     0.00,     0.04,     6.22,     2.08,     0.00,     0.00,     0.00,     2.97,     0.01,     0.00,     0.00,     0.00,     0.00,  -999.99,  -999.99,  -999.99
cty,09273,GA: Terrell County,1981,02,PRCP,     0.00,    16.65,     0.00,     0.00,     0.00,     4.91,     3.36,     1.21,     0.00,     0.33,    97.13,     0.00,     0.00,     0.00,     0.00,     0.00,     0.58,    30.60,     1.11,     0.00,     0.00,     0.00,     4.41,     0.00,     0.00,     0.00,     0.00,     0.00,  -999.99,  -999.99,  -999.99
cty,09275,GA: Thomas County,1981,02,PRCP,     0.00,    19.05,     0.00,     0.00,     0.00,     4.94,     6.84,     2.33,     0.00,     0.00,    90.84,     0.00,     0.00,     0.00,     0.00,     0.00,     0.01,    10.57,     3.82,     0.00,     0.00,     0.00,     1.62,     0.00,     0.00,     0.00,     0.00,     0.00,  -999.99,  -999.99,  -999.99
cty,09277,GA: Tift County,1981,02,PRCP,     0.00,    15.98,     0.00,     0.00,     0.00,     2.85,     4.02,     1.47,     0.09,     0.00,    66.42,     0.00,     0.00,     0.00,     0.00,     0.07,     0.34,     6.50,     1.82,     0.00,     0.00,     0.00,     2.85,     0.00,     0.00,     0.00,     0.00,     0.00,  -999.99,  -999.99,  -999.99
cty,09279,GA: Toombs County,1981,02,PRCP,     0.00,    17.55,     0.00,     0.00,     0.00,     0.76,     5.17,     0.53,     0.00,     0.00,    60.14,     0.00,     0.00,     0.00,     0.00,     0.00,     0.01,     3.42,     6.10,     0.00,     0.00,     0.00,     0.86,     0.00,     0.00,     0.00,     0.00,     0.00,  -999.99,  -999.99,  -999.99
cty,09281,GA: Towns County,1981,02,PRCP,     0.53,    36.16,     0.00,     0.00,     0.00,     0.00,     0.00,     2.01,     0.20,     0.00,    80.86,     0.58,     0.00,     0.00,     0.00,     0.00,     1.08,    29.31,    21.03,     4.77,     0.00,     0.00,    10.06,     0.00,     0.00,     0.00,     0.00,     0.00,  -999.99,  -999.99,  -999.99
cty,09283,GA: Treutlen County,1981,02,PRCP,     0.00,    16.15,     0.00,     0.00,     0.00,     0.54,     5.23,     0.70,     0.00,     0.00,    63.25,     0.00,     0.00,     0.00,     0.00,     0.00,     0.00,     3.52,     5.88,     0.00,     0.00,     0.00,     1.71,     0.00,     0.00,     0.00,     0.00,     0.00,  -999.99,  -999.99,  -999.99
cty,09285,GA: Troup County,1981,02,PRCP,     0.88,    27.88,     0.00,     0.00,     0.00,     0.76,     0.15,     0.51,     0.00,     7.77,   114.77,     0.00,     0.00,     0.00,     0.00,     0.03,     2.14,    27.11,     7.87,     0.00,     0.00,     0.00,     4.56,     0.00,     0.00,     0.00,     0.00,     0.00,  -999.99,  -999.99,  -999.99
cty,09287,GA: Turner County,1981,02,PRCP,     0.00,    15.00,     0.00,     0.00,     0.00,     2.86,     3.99,     1.55,     0.00,     0.00,    68.00,     0.00,     0.00,     0.00,     0.00,     0.00,     0.24,     7.88,     2.34,     0.00,     0.00,     0.00,     4.01,     0.00,     0.00,     0.00,     0.00,     0.00,  -999.99,  -999.99,  -999.99
cty,09289,GA: Twiggs County,1981,02,PRCP,     0.00,    19.46,     0.00,     0.00,     0.00,     1.00,     4.72,     1.80,     0.00,     0.00,   109.56,     0.00,     0.00,     0.00,     0.00,     0.00,     0.00,    15.44,    13.41,     0.00,     0.00,     0.00,     7.07,     0.00,     0.00,     0.00,     0.14,     0.00,  -999.99,  -999.99,  -999.99
cty,09291,GA: Union County,1981,02,PRCP,     0.98,    37.41,     0.00,     0.00,     0.00,     0.00,     0.00,     1.79,     0.03,     0.00,    81.77,     0.96,     0.00,     0.00,     0.00,     0.00,     0.89,    26.56,    21.40,     3.83,     0.00,     0.00,     7.76,     0.00,     0.00,     0.00,     0.00,     0.00,  -999.99,  -999.99,  -999.99
cty,09293,GA: Upson County,1981,02,PRCP,     0.00,    24.98,     0.00,     0.00,     0.00,     0.26,     1.38,     0.93,     0.00,     3.51,   131.43,     0.00,     0.00,     0.00,     0.00,     0.00,     0.42,    33.55,    21.50,     0.00,     0.00,     0.00,     3.71,     0.00,     0.00,     0.00,     0.00,     0.00,  -999.99,  -999.99,  -999.99
cty,09295,GA: Walker County,1981,02,PRCP,     1.97,    41.17,     0.00,     0.00,     0.00,     0.00,     0.00,     1.83,     0.00,     3.73,    50.01,     0.00,     0.00,     0.00,     0.00,     0.01,     6.63,    24.41,    16.45,     0.82,     0.00,     0.00,     6.46,     0.00,     0.00,     0.00,     0.00,     0.00,  -999.99,  -999.99,  -999.99
cty,09297,GA: Walton County,1981,02,PRCP,     0.49,    24.43,     0.00,     0.00,     0.00,     0.00,     0.02,     1.01,     0.00,     0.00,    91.67,     0.00,     0.00,     0.00,     0.00,     0.00,     0.00,    21.22,    23.00,     0.07,     0.00,     0.00,     5.24,     0.00,     0.00,     0.00,     0.00,     0.00,  -999.99,  -999.99,  -999.99
cty,09299,GA: Ware County,1981,02,PRCP,     0.00,    15.13,     0.00,     0.00,     0.00,     1.20,     3.47,     1.19,     0.00,     0.00,    55.66,     0.00,     0.00,     0.03,     0.06,     0.00,     0.45,    11.25,    10.75,     0.00,     0.00,     0.00,     0.10,     0.00,     0.00,     0.00,     0.00,     0.00,  -999.99,  -999.99,  -999.99
cty,09301,GA: Warren County,1981,02,PRCP,     0.00,    16.77,     0.00,     0.00,     0.00,     0.00,     1.99,     2.74,     0.00,     0.00,    99.08,     0.00,     0.00,     0.00,     0.00,     0.00,     0.00,     5.99,    27.21,     0.99,     0.00,     0.00,     5.87,     0.00,     0.00,     0.00,     0.00,     0.00,  -999.99,  -999.99,  -999.99
cty,09303,GA: Washington County,1981,02,PRCP,     0.00,    15.99,     0.00,     0.00,     0.00,     0.15,     3.73,     1.85,     0.00,     0.00,    83.52,     0.00,     0.00,     0.00,     0.00,     0.00,     0.00,     5.28,    15.87,     0.26,     0.01,     0.00,     4.42,     0.00,     0.00,     0.00,     0.00,     0.00,  -999.99,  -999.99,  -999.99
cty,09305,GA: Wayne County,1981,02,PRCP,     0.00,    13.57,     0.25,     0.00,     0.00,     1.01,     3.78,     0.77,     0.00,     0.00,    45.23,     6.26,     0.00,     0.00,     0.00,     0.00,     0.00,     4.07,    14.27,     0.00,     0.00,     0.00,     0.14,     0.00,     0.00,     0.00,     0.00,     0.00,  -999.99,  -999.99,  -999.99
cty,09307,GA: Webster County,1981,02,PRCP,     0.00,    19.39,     0.00,     0.00,     0.00,     4.65,     3.04,     1.21,     0.00,     1.82,   130.36,     0.22,     0.00,     0.00,     0.00,     0.00,     1.44,    42.13,     1.81,     0.00,     0.00,     0.00,     4.29,     0.00,     0.00,     0.00,     0.00,     0.00,  -999.99,  -999.99,  -999.99
cty,09309,GA: Wheeler County,1981,02,PRCP,     0.00,    18.24,     0.00,     0.00,     0.00,     1.15,     5.17,     0.77,     0.00,     0.00,    68.67,     0.00,     0.00,     0.00,     0.00,     0.00,     0.08,     5.75,     2.87,     0.00,     0.00,     0.00,     2.13,     0.00,     0.00,     0.00,     0.00,     0.00,  -999.99,  -999.99,  -999.99
cty,09311,GA: White County,1981,02,PRCP,     0.00,    29.62,     0.00,     0.00,     0.00,     0.00,     0.00,     2.08,     0.00,     0.00,    77.43,     0.10,     0.00,     0.00,     0.00,     0.00,     1.23,    37.60,    31.35,     3.99,     0.00,     0.00,     9.88,     0.00,     0.00,     0.00,     0.00,     0.00,  -999.99,  -999.99,  -999.99
cty,09313,GA: Whitfield County,1981,02,PRCP,     1.87,    34.79,     0.00,     0.00,     0.00,     0.00,     0.00,     1.73,     0.00,     2.01,    46.33,     0.09,     0.00,     0.00,     0.00,     0.00,     2.29,    25.57,    17.87,     0.43,     0.00,     0.00,     5.33,     0.00,     0.00,     0.00,     0.00,     0.00,  -999.99,  -999.99,  -999.99
cty,09315,GA: Wilcox County,1981,02,PRCP,     0.00,    15.50,     0.00,     0.00,     0.00,     2.37,     4.13,     1.50,     0.00,     0.00,    72.07,     0.00,     0.00,     0.00,     0.00,     0.00,     0.10,     6.90,     3.26,     0.00,     0.00,     0.00,     5.00,     0.00,     0.00,     0.00,     0.00,     0.00,  -999.99,  -999.99,  -999.99
cty,09317,GA: Wilkes County,1981,02,PRCP,     0.00,    16.42,     0.00,     0.00,     0.00,     0.00,     0.58,     1.77,     0.00,     0.00,    93.22,     0.00,     0.00,     0.00,     0.00,     0.00,     0.00,     6.64,    33.14,     1.77,     0.00,     0.00,     7.40,     0.00,     0.00,     0.00,     0.00,     0.00,  -999.99,  -999.99,  -999.99
cty,09319,GA: Wilkinson County,1981,02,PRCP,     0.00,    19.15,     0.00,     0.00,     0.00,     0.72,     4.76,     1.70,     0.00,     0.00,   103.61,     0.00,     0.00,     0.00,     0.00,     0.00,     0.00,    10.33,    14.75,     0.00,     0.00,     0.00,     6.56,     0.00,     0.00,     0.00,     0.05,     0.00,  -999.99,  -999.99,  -999.99
cty,09321,GA: Worth County,1981,02,PRCP,     0.00,    15.53,     0.00,     0.00,     0.00,     3.68,     4.35,     1.70,     0.00,     0.00,    73.74,     0.00,     0.00,     0.00,     0.00,     0.00,     0.25,    11.26,     2.32,     0.00,     0.00,     0.00,     3.66,     0.00,     0.00,     0.00,     0.00,     0.00,  -999.99,  -999.99,  -999.99
cty,10001,ID: Ada County,1981,02,PRCP,     0.00,     0.00,     0.00,     0.00,     0.00,     0.25,     0.00,     0.00,     0.00,     0.00,     0.00,     0.47,     0.00,     6.92,     3.12,     1.05,     4.67,     0.97,     2.34,     3.85,     0.00,     0.00,     0.00,     0.00,     0.21,     0.00,     0.00,     0.00,  -999.99,  -999.99,  -999.99
cty,10003,ID: Adams County,1981,02,PRCP,     0.00,     0.00,     0.00,     0.00,     0.00,     0.00,     0.00,     0.00,     0.00,     0.11,     0.02,     2.88,     0.98,    16.96,     7.47,    14.28,    26.02,     8.61,    17.81,    13.14,     0.24,     0.06,     0.00,     0.03,     1.53,     0.40,     0.00,     0.00,  -999.99,  -999.99,  -999.99
cty,10005,ID: Bannock County,1981,02,PRCP,     1.76,     0.00,     0.05,     0.00,     0.02,     0.00,     0.01,     0.00,     0.00,     1.02,     0.00,     0.00,     0.11,     0.32,     0.01,     0.28,     4.14,     0.00,     0.19,     5.86,     0.61,     0.00,     0.00,     0.00,     0.00,     5.15,     0.37,     0.00,  -999.99,  -999.99,  -999.99
cty,10007,ID: Bear Lake County,1981,02,PRCP,     4.19,     0.03,     0.09,     0.01,     0.00,     0.00,     0.00,     0.03,     0.00,     4.25,     0.55,     0.00,     0.10,     0.00,     0.10,     0.02,     1.81,     0.15,     0.27,     5.70,     1.67,     0.00,     0.00,     0.02,     0.00,     4.06,     3.08,     0.00,  -999.99,  -999.99,  -999.99
cty,10009,ID: Benewah County,1981,02,PRCP,     0.00,     0.00,     0.00,     0.00,     0.00,     0.00,     0.00,     0.00,     0.31,     2.22,     0.00,    19.44,    10.62,    13.15,     6.26,    15.46,    11.67,     7.04,     9.01,     4.86,     0.00,     0.00,     0.00,     0.00,     4.02,     0.04,     0.00,     0.00,  -999.99,  -999.99,  -999.99
cty,10011,ID: Bingham County,1981,02,PRCP,     0.46,     0.00,     0.00,     0.00,     0.00,     0.00,     0.01,     0.00,     0.00,     0.09,     0.00,     0.00,     0.00,     0.78,     0.30,     0.40,     3.97,     0.00,     0.76,     5.28,     0.00,     0.00,     0.00,     0.00,     0.00,     3.06,     0.20,     0.00,  -999.99,  -999.99,  -999.99
cty,10013,ID: Blaine County,1981,02,PRCP,     0.11,     0.00,     0.00,     0.00,     0.00,     0.00,     0.00,     0.00,     0.00,     0.07,     0.00,     0.39,     0.01,     9.08,     2.68,     0.76,    11.30,     0.76,     4.82,     4.67,     0.00,     0.04,     0.00,     0.00,     0.00,     1.94,     0.68,     0.00,  -999.99,  -999.99,  -999.99
cty,10015,ID: Boise County,1981,02,PRCP,     0.03,     0.00,     0.00,     0.00,     0.00,     0.04,     0.00,     0.01,     0.00,     0.01,     0.00,     2.14,     0.50,    20.84,    12.46,     6.53,    23.90,     4.50,    16.73,    11.49,     0.00,     0.49,     0.00,     0.00,     0.19,     0.87,     0.00,     0.00,  -999.99,  -999.99,  -999.99
cty,10017,ID: Bonner County,1981,02,PRCP,     0.00,     0.00,     0.00,     0.00,     0.00,     0.00,     0.00,     0.00,     1.57,     1.36,     0.00,     8.35,     6.22,    17.27,     7.82,    19.56,    11.00,    13.88,    17.34,     8.78,     0.08,     0.00,     0.00,     0.00,    12.16,     0.30,     0.07,     0.00,  -999.99,  -999.99,  -999.99
cty,10019,ID: Bonneville County,1981,02,PRCP,     1.41,     0.04,     0.03,     0.00,     0.00,     0.00,     0.30,     0.89,     0.11,     1.18,     0.07,     0.65,     0.13,     0.50,     0.09,     1.27,     4.71,     0.14,     1.96,     6.72,     0.34,     0.01,     0.00,     0.00,     0.00,     3.66,     1.54,     0.00,  -999.99,  -999.99,  -999.99
cty,10021,ID: Boundary County,1981,02,PRCP,     0.00,     0.00,     0.00,     0.00,     0.00,     0.00,     0.00,     0.00,     1.36,     0.84,     0.00,     3.34,     5.84,    11.91,    12.92,    17.00,    13.71,    15.68,    15.83,     7.55,     0.32,     0.01,     0.00,     0.00,     9.56,     0.18,     0.13,     0.00,  -999.99,  -999.99,  -999.99
cty,10023,ID: Butte County,1981,02,PRCP,     0.44,     0.00,     0.00,     0.00,     0.00,     0.00,     0.00,     0.00,     0.00,     0.52,     0.04,     0.00,     0.00,     3.07,     2.66,     0.08,     7.88,     0.07,     1.95,     8.15,     0.00,     0.00,     0.00,     0.00,     0.00,     0.85,     0.95,     0.00,  -999.99,  -999.99,  -999.99
cty,10025,ID: Camas County,1981,02,PRCP,     0.00,     0.00,     0.00,     0.00,     0.00,     0.00,     0.00,     0.00,     0.00,     0.00,     0.00,     1.07,     0.00,    18.56,     1.69,     1.35,    15.31,     0.81,     8.52,     4.28,     0.00,     0.09,     0.00,     0.00,     0.00,     2.30,     0.04,     0.00,  -999.99,  -999.99,  -999.99
cty,10027,ID: Canyon County,1981,02,PRCP,     0.00,     0.00,     0.00,     0.00,     0.00,     0.50,     0.00,     0.00,     0.00,     0.00,     0.00,     0.01,     0.00,    14.11,     0.65,     0.86,     3.82,     1.10,     2.25,     3.15,     0.00,     0.00,     0.00,     0.00,     0.55,     0.00,     0.00,     0.00,  -999.99,  -999.99,  -999.99
cty,10029,ID: Caribou County,1981,02,PRCP,     3.54,     0.00,     0.11,     0.00,     0.00,     0.05,     0.08,     0.26,     0.02,     3.02,     0.33,     0.27,     0.16,     0.01,     0.11,     0.82,     4.76,     0.08,     2.09,     7.86,     0.80,     0.00,     0.00,     0.01,     0.00,     7.04,     2.67,     0.00,  -999.99,  -999.99,  -999.99
cty,10031,ID: Cassia County,1981,02,PRCP,     0.01,     0.02,     0.02,     0.00,     0.01,     0.01,     0.00,     0.00,     0.00,     0.00,     0.02,     0.43,     0.02,     0.36,     0.01,     0.35,     4.40,     0.02,     0.13,     1.67,     0.25,     0.01,     0.00,     0.00,     0.00,     0.45,     0.08,     0.00,  -999.99,  -999.99,  -999.99
cty,10033,ID: Clark County,1981,02,PRCP,     1.11,     0.01,     0.00,     0.00,     0.00,     0.00,     0.00,     0.20,     0.00,     0.74,     0.05,     0.03,     0.06,     1.23,     4.25,     0.02,     9.97,     0.02,     1.68,     9.97,     0.00,     0.00,     0.00,     0.00,     0.00,     2.79,     3.24,     0.00,  -999.99,  -999.99,  -999.99
cty,10035,ID: Clearwater County,1981,02,PRCP,     0.07,     0.00,     0.00,     0.00,     0.00,     0.00,     0.00,     0.09,     0.00,     3.88,     0.02,    21.55,    16.42,    20.41,    12.96,    15.06,    21.30,     8.91,    10.42,    12.96,     1.03,     0.00,     0.04,     0.00,     3.92,     0.80,     0.09,     0.01,  -999.99,  -999.99,  -999.99
cty,10037,ID: Custer County,1981,02,PRCP,     0.96,     0.00,     0.01,     0.00,     0.00,     0.00,     0.00,     0.00,     0.00,     1.12,     0.11,     1.90,     0.41,     8.81,     6.76,     3.35,    19.50,     2.46,     8.54,    16.33,     0.01,     0.27,     0.00,     0.00,     0.00,     0.89,     0.22,     0.00,  -999.99,  -999.99,  -999.99
cty,10039,ID: Elmore County,1981,02,PRCP,     0.05,     0.00,     0.02,     0.00,     0.00,     0.04,     0.00,     0.00,     0.00,     0.00,     0.00,     1.15,     0.05,    11.99,     4.63,     1.87,    13.31,     0.80,     7.33,     4.83,     0.00,     0.27,     0.00,     0.00,     0.00,     0.67,     0.00,     0.00,  -999.99,  -999.99,  -999.99
cty,10041,ID: Franklin County,1981,02,PRCP,     3.61,     0.04,     0.06,     0.02,     0.01,     0.00,     0.00,     0.00,     0.01,     2.67,     0.34,     0.13,     0.28,     0.00,     0.08,     0.00,     1.28,     0.19,     0.07,     5.33,     1.34,     0.03,     0.00,     0.03,     0.02,     7.88,     2.00,     0.00,  -999.99,  -999.99,  -999.99
cty,10043,ID: Fremont County,1981,02,PRCP,     1.56,     0.34,     0.00,     0.00,     0.00,     0.00,     0.13,     2.08,     0.44,     0.44,     0.01,     0.97,     0.12,     1.46,     1.88,     1.29,     8.65,     0.34,     2.93,     7.30,     0.11,     0.00,     0.00,     0.00,     0.00,     4.33,     4.42,     0.00,  -999.99,  -999.99,  -999.99
cty,10045,ID: Gem County,1981,02,PRCP,     0.00,     0.00,     0.00,     0.00,     0.00,     0.22,     0.00,     0.00,     0.00,     0.09,     0.00,     1.41,     0.03,    12.10,     5.34,     5.18,    11.98,     3.25,     8.58,     8.41,     0.00,     0.00,     0.00,     0.00,     0.58,     0.17,     0.00,     0.00,  -999.99,  -999.99,  -999.99
cty,10047,ID: Gooding County,1981,02,PRCP,     0.00,     0.00,     0.00,     0.00,     0.00,     0.00,     0.00,     0.00,     0.00,     0.00,     0.00,     0.09,     0.00,     4.92,     1.56,     0.06,    10.20,     0.08,     1.64,     1.26,     0.00,     0.00,     0.00,     0.00,     0.00,     0.16,     0.00,     0.00,  -999.99,  -999.99,  -999.99
cty,10049,ID: Idaho County,1981,02,PRCP,     0.26,     0.02,     0.00,     0.00,     0.00,     0.00,     0.00,     0.02,     0.01,     2.65,     0.27,    12.15,     6.33,     8.19,     6.29,    10.01,    19.10,     5.83,    10.76,    15.57,     0.98,     0.05,     0.01,     0.00,     1.30,     1.12,     0.19,     0.02,  -999.99,  -999.99,  -999.99
cty,10051,ID: Jefferson County,1981,02,PRCP,     0.02,     0.00,     0.00,     0.00,     0.00,     0.00,     0.00,     0.00,     0.00,     0.00,     0.00,     0.00,     0.00,     0.50,     0.12,     0.04,     1.81,     0.00,     0.36,     4.21,     0.00,     0.00,     0.00,     0.00,     0.00,     1.56,     0.00,     0.00,  -999.99,  -999.99,  -999.99
cty,10053,ID: Jerome County,1981,02,PRCP,     0.01,     0.00,     0.00,     0.00,     0.00,     0.00,     0.00,     0.00,     0.00,     0.00,     0.00,     0.00,     0.00,     0.08,     2.17,     0.00,     8.22,     0.00,     0.00,     0.63,     0.03,     0.00,     0.00,     0.00,     0.00,     0.03,     0.00,     0.00,  -999.99,  -999.99,  -999.99
cty,10055,ID: Kootenai County,1981,02,PRCP,     0.00,     0.00,     0.00,     0.00,     0.00,     0.00,     0.00,     0.00,     1.24,     1.94,     0.00,    15.19,     8.08,    14.60,     5.37,    17.93,     9.31,     8.71,    12.56,     5.90,     0.01,     0.00,     0.00,     0.00,     7.53,     0.03,     0.00,     0.00,  -999.99,  -999.99,  -999.99
cty,10057,ID: Latah County,1981,02,PRCP,     0.00,     0.00,     0.00,     0.00,     0.00,     0.00,     0.00,     0.00,     0.00,     1.69,     0.00,    18.81,    12.68,    20.90,    12.32,    15.01,    13.41,     7.05,     8.53,     5.34,     0.00,     0.00,     0.00,     0.00,     3.78,     0.00,     0.00,     0.00,  -999.99,  -999.99,  -999.99
cty,10059,ID: Lemhi County,1981,02,PRCP,     2.04,     0.00,     0.02,     0.00,     0.00,     0.00,     0.00,     0.00,     0.00,     4.34,     0.31,     1.92,     1.42,     2.31,     6.28,     3.77,    18.06,     1.91,     5.94,    17.86,     0.03,     0.14,     0.01,     0.01,     0.00,     0.82,     0.82,     0.00,  -999.99,  -999.99,  -999.99
cty,10061,ID: Lewis County,1981,02,PRCP,     0.00,     0.00,     0.00,     0.00,     0.00,     0.00,     0.00,     0.00,     0.00,     0.90,     0.18,    10.50,     2.84,     6.06,     3.72,     6.93,    10.07,     4.65,     4.92,     3.77,     0.00,     0.00,     0.00,     0.00,     1.03,     0.19,     0.00,     0.00,  -999.99,  -999.99,  -999.99
cty,10063,ID: Lincoln County,1981,02,PRCP,     0.00,     0.00,     0.00,     0.00,     0.00,     0.00,     0.00,     0.00,     0.00,     0.00,     0.00,     0.00,     0.00,     0.73,     3.07,     0.00,    10.11,     0.09,     0.37,     1.93,     0.00,     0.00,     0.00,     0.00,     0.00,     0.01,     0.00,     0.00,  -999.99,  -999.99,  -999.99
cty,10065,ID: Madison County,1981,02,PRCP,     0.73,     0.00,     0.00,     0.00,     0.00,     0.00,     0.05,     0.12,     0.00,     0.14,     0.00,     0.05,     0.00,     1.40,     0.20,     0.82,     2.64,     0.03,     1.08,     6.29,     0.03,     0.00,     0.00,     0.00,     0.00,     3.46,     0.21,     0.00,  -999.99,  -999.99,  -999.99
cty,10067,ID: Minidoka County,1981,02,PRCP,     0.00,     0.00,     0.00,     0.00,     0.00,     0.00,     0.00,     0.00,     0.00,     0.00,     0.00,     0.00,     0.00,     0.23,     0.98,     0.00,     4.80,     0.00,     0.01,     1.15,     0.00,     0.00,     0.00,     0.00,     0.00,     0.09,     0.00,     0.00,  -999.99,  -999.99,  -999.99
cty,10069,ID: Nez Perce County,1981,02,PRCP,     0.00,     0.00,     0.00,     0.00,     0.00,     0.00,     0.00,     0.00,     0.00,     0.96,     0.19,    11.07,     3.49,     7.25,     3.12,     6.81,     9.17,     3.08,     5.03,     3.13,     0.00,     0.00,     0.00,     0.00,     1.30,     0.24,     0.00,     0.00,  -999.99,  -999.99,  -999.99
cty,10071,ID: Oneida County,1981,02,PRCP,     0.85,     0.00,     0.04,     0.00,     0.02,     0.00,     0.00,     0.00,     0.00,     0.30,     0.00,     0.00,     0.08,     0.03,     0.00,     0.00,     2.47,     0.00,     0.00,     2.42,     0.35,     0.00,     0.00,     0.00,     0.00,     1.44,     0.50,     0.00,  -999.99,  -999.99,  -999.99
cty,10073,ID: Owyhee County,1981,02,PRCP,     0.04,     0.00,     0.00,     0.00,     0.00,     0.09,     0.01,     0.00,     0.00,     0.03,     0.00,     0.02,     0.01,     2.93,     1.52,     0.20,     5.49,     0.15,     0.35,     7.91,     0.00,     0.00,     0.00,     0.00,     0.17,     1.09,     0.00,     0.00,  -999.99,  -999.99,  -999.99
cty,10075,ID: Payette County,1981,02,PRCP,     0.00,     0.00,     0.00,     0.00,     0.00,     0.45,     0.00,     0.00,     0.00,     0.00,     0.00,     0.54,     0.00,    14.96,     1.74,     3.81,     8.20,     3.35,     5.92,     4.58,     0.00,     0.00,     0.00,     0.00,     0.39,     0.00,     0.00,     0.00,  -999.99,  -999.99,  -999.99
cty,10077,ID: Power County,1981,02,PRCP,     0.24,     0.00,     0.00,     0.00,     0.00,     0.00,     0.00,     0.00,     0.00,     0.01,     0.00,     0.04,     0.00,     0.69,     0.12,     0.13,     5.99,     0.00,     0.01,     3.47,     0.20,     0.00,     0.00,     0.00,     0.00,     2.88,     0.02,     0.00,  -999.99,  -999.99,  -999.99
cty,10079,ID: Shoshone County,1981,02,PRCP,     0.00,     0.00,     0.00,     0.00,     0.00,     0.00,     0.00,     0.04,     1.13,     3.94,     0.06,    15.97,    16.03,    18.44,    10.97,    17.31,    20.50,    11.80,    11.32,    12.12,     0.70,     0.00,     0.06,     0.00,     5.36,     1.00,     0.00,     0.04,  -999.99,  -999.99,  -999.99
cty,10081,ID: Teton County,1981,02,PRCP,     1.83,     0.12,     0.04,     0.00,     0.00,     0.00,     0.49,     1.16,     0.10,     1.43,     0.03,     0.64,     0.13,     1.95,     0.99,     1.27,     5.29,     0.52,     2.00,     7.15,     0.43,     0.02,     0.00,     0.00,     0.00,     2.23,     1.56,     0.00,  -999.99,  -999.99,  -999.99
cty,10083,ID: Twin Falls County,1981,02,PRCP,     0.00,     0.00,     0.00,     0.00,     0.01,     0.00,     0.00,     0.00,     0.00,     0.00,     0.02,     0.13,     0.08,     0.11,     0.17,     0.03,     4.67,     0.00,     0.05,     2.43,     0.06,     0.00,     0.00,     0.00,     0.00,     0.07,     0.04,     0.00,  -999.99,  -999.99,  -999.99
cty,10085,ID: Valley County,1981,02,PRCP,     0.01,     0.00,     0.01,     0.00,     0.00,     0.00,     0.00,     0.00,     0.00,     0.15,     0.03,     3.42,     1.68,    23.03,    12.11,    11.22,    28.54,     8.99,    20.96,    16.37,     0.05,     0.44,     0.00,     0.00,     0.65,     0.59,     0.00,     0.00,  -999.99,  -999.99,  -999.99
cty,10087,ID: Washington County,1981,02,PRCP,     0.00,     0.00,     0.00,     0.00,     0.00,     0.17,     0.00,     0.00,     0.00,     0.01,     0.00,     1.00,     0.06,    17.33,     3.06,     8.20,    15.49,     5.91,    11.13,     6.19,     0.07,     0.04,     0.00,     0.00,     0.40,     0.05,     0.00,     0.00,  -999.99,  -999.99,  -999.99
cty,11001,IL: Adams County,1981,02,PRCP,     7.10,     0.54,     0.00,     0.00,     0.00,     0.00,     0.00,     0.00,     0.00,     7.92,     3.72,     0.00,     0.00,     0.00,     0.00,     0.00,     0.00,     0.00,     0.00,     0.00,     0.00,     7.26,     8.80,     0.00,     0.00,     0.00,     0.00,     0.00,  -999.99,  -999.99,  -999.99
cty,11003,IL: Alexander County,1981,02,PRCP,    23.10,     7.58,     0.00,     0.00,     0.00,     0.00,     0.00,     0.07,     0.00,    21.48,    23.16,     0.00,     0.00,     0.00,     0.00,     2.17,     1.78,     0.00,     0.00,     0.00,     0.00,     5.78,     0.40,     0.00,     0.00,     0.00,     0.00,     6.29,  -999.99,  -999.99,  -999.99
cty,11005,IL: Bond County,1981,02,PRCP,    13.92,     2.34,     0.00,     0.00,     0.00,     0.00,     0.00,     0.00,     0.00,    19.30,    11.11,     0.00,     0.00,     0.00,     0.00,     0.00,     0.00,     0.00,     0.00,     0.00,     0.00,    13.52,     4.43,     0.00,     0.00,     0.00,     0.00,     2.21,  -999.99,  -999.99,  -999.99
cty,11007,IL: Boone County,1981,02,PRCP,     4.30,     0.15,     0.00,     0.00,     0.00,     0.61,     0.46,     0.00,     0.25,     2.95,     7.89,     0.00,     0.00,     0.00,     0.00,     0.00,     0.00,     0.00,     0.00,     0.00,     0.00,    19.76,    12.80,     0.51,     0.00,     0.00,     7.09,     2.88,  -999.99,  -999.99,  -999.99
cty,11009,IL: Brown County,1981,02,PRCP,     6.79,     0.43,     0.00,     0.00,     0.00,     0.00,     0.00,     0.00,     0.00,     7.99,     4.51,     0.00,     0.00,     0.00,     0.00,     0.00,     0.00,     0.00,     0.00,     0.00,     0.00,     7.09,     7.74,     0.07,     0.00,     0.00,     0.00,     0.36,  -999.99,  -999.99,  -999.99
cty,11011,IL: Bureau County,1981,02,PRCP,     4.70,     0.00,     0.00,     0.00,     0.00,     0.25,     0.00,     0.00,     0.01,     4.21,     5.59,     0.00,     0.00,     0.00,     0.00,     0.00,     0.00,     0.00,     0.00,     0.00,     0.00,    24.93,    10.73,     0.24,     0.00,     0.00,     7.21,     0.00,  -999.99,  -999.99,  -999.99
cty,11013,IL: Calhoun County,1981,02,PRCP,    13.21,     1.25,     0.00,     0.00,     0.00,     0.00,     0.00,     0.00,     0.00,    15.46,     7.25,     0.00,     0.00,     0.00,     0.00,     0.00,     0.00,     0.00,     0.00,     0.00,     0.00,     9.11,     5.46,     0.00,     0.00,     0.00,     0.00,     0.43,  -999.99,  -999.99,  -999.99
cty,11015,IL: Carroll County,1981,02,PRCP,     6.19,     0.00,     0.00,     0.00,     0.00,     0.38,     0.00,     0.00,     0.14,     2.92,     4.43,     0.00,     0.00,     0.00,     0.00,     0.00,     0.00,     0.00,     0.00,     0.00,     0.00,    24.99,    18.51,     0.36,     0.00,     0.00,     9.27,     0.63,  -999.99,  -999.99,  -999.99
cty,11017,IL: Cass County,1981,02,PRCP,     8.16,     0.43,     0.00,     0.00,     0.00,     0.00,     0.00,     0.00,     0.00,    10.54,     5.75,     0.00,     0.00,     0.00,     0.00,     0.00,     0.00,     0.00,     0.00,     0.00,     0.00,    11.38,     8.19,     0.25,     0.00,     0.00,     0.00,     0.33,  -999.99,  -999.99,  -999.99
cty,11019,IL: Champaign County,1981,02,PRCP,    10.04,     2.26,     0.00,     0.00,     0.00,     0.28,     0.00,     0.00,     0.00,    14.01,    13.77,     0.00,     0.00,     0.00,     0.00,     0.70,     0.00,     0.00,     0.00,     0.01,     0.00,     3.88,     6.62,     2.31,     0.00,     0.00,     0.01,     0.28,  -999.99,  -999.99,  -999.99
cty,11021,IL: Christian County,1981,02,PRCP,    10.47,     1.14,     0.00,     0.00,     0.00,     0.00,     0.00,     0.00,     0.00,    14.99,     8.10,     0.00,     0.00,     0.00,     0.00,     0.00,     0.00,     0.00,     0.00,     0.02,     0.00,    13.74,     5.55,     0.27,     0.00,     0.00,     0.00,     1.26,  -999.99,  -999.99,  -999.99
cty,11023,IL: Clark County,1981,02,PRCP,    12.98,     3.36,     0.00,     0.00,     0.00,     0.00,     0.00,     0.00,     0.00,    17.52,    20.16,     0.00,     0.00,     0.00,     0.00,     1.99,     1.44,     0.00,     0.01,     0.26,     0.00,     1.31,     4.33,     1.56,     0.00,     0.00,     0.00,     1.23,  -999.99,  -999.99,  -999.99
cty,11025,IL: Clay County,1981,02,PRCP,    16.11,     4.60,     0.00,     0.00,     0.00,     0.00,     0.00,     0.00,     0.00,    18.47,    22.89,     0.00,     0.00,     0.00,     0.00,     1.05,     1.34,     0.00,     0.00,     0.00,     0.00,     3.95,     4.09,     0.01,     0.00,     0.00,     0.00,     2.07,  -999.99,  -999.99,  -999.99
cty,11027,IL: Clinton County,1981,02,PRCP,    13.12,     2.88,     0.00,     0.00,     0.00,     0.00,     0.00,     0.00,     0.00,    18.41,    12.73,     0.00,     0.00,     0.00,     0.00,     0.01,     0.00,     0.00,     0.00,     0.00,     0.00,    10.36,     3.03,     0.00,     0.00,     0.00,     0.00,     2.66,  -999.99,  -999.99,  -999.99
cty,11029,IL: Coles County,1981,02,PRCP,    13.47,     2.02,     0.00,     0.00,     0.00,     0.00,     0.00,     0.00,     0.00,    18.46,    18.26,     0.00,     0.00,     0.00,     0.00,     0.35,     0.05,     0.00,     0.00,     0.00,     0.00,     4.08,     4.83,     0.82,     0.00,     0.00,     0.00,     1.18,  -999.99,  -999.99,  -999.99
cty,11031,IL: Cook County,1981,02,PRCP,     4.39,     1.13,     0.00,     0.00,     0.00,     1.15,     0.02,     0.00,     0.04,     4.97,    13.37,     0.00,     0.00,     0.00,     0.00,     0.00,     0.00,     0.00,     0.00,     0.00,     0.00,     4.59,     8.76,     2.32,     0.00,     0.00,     2.63,     4.06,  -999.99,  -999.99,  -999.99
cty,11033,IL: Crawford County,1981,02,PRCP,    13.12,     4.53,     0.00,     0.00,     0.00,     0.00,     0.00,     0.00,     0.00,    17.35,    21.87,     0.00,     0.00,     0.00,     0.00,     2.56,     2.82,     0.00,     0.00,     0.20,     0.00,     0.79,     3.79,     1.46,     0.00,     0.00,     0.00,     1.23,  -999.99,  -999.99,  -999.99
cty,11035,IL: Cumberland County,1981,02,PRCP,    14.51,     2.73,     0.00,     0.00,     0.00,     0.00,     0.00,     0.00,     0.00,    19.33,    20.85,     0.00,     0.00,     0.00,     0.00,     0.62,     0.32,     0.00,     0.01,     0.00,     0.00,     3.74,     4.58,     0.61,     0.00,     0.00,     0.00,     1.42,  -999.99,  -999.99,  -999.99
cty,11037,IL: DeKalb County,1981,02,PRCP,     3.64,     0.27,     0.00,     0.00,     0.00,     0.45,     0.00,     0.00,     0.06,     3.29,     8.31,     0.00,     0.00,     0.00,     0.00,     0.00,     0.00,     0.00,     0.00,     0.00,     0.00,    14.91,     9.09,     0.91,     0.00,     0.00,     4.81,     1.62,  -999.99,  -999.99,  -999.99
cty,11039,IL: De Witt County,1981,02,PRCP,     8.24,     1.16,     0.00,     0.00,     0.00,     0.30,     0.00,     0.00,     0.00,    15.92,    11.04,     0.00,     0.00,     0.00,     0.00,     0.02,     0.00,     0.00,     0.00,     0.00,     0.00,    13.96,     9.13,     1.30,     0.00,     0.00,     0.05,     0.08,  -999.99,  -999.99,  -999.99
cty,11041,IL: Douglas County,1981,02,PRCP,    12.04,     2.04,     0.00,     0.00,     0.00,     0.00,     0.00,     0.00,     0.00,    16.91,    15.72,     0.00,     0.00,     0.00,     0.00,     0.45,     0.00,     0.00,     0.00,     0.01,     0.00,     4.07,     5.58,     1.46,     0.00,     0.00,     0.00,     0.84,  -999.99,  -999.99,  -999.99
cty,11043,IL: DuPage County,1981,02,PRCP,     4.11,     0.91,     0.00,     0.00,     0.00,     1.01,     0.00,     0.00,     0.05,     4.82,    13.69,     0.00,     0.00,     0.00,     0.00,     0.00,     0.00,     0.00,     0.00,     0.00,     0.00,     6.66,     8.75,     1.99,     0.00,     0.00,     3.26,     3.86,  -999.99,  -999.99,  -999.99
cty,11045,IL: Edgar County,1981,02,PRCP,    12.86,     3.40,     0.00,     0.00,     0.00,     0.00,     0.00,     0.00,     0.00,    16.91,    17.89,     0.00,     0.00,     0.00,     0.00,     1.68,     0.71,     0.00,     0.00,     0.50,     0.00,     1.27,     5.38,     2.49,     0.00,     0.00,     0.00,     1.14,  -999.99,  -999.99,  -999.99
cty,11047,IL: Edwards County,1981,02,PRCP,    14.14,     5.32,     0.00,     0.00,     0.00,     0.00,     0.00,     0.00,     0.00,    15.00,    21.15,     0.00,     0.00,     0.00,     0.00,     1.55,     3.38,     0.00,     0.00,     0.00,     0.00,     0.82,     3.06,     0.50,     0.00,     0.00,     0.00,     1.74,  -999.99,  -999.99,  -999.99
cty,11049,IL: Effingham County,1981,02,PRCP,    13.17,     3.15,     0.00,     0.00,     0.00,     0.04,     0.00,     0.00,     0.00,    17.20,    18.10,     0.00,     0.00,     0.00,     0.00,     0.55,     0.21,     0.00,     0.00,     0.00,     0.00,     5.51,     4.24,     0.34,     0.00,     0.00,     0.00,     1.58,  -999.99,  -999.99,  -999.99
cty,11051,IL: Fayette County,1981,02,PRCP,    14.50,     2.89,     0.00,     0.00,     0.00,     0.00,     0.00,     0.00,     0.00,    18.88,    14.75,     0.00,     0.00,     0.00,     0.00,     0.09,     0.02,     0.00,     0.00,     0.00,     0.00,    10.55,     4.68,     0.07,     0.00,     0.00,     0.00,     2.19,  -999.99,  -999.99,  -999.99
cty,11053,IL: Ford County,1981,02,PRCP,     6.62,     1.84,     0.00,     0.00,     0.00,     0.49,     0.00,     0.00,     0.00,     9.29,    11.47,     0.00,     0.00,     0.00,     0.00,     0.21,     0.00,     0.00,     0.00,     0.03,     0.00,     3.83,     6.39,     1.95,     0.00,     0.00,     0.33,     0.02,  -999.99,  -999.99,  -999.99
cty,11055,IL: Franklin County,1981,02,PRCP,    14.19,     5.04,     0.00,     0.00,     0.00,     0.00,     0.00,     0.00,     0.00,    14.68,    17.31,     0.00,     0.00,     0.00,     0.00,     0.79,     1.29,     0.00,     0.00,     0.00,     0.00,     2.81,     1.34,     0.00,     0.00,     0.00,     0.00,     3.36,  -999.99,  -999.99,  -999.99
cty,11057,IL: Fulton County,1981,02,PRCP,     6.70,     0.20,     0.00,     0.00,     0.00,     0.00,     0.00,     0.00,     0.00,     8.51,     5.60,     0.00,     0.00,     0.00,     0.00,     0.00,     0.00,     0.00,     0.00,     0.00,     0.00,    15.30,    11.50,     0.61,     0.00,     0.00,     0.29,     0.00,  -999.99,  -999.99,  -999.99
cty,11059,IL: Gallatin County,1981,02,PRCP,    16.24,     6.82,     0.00,     0.00,     0.00,     0.00,     0.00,     0.00,     0.00,    12.30,    17.31,     0.00,     0.00,     0.00,     0.00,     1.08,     4.93,     0.04,     0.02,     0.04,     0.00,     0.69,     1.91,     0.46,     0.00,     0.00,     0.00,     3.04,  -999.99,  -999.99,  -999.99
cty,11061,IL: Greene County,1981,02,PRCP,    10.60,     0.80,     0.00,     0.00,     0.00,     0.00,     0.00,     0.00,     0.00,    12.65,     6.26,     0.00,     0.00,     0.00,     0.00,     0.00,     0.00,     0.00,     0.00,     0.00,     0.00,     9.03,     5.95,     0.03,     0.00,     0.00,     0.00,     0.70,  -999.99,  -999.99,  -999.99
cty,11063,IL: Grundy County,1981,02,PRCP,     4.02,     0.88,     0.00,     0.00,     0.00,     0.71,     0.00,     0.00,     0.00,     6.26,    12.18,     0.00,     0.00,     0.00,     0.00,     0.00,     0.00,     0.00,     0.00,     0.00,     0.00,     8.21,     7.95,     1.41,     0.00,     0.00,     5.37,     0.68,  -999.99,  -999.99,  -999.99
cty,11065,IL: Hamilton County,1981,02,PRCP,    17.07,     5.76,     0.00,     0.00,     0.00,     0.00,     0.00,     0.00,     0.00,    15.70,    20.64,     0.00,     0.00,     0.00,     0.00,     1.24,     2.68,     0.02,     0.01,     0.00,     0.00,     1.64,     2.28,     0.08,     0.00,     0.00,     0.00,     3.30,  -999.99,  -999.99,  -999.99
cty,11067,IL: Hancock County,1981,02,PRCP,     5.40,     0.33,     0.00,     0.00,     0.00,     0.00,     0.00,     0.00,     0.00,     5.52,     3.09,     0.00,     0.00,     0.00,     0.00,     0.00,     0.00,     0.00,     0.00,     0.00,     0.00,     7.72,    11.12,     0.12,     0.00,     0.00,     0.00,     0.00,  -999.99,  -999.99,  -999.99
cty,11069,IL: Hardin County,1981,02,PRCP,    18.90,     8.63,     0.00,     0.00,     0.00,     0.00,     0.00,     0.31,     0.00,    12.29,    18.44,     0.00,     0.00,     0.00,     0.00,     0.95,     7.50,     0.16,     0.00,     0.02,     0.00,     0.86,     1.86,     0.36,     0.00,     0.00,     0.00,     3.49,  -999.99,  -999.99,  -999.99
cty,11071,IL: Henderson County,1981,02,PRCP,     6.34,     0.01,     0.00,     0.00,     0.00,     0.05,     0.00,     0.00,     0.00,     5.89,     3.49,     0.00,     0.00,     0.00,     0.00,     0.00,     0.00,     0.00,     0.00,     0.00,     0.00,    12.27,    17.47,     0.23,     0.00,     0.00,     1.29,     0.00,  -999.99,  -999.99,  -999.99
cty,11073,IL: Henry County,1981,02,PRCP,     5.85,     0.00,     0.00,     0.00,     0.00,     0.19,     0.00,     0.00,     0.00,     4.31,     4.28,     0.00,     0.00,     0.00,     0.00,     0.00,     0.00,     0.00,     0.00,     0.00,     0.00,    23.61,    13.52,     0.51,     0.00,     0.00,     4.66,     0.02,  -999.99,  -999.99,  -999.99
cty,11075,IL: Iroquois County,1981,02,PRCP,     7.50,     2.54,     0.00,     0.00,     0.00,     0.63,     0.00,     0.00,     0.00,     9.69,    10.91,     0.00,     0.00,     0.00,     0.00,     0.24,     0.00,     0.00,     0.00,     0.24,     0.00,     1.74,     7.17,     3.21,     0.00,     0.00,     0.56,     0.51,  -999.99,  -999.99,  -999.99
cty,11077,IL: Jackson County,1981,02,PRCP,    12.86,     5.95,     0.00,     0.00,     0.00,     0.00,     0.00,     0.00,     0.00,    19.70,    18.47,     0.00,     0.00,     0.00,     0.00,     0.67,     0.25,     0.00,     0.00,     0.00,     0.00,     6.12,     0.76,     0.00,     0.00,     0.00,     0.00,     5.31,  -999.99,  -999.99,  -999.99
cty,11079,IL: Jasper County,1981,02,PRCP,    14.67,     3.79,     0.00,     0.00,     0.00,     0.00,     0.00,     0.00,     0.00,    18.51,    22.24,     0.00,     0.00,     0.00,     0.00,     1.22,     1.15,     0.00,     0.00,     0.00,     0.00,     2.56,     4.18,     0.53,     0.00,     0.00,     0.00,     1.51,  -999.99,  -999.99,  -999.99
cty,11081,IL: Jefferson County,1981,02,PRCP,    14.50,     4.61,     0.00,     0.00,     0.00,     0.00,     0.00,     0.00,     0.00,    15.41,    18.96,     0.00,     0.00,     0.00,     0.00,     0.44,     1.34,     0.02,     0.01,     0.00,     0.00,     4.05,     2.21,     0.00,     0.00,     0.00,     0.00,     2.95,  -999.99,  -999.99,  -999.99
cty,11083,IL: Jersey County,1981,02,PRCP,    10.89,     0.94,     0.00,     0.00,     0.00,     0.00,     0.00,     0.00,     0.00,    13.70,     6.35,     0.00,     0.00,     0.00,     0.00,     0.00,     0.00,     0.00,     0.00,     0.00,     0.00,     9.14,     4.66,     0.00,     0.00,     0.00,     0.00,     0.91,  -999.99,  -999.99,  -999.99
cty,11085,IL: Jo Daviess County,1981,02,PRCP,     6.06,     0.00,     0.00,     0.00,     0.00,     0.64,     0.16,     0.03,     0.38,     2.93,     4.03,     0.00,     0.00,     0.00,     0.00,     0.00,     0.00,     0.00,     0.00,     0.00,     0.00,    23.81,    22.93,     0.47,     0.00,     0.00,     9.43,     1.13,  -999.99,  -999.99,  -999.99
cty,11087,IL: Johnson County,1981,02,PRCP,    20.61,     8.40,     0.00,     0.00,     0.00,     0.00,     0.00,     0.00,     0.00,    17.97,    22.24,     0.00,     0.00,     0.00,     0.00,     1.80,     3.30,     0.00,     0.00,     0.00,     0.00,     2.76,     1.08,     0.00,     0.00,     0.00,     0.00,     5.51,  -999.99,  -999.99,  -999.99
cty,11089,IL: Kane County,1981,02,PRCP,     3.27,     0.52,     0.01,     0.00,     0.00,     0.62,     0.00,     0.00,     0.16,     3.44,     9.79,     0.00,     0.00,     0.00,     0.00,     0.00,     0.00,     0.00,     0.00,     0.00,     0.00,     8.87,     7.54,     1.26,     0.00,     0.00,     3.68,     2.88,  -999.99,  -999.99,  -999.99
cty,11091,IL: Kankakee County,1981,02,PRCP,     5.19,     1.60,     0.00,     0.00,     0.00,     0.86,     0.00,     0.00,     0.00,     7.11,    10.54,     0.00,     0.00,     0.00,     0.00,     0.00,     0.00,     0.00,     0.00,     0.00,     0.00,     2.77,     7.25,     2.74,     0.00,     0.00,     1.87,     0.84,  -999.99,  -999.99,  -999.99
cty,11093,IL: Kendall County,1981,02,PRCP,     3.71,     0.71,     0.00,     0.00,     0.00,     0.70,     0.00,     0.00,     0.00,     4.85,    11.53,     0.00,     0.00,     0.00,     0.00,     0.00,     0.00,     0.00,     0.00,     0.00,     0.00,     8.93,     8.02,     1.50,     0.00,     0.00,     5.22,     1.37,  -999.99,  -999.99,  -999.99
cty,11095,IL: Knox County,1981,02,PRCP,     6.35,     0.02,     0.00,     0.00,     0.00,     0.07,     0.00,     0.00,     0.00,     6.52,     5.29,     0.00,     0.00,     0.00,     0.00,     0.00,     0.00,     0.00,     0.00,     0.00,     0.00,    20.25,    13.93,     0.93,     0.00,     0.00,     1.97,     0.00,  -999.99,  -999.99,  -999.99
cty,11097,IL: Lake County,1981,02,PRCP,     3.50,     0.73,     0.00,     0.00,     0.00,     0.83,     0.35,     0.00,     0.17,     3.52,    11.91,     0.00,     0.00,     0.00,     0.00,     0.00,     0.00,     0.00,     0.00,     0.00,     0.00,     6.93,     8.79,     1.18,     0.00,     0.00,     2.12,     6.27,  -999.99,  -999.99,  -999.99
cty,11099,IL: LaSalle County,1981,02,PRCP,     4.08,     0.45,     0.00,     0.00,     0.00,     0.47,     0.00,     0.00,     0.00,     5.59,     9.59,     0.00,     0.00,     0.00,     0.00,     0.00,     0.00,     0.00,     0.00,     0.00,     0.00,    16.10,     9.66,     0.90,     0.00,     0.00,     4.75,     0.33,  -999.99,  -999.99,  -999.99
cty,11101,IL: Lawrence County,1981,02,PRCP,    13.37,     5.69,     0.00,     0.00,     0.00,     0.00,     0.00,     0.00,     0.00,    16.99,    23.03,     0.00,     0.00,     0.00,     0.00,     2.61,     4.07,     0.00,     0.00,     0.15,     0.00,     0.34,     3.55,     1.60,     0.00,     0.00,     0.00,     1.27,  -999.99,  -999.99,  -999.99
cty,11103,IL: Lee County,1981,02,PRCP,     4.59,     0.00,     0.00,     0.00,     0.00,     0.28,     0.00,     0.00,     0.01,     3.30,     5.88,     0.00,     0.00,     0.00,     0.00,     0.00,     0.00,     0.00,     0.00,     0.00,     0.00,    23.39,    10.79,     0.30,     0.00,     0.00,     6.81,     0.25,  -999.99,  -999.99,  -999.99
cty,11105,IL: Livingston County,1981,02,PRCP,     5.01,     1.10,     0.00,     0.00,     0.00,     0.64,     0.00,     0.00,     0.00,     8.49,    11.74,     0.00,     0.00,     0.00,     0.00,     0.00,     0.00,     0.00,     0.00,     0.00,     0.00,     9.02,     8.29,     1.26,     0.00,     0.00,     1.61,     0.03,  -999.99,  -999.99,  -999.99
cty,11107,IL: Logan County,1981,02,PRCP,     8.45,     0.76,     0.00,     0.00,     0.00,     0.00,     0.00,     0.00,     0.00,    15.11,     7.58,     0.00,     0.00,     0.00,     0.00,     0.00,     0.00,     0.00,     0.00,     0.00,     0.00,    17.82,     8.51,     0.60,     0.00,     0.00,     0.14,     0.34,  -999.99,  -999.99,  -999.99
cty,11109,IL: McDonough County,1981,02,PRCP,     6.89,     0.33,     0.00,     0.00,     0.00,     0.00,     0.00,     0.00,     0.00,     7.69,     5.03,     0.00,     0.00,     0.00,     0.00,     0.00,     0.00,     0.00,     0.00,     0.00,     0.00,    11.99,    14.40,     0.47,     0.00,     0.00,     0.00,     0.00,  -999.99,  -999.99,  -999.99
cty,11111,IL: McHenry County,1981,02,PRCP,     3.76,     0.46,     0.00,     0.00,     0.00,     0.70,     0.40,     0.00,     0.24,     3.11,     9.74,     0.00,     0.00,     0.00,     0.00,     0.00,     0.00,     0.00,     0.00,     0.00,     0.00,    12.34,    10.02,     0.95,     0.00,     0.00,     4.70,     4.96,  -999.99,  -999.99,  -999.99
cty,11113,IL: McLean County,1981,02,PRCP,     6.93,     1.07,     0.00,     0.00,     0.00,     0.57,     0.00,     0.00,     0.00,    13.41,    11.46,     0.00,     0.00,     0.00,     0.00,     0.01,     0.00,     0.00,     0.00,     0.00,     0.00,    13.25,    10.49,     1.30,     0.00,     0.00,     0.48,     0.00,  -999.99,  -999.99,  -999.99
cty,11115,IL: Macon County,1981,02,PRCP,     9.58,     1.25,     0.00,     0.00,     0.00,     0.01,     0.00,     0.00,     0.00,    16.58,    10.35,     0.00,     0.00,     0.00,     0.00,     0.00,     0.01,     0.00,     0.00,     0.00,     0.00,    13.45,     7.01,     0.92,     0.00,     0.00,     0.00,     0.70,  -999.99,  -999.99,  -999.99
cty,11117,IL: Macoupin County,1981,02,PRCP,    11.95,     0.96,     0.00,     0.00,     0.00,     0.00,     0.00,     0.00,     0.00,    15.47,     7.74,     0.00,     0.00,     0.00,     0.00,     0.00,     0.00,     0.00,     0.00,     0.00,     0.00,    13.76,     6.33,     0.00,     0.00,     0.00,     0.00,     1.29,  -999.99,  -999.99,  -999.99
cty,11119,IL: Madison County,1981,02,PRCP,    12.22,     1.50,     0.00,     0.00,     0.00,     0.00,     0.00,     0.00,     0.00,    17.67,     8.32,     0.00,     0.00,     0.00,     0.00,     0.00,     0.00,     0.00,     0.00,     0.00,     0.00,    12.76,     4.28,     0.00,     0.00,     0.00,     0.00,     2.14,  -999.99,  -999.99,  -999.99
cty,11121,IL: Marion County,1981,02,PRCP,    15.59,     4.14,     0.00,     0.00,     0.00,     0.00,     0.00,     0.00,     0.00,    18.22,    19.26,     0.00,     0.00,     0.00,     0.00,     0.37,     0.68,     0.00,     0.00,     0.00,     0.00,     6.74,     3.62,     0.00,     0.00,     0.00,     0.00,     2.59,  -999.99,  -999.99,  -999.99
cty,11123,IL: Marshall County,1981,02,PRCP,     5.11,     0.16,     0.00,     0.00,     0.00,     0.44,     0.00,     0.00,     0.00,     7.64,     7.63,     0.00,     0.00,     0.00,     0.00,     0.00,     0.00,     0.00,     0.00,     0.00,     0.00,    24.27,    11.85,     0.44,     0.00,     0.00,     5.25,     0.01,  -999.99,  -999.99,  -999.99
cty,11125,IL: Mason County,1981,02,PRCP,     6.98,     0.38,     0.00,     0.00,     0.00,     0.00,     0.00,     0.00,     0.00,    10.40,     5.66,     0.00,     0.00,     0.00,     0.00,     0.00,     0.00,     0.00,     0.00,     0.00,     0.00,    14.83,     8.36,     0.40,     0.00,     0.00,     0.01,     0.00,  -999.99,  -999.99,  -999.99
cty,11127,IL: Massac County,1981,02,PRCP,    20.40,     8.37,     0.00,     0.00,     0.00,     0.00,     0.00,     0.52,     0.00,    14.02,    19.10,     0.00,     0.00,     0.00,     0.00,     1.42,     5.63,     0.00,     0.00,     0.00,     0.00,     1.89,     1.08,     0.00,     0.00,     0.00,     0.00,     4.54,  -999.99,  -999.99,  -999.99
cty,11129,IL: Menard County,1981,02,PRCP,     7.47,     0.43,     0.00,     0.00,     0.00,     0.00,     0.00,     0.00,     0.00,    11.44,     5.92,     0.00,     0.00,     0.00,     0.00,     0.00,     0.00,     0.00,     0.00,     0.00,     0.00,    14.14,     6.76,     0.30,     0.00,     0.00,     0.00,     0.38,  -999.99,  -999.99,  -999.99
cty,11131,IL: Mercer County,1981,02,PRCP,     5.71,     0.00,     0.00,     0.00,     0.00,     0.20,     0.00,     0.00,     0.00,     4.29,     3.06,     0.00,     0.00,     0.00,     0.00,     0.00,     0.00,     0.00,     0.00,     0.00,     0.00,    13.93,    16.23,     0.35,     0.00,     0.00,     3.09,     0.00,  -999.99,  -999.99,  -999.99
cty,11133,IL: Monroe County,1981,02,PRCP,    11.08,     1.52,     0.00,     0.00,     0.00,     0.00,     0.00,     0.00,     0.00,    19.25,     9.76,     0.00,     0.00,     0.00,     0.00,     0.00,     0.00,     0.00,     0.00,     0.00,     0.00,    10.19,     1.77,     0.00,     0.00,     0.00,     0.00,     3.43,  -999.99,  -999.99,  -999.99
cty,11135,IL: Montgomery County,1981,02,PRCP,    13.83,     1.64,     0.00,     0.00,     0.00,     0.00,     0.00,     0.00,     0.00,    18.57,    10.13,     0.00,     0.00,     0.00,     0.00,     0.00,     0.00,     0.00,     0.00,     0.00,     0.00,    16.08,     6.07,     0.01,     0.00,     0.00,     0.00,     1.90,  -999.99,  -999.99,  -999.99
cty,11137,IL: Morgan County,1981,02,PRCP,     8.64,     0.51,     0.00,     0.00,     0.00,     0.00,     0.00,     0.00,     0.00,    10.83,     5.79,     0.00,     0.00,     0.00,     0.00,     0.00,     0.00,     0.00,     0.00,     0.00,     0.00,    10.26,     6.80,     0.03,     0.00,     0.00,     0.00,     0.56,  -999.99,  -999.99,  -999.99
cty,11139,IL: Moultrie County,1981,02,PRCP,    11.36,     1.73,     0.00,     0.00,     0.00,     0.00,     0.00,     0.00,     0.00,    17.59,    14.42,     0.00,     0.00,     0.00,     0.00,     0.20,     0.00,     0.00,     0.00,     0.00,     0.00,     8.42,     5.72,     0.93,     0.00,     0.00,     0.00,     0.96,  -999.99,  -999.99,  -999.99
cty,11141,IL: Ogle County,1981,02,PRCP,     4.45,     0.00,     0.00,     0.00,     0.00,     0.32,     0.00,     0.00,     0.15,     2.79,     5.46,     0.00,     0.00,     0.00,     0.00,     0.00,     0.00,     0.00,     0.00,     0.00,     0.00,    23.29,    12.67,     0.26,     0.00,     0.00,     7.74,     0.75,  -999.99,  -999.99,  -999.99
cty,11143,IL: Peoria County,1981,02,PRCP,     6.23,     0.01,     0.00,     0.00,     0.00,     0.18,     0.00,     0.00,     0.00,     8.95,     6.45,     0.00,     0.00,     0.00,     0.00,     0.00,     0.00,     0.00,     0.00,     0.00,     0.00,    23.69,    12.13,     0.67,     0.00,     0.00,     2.53,     0.00,  -999.99,  -999.99,  -999.99
cty,11145,IL: Perry County,1981,02,PRCP,    14.35,     5.30,     0.00,     0.00,     0.00,     0.00,     0.00,     0.00,     0.00,    21.01,    19.24,     0.00,     0.00,     0.00,     0.00,     0.30,     0.16,     0.00,     0.00,     0.00,     0.00,     7.76,     1.53,     0.00,     0.00,     0.00,     0.00,     4.66,  -999.99,  -999.99,  -999.99
cty,11147,IL: Piatt County,1981,02,PRCP,     8.71,     1.50,     0.00,     0.00,     0.00,     0.23,     0.00,     0.00,     0.00,    15.52,    12.84,     0.00,     0.00,     0.00,     0.00,     0.35,     0.00,     0.00,     0.00,     0.00,     0.00,     8.86,     6.87,     1.61,     0.00,     0.00,     0.00,     0.25,  -999.99,  -999.99,  -999.99
cty,11149,IL: Pike County,1981,02,PRCP,    10.13,     0.81,     0.00,     0.00,     0.00,     0.00,     0.00,     0.00,     0.00,    11.63,     5.74,     0.00,     0.00,     0.00,     0.00,     0.00,     0.00,     0.00,     0.00,     0.00,     0.00,     7.80,     7.39,     0.00,     0.00,     0.00,     0.02,     0.16,  -999.99,  -999.99,  -999.99
cty,11151,IL: Pope County,1981,02,PRCP,    20.61,     8.74,     0.00,     0.00,     0.00,     0.00,     0.00,     0.24,     0.00,    14.81,    20.29,     0.00,     0.00,     0.00,     0.00,     1.47,     5.98,     0.00,     0.00,     0.00,     0.00,     1.50,     1.56,     0.02,     0.00,     0.00,     0.00,     4.60,  -999.99,  -999.99,  -999.99
cty,11153,IL: Pulaski County,1981,02,PRCP,    23.33,     8.49,     0.00,     0.00,     0.00,     0.00,     0.00,     0.00,     0.00,    19.94,    23.35,     0.00,     0.00,     0.00,     0.00,     2.16,     2.80,     0.00,     0.00,     0.00,     0.00,     4.23,     0.67,     0.00,     0.00,     0.00,     0.00,     6.17,  -999.99,  -999.99,  -999.99
cty,11155,IL: Putnam County,1981,02,PRCP,     4.64,     0.00,     0.00,     0.00,     0.00,     0.37,     0.00,     0.00,     0.00,     5.82,     7.26,     0.00,     0.00,     0.00,     0.00,     0.00,     0.00,     0.00,     0.00,     0.00,     0.00,    23.71,    11.27,     0.22,     0.00,     0.00,     7.23,     0.00,  -999.99,  -999.99,  -999.99
cty,11157,IL: Randolph County,1981,02,PRCP,    12.41,     3.46,     0.00,     0.00,     0.00,     0.00,     0.00,     0.00,     0.00,    22.41,    15.01,     0.00,     0.00,     0.00,     0.00,     0.00,     0.00,     0.00,     0.00,     0.00,     0.00,    10.39,     1.35,     0.00,     0.00,     0.00,     0.00,     4.96,  -999.99,  -999.99,  -999.99
cty,11159,IL: Richland County,1981,02,PRCP,    14.35,     4.78,     0.00,     0.00,     0.00,     0.00,     0.00,     0.00,     0.00,    16.68,    22.30,     0.00,     0.00,     0.00,     0.00,     1.70,     2.51,     0.00,     0.00,     0.00,     0.00,     1.41,     3.59,     0.44,     0.00,     0.00,     0.00,     1.52,  -999.99,  -999.99,  -999.99
cty,11161,IL: Rock Island County,1981,02,PRCP,     6.78,     0.00,     0.00,     0.00,     0.00,     0.25,     0.00,     0.00,     0.00,     4.17,     3.72,     0.00,     0.00,     0.00,     0.00,     0.00,     0.00,     0.00,     0.00,     0.00,     0.00,    19.35,    18.74,     0.44,     0.00,     0.00,     4.74,     0.15,  -999.99,  -999.99,  -999.99
cty,11163,IL: St. Clair County,1981,02,PRCP,    10.96,     1.84,     0.00,     0.00,     0.00,     0.00,     0.00,     0.00,     0.00,    18.02,     9.59,     0.00,     0.00,     0.00,     0.00,     0.00,     0.00,     0.00,     0.00,     0.00,     0.00,    10.53,     2.43,     0.00,     0.00,     0.00,     0.00,     2.94,  -999.99,  -999.99,  -999.99
cty,11165,IL: Saline County,1981,02,PRCP,    16.35,     6.16,     0.00,     0.00,     0.00,     0.00,     0.00,     0.00,     0.00,    13.67,    16.80,     0.00,     0.00,     0.00,     0.00,     1.50,     3.02,     0.00,     0.00,     0.00,     0.00,     1.13,     1.52,     0.28,     0.00,     0.00,     0.00,     3.64,  -999.99,  -999.99,  -999.99
cty,11167,IL: Sangamon County,1981,02,PRCP,     9.19,     0.64,     0.00,     0.00,     0.00,     0.00,     0.00,     0.00,     0.00,    13.32,     6.77,     0.00,     0.00,     0.00,     0.00,     0.00,     0.00,     0.00,     0.00,     0.00,     0.00,    14.61,     6.42,     0.11,     0.00,     0.00,     0.00,     0.74,  -999.99,  -999.99,  -999.99
cty,11169,IL: Schuyler County,1981,02,PRCP,     6.80,     0.39,     0.00,     0.00,     0.00,     0.00,     0.00,     0.00,     0.00,     8.08,     4.79,     0.00,     0.00,     0.00,     0.00,     0.00,     0.00,     0.00,     0.00,     0.00,     0.00,     9.26,     9.80,     0.29,     0.00,     0.00,     0.00,     0.07,  -999.99,  -999.99,  -999.99
cty,11171,IL: Scott County,1981,02,PRCP,     9.54,     0.61,     0.00,     0.00,     0.00,     0.00,     0.00,     0.00,     0.00,    11.36,     5.94,     0.00,     0.00,     0.00,     0.00,     0.00,     0.00,     0.00,     0.00,     0.00,     0.00,     8.74,     7.13,     0.00,     0.00,     0.00,     0.00,     0.61,  -999.99,  -999.99,  -999.99
cty,11173,IL: Shelby County,1981,02,PRCP,    11.42,     1.89,     0.00,     0.00,     0.00,     0.00,     0.00,     0.00,     0.00,    16.19,    12.72,     0.00,     0.00,     0.00,     0.00,     0.11,     0.00,     0.00,     0.00,     0.01,     0.00,     9.01,     4.87,     0.54,     0.00,     0.00,     0.00,     1.39,  -999.99,  -999.99,  -999.99
cty,11175,IL: Stark County,1981,02,PRCP,     4.92,     0.00,     0.00,     0.00,     0.00,     0.20,     0.00,     0.00,     0.00,     5.63,     5.15,     0.00,     0.00,     0.00,     0.00,     0.00,     0.00,     0.00,     0.00,     0.00,     0.00,    23.95,    10.44,     0.51,     0.00,     0.00,     4.35,     0.00,  -999.99,  -999.99,  -999.99
cty,11177,IL: Stephenson County,1981,02,PRCP,     5.03,     0.00,     0.00,     0.00,     0.00,     0.52,     0.36,     0.00,     0.38,     2.70,     4.98,     0.00,     0.00,     0.00,     0.00,     0.00,     0.00,     0.00,     0.00,     0.00,     0.00,    26.32,    20.16,     0.35,     0.00,     0.00,     9.78,     0.92,  -999.99,  -999.99,  -999.99
cty,11179,IL: Tazewell County,1981,02,PRCP,     7.12,     0.53,     0.00,     0.00,     0.00,     0.21,     0.00,     0.00,     0.00,    12.41,     7.59,     0.00,     0.00,     0.00,     0.00,     0.00,     0.00,     0.00,     0.00,     0.00,     0.00,    21.02,    11.45,     0.67,     0.00,     0.00,     1.20,     0.00,  -999.99,  -999.99,  -999.99
cty,11181,IL: Union County,1981,02,PRCP,    17.51,     7.43,     0.00,     0.00,     0.00,     0.00,     0.00,     0.00,     0.00,    20.31,    21.60,     0.00,     0.00,     0.00,     0.00,     1.51,     1.19,     0.00,     0.00,     0.00,     0.00,     5.11,     0.61,     0.00,     0.00,     0.00,     0.00,     6.04,  -999.99,  -999.99,  -999.99
cty,11183,IL: Vermilion County,1981,02,PRCP,    12.08,     3.87,     0.00,     0.00,     0.00,     0.28,     0.00,     0.00,     0.00,    14.51,    14.65,     0.02,     0.00,     0.00,     0.00,     1.10,     0.02,     0.00,     0.00,     0.78,     0.00,     1.15,     7.29,     3.77,     0.00,     0.00,     0.01,     0.81,  -999.99,  -999.99,  -999.99
cty,11185,IL: Wabash County,1981,02,PRCP,    12.92,     5.69,     0.00,     0.00,     0.00,     0.00,     0.00,     0.00,     0.00,    14.87,    21.18,     0.00,     0.00,     0.00,     0.00,     1.74,     4.06,     0.00,     0.02,     0.00,     0.00,     0.21,     3.09,     1.20,     0.00,     0.00,     0.00,     1.35,  -999.99,  -999.99,  -999.99
cty,11187,IL: Warren County,1981,02,PRCP,     6.18,     0.01,     0.00,     0.00,     0.00,     0.05,     0.00,     0.00,     0.00,     5.94,     4.24,     0.00,     0.00,     0.00,     0.00,     0.00,     0.00,     0.00,     0.00,     0.00,     0.00,    14.22,    15.61,     0.58,     0.00,     0.00,     1.05,     0.00,  -999.99,  -999.99,  -999.99
cty,11189,IL: Washington County,1981,02,PRCP,    12.96,     3.72,     0.00,     0.00,     0.00,     0.00,     0.00,     0.00,     0.00,    18.62,    15.25,     0.00,     0.00,     0.00,     0.00,     0.06,     0.03,     0.00,     0.00,     0.00,     0.00,     8.73,     2.13,     0.00,     0.00,     0.00,     0.00,     3.34,  -999.99,  -999.99,  -999.99
cty,11191,IL: Wayne County,1981,02,PRCP,    16.15,     5.16,     0.00,     0.00,     0.00,     0.00,     0.00,     0.00,     0.00,    16.31,    22.22,     0.00,     0.00,     0.00,     0.00,     1.18,     2.47,     0.00,     0.00,     0.00,     0.00,     2.19,     3.15,     0.01,     0.00,     0.00,     0.00,     2.43,  -999.99,  -999.99,  -999.99
cty,11193,IL: White County,1981,02,PRCP,    16.12,     6.13,     0.00,     0.00,     0.00,     0.00,     0.00,     0.00,     0.00,    14.52,    20.38,     0.00,     0.00,     0.00,     0.00,     1.30,     3.96,     0.00,     0.00,     0.00,     0.00,     0.77,     2.56,     0.41,     0.00,     0.00,     0.00,     2.72,  -999.99,  -999.99,  -999.99
cty,11195,IL: Whiteside County,1981,02,PRCP,     6.31,     0.00,     0.00,     0.00,     0.00,     0.25,     0.00,     0.00,     0.00,     3.32,     4.53,     0.00,     0.00,     0.00,     0.00,     0.00,     0.00,     0.00,     0.00,     0.00,     0.00,    25.57,    15.34,     0.33,     0.00,     0.00,     8.16,     0.15,  -999.99,  -999.99,  -999.99
cty,11197,IL: Will County,1981,02,PRCP,     4.96,     1.31,     0.00,     0.00,     0.00,     1.11,     0.00,     0.00,     0.00,     6.37,    13.17,     0.00,     0.00,     0.00,     0.00,     0.00,     0.00,     0.00,     0.00,     0.00,     0.00,     5.00,     8.63,     2.51,     0.00,     0.00,     3.82,     1.63,  -999.99,  -999.99,  -999.99
cty,11199,IL: Williamson County,1981,02,PRCP,    13.68,     5.48,     0.00,     0.00,     0.00,     0.00,     0.00,     0.00,     0.00,    13.90,    16.02,     0.00,     0.00,     0.00,     0.00,     1.17,     1.40,     0.00,     0.00,     0.00,     0.00,     2.22,     0.82,     0.00,     0.00,     0.00,     0.00,     3.86,  -999.99,  -999.99,  -999.99
cty,11201,IL: Winnebago County,1981,02,PRCP,     4.51,     0.00,     0.00,     0.00,     0.00,     0.51,     0.44,     0.00,     0.30,     2.78,     6.34,     0.00,     0.00,     0.00,     0.00,     0.00,     0.00,     0.00,     0.00,     0.00,     0.00,    25.05,    15.97,     0.29,     0.00,     0.00,     8.64,     1.51,  -999.99,  -999.99,  -999.99
cty,11203,IL: Woodford County,1981,02,PRCP,     5.74,     0.50,     0.00,     0.00,     0.00,     0.54,     0.00,     0.00,     0.00,    10.54,     8.89,     0.00,     0.00,     0.00,     0.00,     0.00,     0.00,     0.00,     0.00,     0.00,     0.00,    20.56,    12.06,     0.69,     0.00,     0.00,     2.42,     0.02,  -999.99,  -999.99,  -999.99
cty,12001,IN: Adams County,1981,02,PRCP,     7.59,     5.70,     0.00,     0.00,     0.00,     0.73,     0.00,     0.00,     0.00,     3.79,    24.89,     0.81,     0.00,     0.00,     0.00,     1.62,     1.77,     0.00,     0.22,     7.71,     0.00,     0.00,     2.44,     4.18,     0.00,     0.00,     0.00,     0.86,  -999.99,  -999.99,  -999.99
cty,12003,IN: Allen County,1981,02,PRCP,     7.56,     5.60,     0.00,     0.00,     0.00,     1.07,     0.00,     0.00,     0.03,     4.18,    26.21,     0.55,     0.00,     0.00,     0.00,     1.60,     1.07,     0.00,     0.28,     8.09,     0.00,     0.00,     2.11,     5.19,     0.00,     0.00,     0.00,     0.85,  -999.99,  -999.99,  -999.99
cty,12005,IN: Bartholomew County,1981,02,PRCP,    10.77,     7.67,     0.16,     0.00,     0.00,     0.00,     0.00,     0.00,     0.00,     5.62,    22.76,     1.56,     0.00,     0.00,     0.00,     2.31,     8.19,     0.15,     0.13,     3.19,     0.00,     0.00,     1.22,     2.37,     0.00,     0.00,     0.00,     0.63,  -999.99,  -999.99,  -999.99
cty,12007,IN: Benton County,1981,02,PRCP,     8.66,     4.26,     0.00,     0.00,     0.00,     0.49,     0.00,     0.00,     0.00,    12.62,     9.70,     0.00,     0.00,     0.00,     0.00,     0.77,     0.00,     0.00,     0.00,     0.61,     0.00,     0.05,     6.32,     5.15,     0.00,     0.00,     0.07,     0.87,  -999.99,  -999.99,  -999.99
cty,12009,IN: Blackford County,1981,02,PRCP,     6.63,     5.30,     0.00,     0.00,     0.00,     0.63,     0.00,     0.00,     0.00,     3.41,    21.04,     0.58,     0.00,     0.00,     0.00,     1.41,     1.98,     0.02,     0.02,     3.59,     0.00,     0.00,     1.78,     3.51,     0.00,     0.00,     0.00,     0.88,  -999.99,  -999.99,  -999.99
cty,12011,IN: Boone County,1981,02,PRCP,     6.83,     7.68,     0.22,     0.00,     0.00,     0.28,     0.00,     0.00,     0.00,     8.89,    21.59,     0.74,     0.00,     0.00,     0.00,     2.48,     2.07,     0.00,     0.61,     4.36,     0.11,     0.00,     2.01,     4.59,     0.00,     0.00,     0.00,     1.14,  -999.99,  -999.99,  -999.99
cty,12013,IN: Brown County,1981,02,PRCP,    11.22,     8.06,     0.00,     0.00,     0.00,     0.00,     0.00,     0.00,     0.00,     8.24,    24.42,     0.78,     0.00,     0.00,     0.00,     3.81,     9.55,     0.31,     0.00,     3.67,     0.00,     0.00,     1.45,     3.81,     0.00,     0.00,     0.00,     0.64,  -999.99,  -999.99,  -999.99
cty,12015,IN: Carroll County,1981,02,PRCP,     8.65,     7.64,     0.04,     0.00,     0.00,     0.75,     0.00,     0.00,     0.00,    11.66,    15.20,     0.02,     0.00,     0.00,     0.00,     1.46,     0.55,     0.00,     0.06,     2.22,     0.00,     0.00,     2.76,     5.98,     0.00,     0.00,     0.00,     1.34,  -999.99,  -999.99,  -999.99
cty,12017,IN: Cass County,1981,02,PRCP,     8.29,     7.25,     0.34,     0.01,     0.00,     1.09,     0.00,     0.00,     0.00,     9.38,    14.92,     0.04,     0.00,     0.00,     0.00,     1.24,     0.68,     0.00,     0.04,     1.59,     0.00,     0.00,     2.12,     5.77,     0.00,     0.00,     0.00,     1.24,  -999.99,  -999.99,  -999.99
cty,12019,IN: Clark County,1981,02,PRCP,    12.88,    21.48,     0.00,     0.00,     0.00,     0.00,     0.00,     0.00,     0.00,     4.47,    19.73,     1.47,     0.00,     0.00,     0.00,     1.23,     6.45,     0.75,     1.44,     4.13,     0.00,     0.00,     1.96,     1.43,     0.00,     0.00,     0.00,     1.50,  -999.99,  -999.99,  -999.99
cty,12021,IN: Clay County,1981,02,PRCP,     8.84,     5.36,     0.00,     0.00,     0.00,     0.00,     0.00,     0.00,     0.00,    12.05,    17.32,     0.00,     0.00,     0.00,     0.00,     4.85,     4.43,     0.00,     0.03,     1.90,     0.00,     0.00,     3.03,     3.50,     0.00,     0.00,     0.00,     0.67,  -999.99,  -999.99,  -999.99
cty,12023,IN: Clinton County,1981,02,PRCP,     8.11,     8.85,     0.13,     0.00,     0.00,     0.51,     0.00,     0.00,     0.00,    10.83,    21.24,     0.48,     0.00,     0.00,     0.00,     2.14,     1.21,     0.00,     0.49,     4.63,     0.12,     0.00,     2.28,     5.53,     0.00,     0.00,     0.00,     1.45,  -999.99,  -999.99,  -999.99
cty,12025,IN: Crawford County,1981,02,PRCP,    15.53,    15.45,     0.00,     0.00,     0.00,     0.00,     0.00,     0.00,     0.00,     9.89,    19.31,     0.29,     0.00,     0.00,     0.00,     3.97,    12.83,     0.85,     0.00,     0.69,     0.00,     0.00,     1.67,     2.57,     0.00,     0.00,     0.00,     1.84,  -999.99,  -999.99,  -999.99
cty,12027,IN: Daviess County,1981,02,PRCP,    11.52,     8.46,     0.00,     0.00,     0.00,     0.00,     0.00,     0.00,     0.00,    14.83,    21.77,     0.00,     0.00,     0.00,     0.00,     5.46,     8.13,     0.19,     0.00,     1.33,     0.00,     0.00,     2.62,     3.42,     0.00,     0.00,     0.00,     1.07,  -999.99,  -999.99,  -999.99
cty,12029,IN: Dearborn County,1981,02,PRCP,    10.46,    19.22,     0.00,     0.00,     0.00,     0.00,     0.00,     0.00,     0.00,     2.72,    22.81,     1.92,     0.00,     0.00,     0.00,     1.34,     7.29,     0.25,     3.37,     6.73,     0.00,     0.00,     5.72,     1.48,     0.00,     0.00,     0.00,     1.34,  -999.99,  -999.99,  -999.99
cty,12031,IN: Decatur County,1981,02,PRCP,    11.65,    10.80,     0.40,     0.00,     0.00,     0.00,     0.00,     0.00,     0.00,     4.84,    26.60,     1.88,     0.00,     0.00,     0.00,     2.32,     8.65,     0.20,     0.48,     3.07,     0.00,     0.00,     2.54,     2.10,     0.00,     0.00,     0.00,     0.82,  -999.99,  -999.99,  -999.99
cty,12033,IN: DeKalb County,1981,02,PRCP,     6.87,     5.98,     0.22,     0.00,     0.00,     1.14,     0.00,     0.00,     0.01,     3.78,    27.79,     0.22,     0.00,     0.00,     0.00,     1.69,     0.67,     0.00,     0.00,     4.31,     0.00,     0.00,     2.52,     5.77,     0.00,     0.00,     0.00,     1.19,  -999.99,  -999.99,  -999.99
cty,12035,IN: Delaware County,1981,02,PRCP,     6.96,     6.13,     0.03,     0.00,     0.00,     0.50,     0.00,     0.00,     0.00,     3.34,    22.73,     0.60,     0.00,     0.00,     0.00,     1.25,     3.14,     0.00,     0.00,     2.62,     0.00,     0.00,     1.96,     2.96,     0.00,     0.00,     0.00,     0.81,  -999.99,  -999.99,  -999.99
cty,12037,IN: Dubois County,1981,02,PRCP,    11.60,    10.56,     0.00,     0.00,     0.00,     0.00,     0.00,     0.00,     0.00,    12.12,    19.69,     0.00,     0.00,     0.00,     0.00,     3.99,     9.93,     0.44,     0.00,     1.15,     0.00,     0.00,     1.93,     2.93,     0.00,     0.00,     0.00,     1.69,  -999.99,  -999.99,  -999.99
cty,12039,IN: Elkhart County,1981,02,PRCP,     6.50,     4.17,     0.87,     0.09,     0.00,     1.23,     0.00,     0.00,     0.61,     3.98,    17.19,     0.76,     0.00,     0.00,     0.00,     0.40,     0.13,     0.00,     0.00,     0.00,     0.00,     0.00,     2.02,     5.11,     0.00,     0.00,     0.00,     2.27,  -999.99,  -999.99,  -999.99
cty,12041,IN: Fayette County,1981,02,PRCP,    10.46,     9.36,     0.28,     0.00,     0.00,     0.15,     0.00,     0.00,     0.00,     3.79,    25.27,     1.38,     0.00,     0.00,     0.00,     1.93,     9.54,     0.31,     0.24,     3.81,     0.00,     0.00,     4.68,     2.74,     0.00,     0.00,     0.00,     0.66,  -999.99,  -999.99,  -999.99
cty,12043,IN: Floyd County,1981,02,PRCP,    13.28,    22.56,     0.00,     0.00,     0.00,     0.00,     0.00,     0.00,     0.00,     5.04,    19.54,     1.04,     0.00,     0.00,     0.00,     1.51,     7.96,     0.89,     0.67,     2.88,     0.00,     0.00,     1.98,     1.44,     0.00,     0.00,     0.00,     1.47,  -999.99,  -999.99,  -999.99
cty,12045,IN: Fountain County,1981,02,PRCP,     9.87,     5.76,     0.00,     0.00,     0.00,     0.26,     0.00,     0.00,     0.00,    13.05,    14.06,     0.00,     0.00,     0.00,     0.00,     2.13,     0.50,     0.00,     0.00,     2.23,     0.00,     0.00,     4.86,     4.84,     0.00,     0.00,     0.00,     1.00,  -999.99,  -999.99,  -999.99
cty,12047,IN: Franklin County,1981,02,PRCP,    11.23,    13.30,     0.29,     0.00,     0.00,     0.00,     0.00,     0.00,     0.00,     3.50,    24.97,     1.74,     0.00,     0.00,     0.00,     1.99,     9.37,     0.30,     1.02,     5.94,     0.00,     0.00,     5.81,     2.31,     0.00,     0.00,     0.00,     0.91,  -999.99,  -999.99,  -999.99
cty,12049,IN: Fulton County,1981,02,PRCP,     8.34,     6.13,     0.56,     0.00,     0.00,     1.38,     0.00,     0.00,     0.00,     7.60,    11.83,     0.01,     0.00,     0.00,     0.00,     0.95,     0.54,     0.00,     0.00,     0.00,     0.00,     0.00,     2.06,     5.79,     0.00,     0.00,     0.00,     1.18,  -999.99,  -999.99,  -999.99
cty,12051,IN: Gibson County,1981,02,PRCP,    11.81,     7.16,     0.00,     0.00,     0.00,     0.00,     0.00,     0.00,     0.00,    13.42,    20.40,     0.00,     0.00,     0.00,     0.00,     1.90,     5.40,     0.09,     0.00,     0.24,     0.00,     0.01,     2.64,     2.01,     0.00,     0.00,     0.00,     1.54,  -999.99,  -999.99,  -999.99
cty,12053,IN: Grant County,1981,02,PRCP,     6.49,     6.31,     0.04,     0.00,     0.00,     0.89,     0.00,     0.00,     0.00,     4.47,    22.93,     0.49,     0.00,     0.00,     0.00,     1.37,     1.62,     0.00,     0.00,     5.56,     0.00,     0.00,     1.27,     4.20,     0.00,     0.00,     0.00,     0.97,  -999.99,  -999.99,  -999.99
cty,12055,IN: Greene County,1981,02,PRCP,    11.91,     8.36,     0.00,     0.00,     0.00,     0.00,     0.00,     0.00,     0.00,    14.85,    23.13,     0.00,     0.00,     0.00,     0.00,     7.08,     8.64,     0.11,     0.00,     1.82,     0.00,     0.00,     2.83,     4.27,     0.00,     0.00,     0.00,     0.63,  -999.99,  -999.99,  -999.99
cty,12057,IN: Hamilton County,1981,02,PRCP,     5.22,     6.11,     0.28,     0.00,     0.00,     0.30,     0.00,     0.00,     0.00,     5.39,    21.75,     0.64,     0.00,     0.00,     0.00,     1.62,     2.52,     0.00,     0.27,     2.80,     0.06,     0.00,     1.02,     2.82,     0.00,     0.00,     0.00,     0.75,  -999.99,  -999.99,  -999.99
cty,12059,IN: Hancock County,1981,02,PRCP,     7.81,     6.79,     0.38,     0.00,     0.00,     0.27,     0.00,     0.00,     0.00,     5.06,    27.26,     0.73,     0.00,     0.00,     0.00,     2.15,     5.29,     0.01,     0.01,     1.48,     0.00,     0.00,     1.37,     2.28,     0.00,     0.00,     0.00,     0.57,  -999.99,  -999.99,  -999.99
cty,12061,IN: Harrison County,1981,02,PRCP,    15.30,    22.20,     0.00,     0.00,     0.00,     0.00,     0.00,     0.00,     0.00,     6.21,    18.91,     0.70,     0.00,     0.00,     0.00,     2.32,    13.80,     0.94,     0.39,     1.42,     0.00,     0.00,     1.56,     1.57,     0.00,     0.00,     0.00,     1.46,  -999.99,  -999.99,  -999.99
cty,12063,IN: Hendricks County,1981,02,PRCP,     7.81,     7.64,     0.01,     0.00,     0.00,     0.08,     0.00,     0.00,     0.00,     9.23,    24.45,     0.53,     0.00,     0.00,     0.00,     3.51,     4.74,     0.02,     0.43,     4.29,     0.00,     0.00,     2.21,     4.73,     0.00,     0.00,     0.00,     0.80,  -999.99,  -999.99,  -999.99
cty,12065,IN: Henry County,1981,02,PRCP,     8.40,     7.15,     0.27,     0.00,     0.00,     0.38,     0.00,     0.00,     0.00,     3.76,    25.51,     0.86,     0.00,     0.00,     0.00,     1.49,     6.26,     0.12,     0.00,     2.04,     0.00,     0.00,     2.63,     2.71,     0.00,     0.00,     0.00,     0.64,  -999.99,  -999.99,  -999.99
cty,12067,IN: Howard County,1981,02,PRCP,     7.31,     8.38,     0.36,     0.00,     0.00,     0.89,     0.00,     0.00,     0.00,     8.25,    22.94,     0.55,     0.00,     0.00,     0.00,     1.58,     1.31,     0.00,     0.00,     5.35,     0.30,     0.00,     1.46,     4.99,     0.00,     0.00,     0.00,     1.36,  -999.99,  -999.99,  -999.99
cty,12069,IN: Huntington County,1981,02,PRCP,     8.90,     6.26,     0.02,     0.00,     0.00,     1.33,     0.00,     0.00,     0.00,     5.13,    25.81,     0.62,     0.00,     0.00,     0.00,     1.72,     1.39,     0.00,     0.00,     5.12,     0.00,     0.00,     1.81,     5.40,     0.00,     0.00,     0.00,     1.02,  -999.99,  -999.99,  -999.99
cty,12071,IN: Jackson County,1981,02,PRCP,    13.10,    10.02,     0.05,     0.00,     0.00,     0.00,     0.00,     0.00,     0.00,     6.96,    20.85,     1.55,     0.00,     0.00,     0.00,     2.54,     8.49,     0.21,     0.14,     4.04,     0.00,     0.00,     1.36,     2.84,     0.00,     0.00,     0.00,     1.03,  -999.99,  -999.99,  -999.99
cty,12073,IN: Jasper County,1981,02,PRCP,     5.62,     2.45,     0.00,     0.00,     0.00,     0.73,     0.00,     0.00,     0.00,     9.61,     5.78,     0.00,     0.00,     0.00,     0.00,     0.08,     0.02,     0.02,     0.00,     0.00,     0.00,     0.01,     5.17,     5.25,     0.00,     0.00,     0.44,     1.30,  -999.99,  -999.99,  -999.99
cty,12075,IN: Jay County,1981,02,PRCP,     7.72,     5.94,     0.00,     0.00,     0.00,     0.50,     0.00,     0.00,     0.00,     3.29,    22.72,     0.91,     0.00,     0.00,     0.00,     1.78,     2.72,     0.00,     0.01,     2.80,     0.00,     0.00,     3.07,     3.43,     0.00,     0.00,     0.00,     1.08,  -999.99,  -999.99,  -999.99
cty,12077,IN: Jefferson County,1981,02,PRCP,    12.31,    19.06,     0.00,     0.00,     0.00,     0.00,     0.00,     0.00,     0.00,     3.79,    21.95,     2.08,     0.00,     0.00,     0.00,     1.18,     6.46,     0.42,     2.27,     5.17,     0.00,     0.00,     2.34,     1.57,     0.00,     0.00,     0.00,     1.42,  -999.99,  -999.99,  -999.99
cty,12079,IN: Jennings County,1981,02,PRCP,    13.37,    13.40,     0.06,     0.00,     0.00,     0.00,     0.00,     0.00,     0.00,     5.10,    24.14,     2.26,     0.00,     0.00,     0.00,     1.78,     8.14,     0.21,     0.81,     4.60,     0.00,     0.00,     1.87,     2.12,     0.00,     0.00,     0.00,     1.11,  -999.99,  -999.99,  -999.99
cty,12081,IN: Johnson County,1981,02,PRCP,    10.12,     7.62,     0.07,     0.00,     0.00,     0.00,     0.00,     0.00,     0.00,     7.83,    28.88,     0.90,     0.00,     0.00,     0.00,     3.79,     8.65,     0.27,     0.00,     2.99,     0.00,     0.00,     1.37,     3.46,     0.00,     0.00,     0.00,     0.60,  -999.99,  -999.99,  -999.99
cty,12083,IN: Knox County,1981,02,PRCP,    11.96,     6.83,     0.00,     0.00,     0.00,     0.00,     0.00,     0.00,     0.00,    15.76,    22.13,     0.00,     0.00,     0.00,     0.00,     3.82,     5.85,     0.03,     0.00,     0.68,     0.00,     0.00,     3.09,     2.61,     0.00,     0.00,     0.00,     1.14,  -999.99,  -999.99,  -999.99
cty,12085,IN: Kosciusko County,1981,02,PRCP,     8.78,     5.89,     0.66,     0.00,     0.00,     1.63,     0.00,     0.00,     0.22,     5.81,    19.33,     0.58,     0.00,     0.00,     0.00,     1.04,     0.65,     0.00,     0.00,     0.02,     0.00,     0.00,     1.98,     5.97,     0.00,     0.00,     0.00,     1.46,  -999.99,  -999.99,  -999.99
cty,12087,IN: LaGrange County,1981,02,PRCP,     5.76,     3.57,     0.53,     0.03,     0.01,     0.93,     0.00,     0.00,     0.30,     3.00,    18.95,     0.28,     0.00,     0.00,     0.00,     0.80,     0.14,     0.00,     0.00,     0.21,     0.00,     0.00,     1.72,     4.86,     0.00,     0.00,     0.00,     1.71,  -999.99,  -999.99,  -999.99
cty,12089,IN: Lake County,1981,02,PRCP,     4.91,     1.60,     0.00,     0.00,     0.00,     1.06,     0.00,     0.00,     0.00,     6.52,     8.85,     0.00,     0.00,     0.00,     0.00,     0.00,     0.01,     0.00,     0.00,     0.00,     0.00,     1.21,     6.73,     3.83,     0.00,     0.00,     1.49,     2.06,  -999.99,  -999.99,  -999.99
cty,12091,IN: LaPorte County,1981,02,PRCP,     6.82,     3.28,     0.32,     0.00,     0.00,     1.49,     0.00,     0.00,     0.12,     7.18,    11.52,     0.00,     0.00,     0.00,     0.00,     0.00,     0.00,     0.00,     0.00,     0.00,     0.00,     0.00,     4.72,     6.01,     0.00,     0.00,     0.35,     3.83,  -999.99,  -999.99,  -999.99
cty,12093,IN: Lawrence County,1981,02,PRCP,    13.83,     9.54,     0.00,     0.00,     0.00,     0.00,     0.00,     0.00,     0.00,    11.96,    21.38,     0.23,     0.00,     0.00,     0.00,     5.96,     9.33,     0.38,     0.00,     1.87,     0.00,     0.00,     1.95,     3.93,     0.00,     0.00,     0.00,     1.12,  -999.99,  -999.99,  -999.99
cty,12095,IN: Madison County,1981,02,PRCP,     5.63,     6.25,     0.29,     0.00,     0.00,     0.47,     0.00,     0.00,     0.00,     3.81,    23.06,     0.39,     0.00,     0.00,     0.00,     1.05,     2.50,     0.01,     0.01,     2.65,     0.00,     0.00,     1.05,     2.55,     0.00,     0.00,     0.00,     0.67,  -999.99,  -999.99,  -999.99
cty,12097,IN: Marion County,1981,02,PRCP,     7.02,     6.48,     0.16,     0.00,     0.00,     0.10,     0.00,     0.00,     0.00,     6.62,    24.84,     0.73,     0.00,     0.00,     0.00,     2.74,     4.92,     0.01,     0.23,     2.62,     0.00,     0.00,     1.26,     3.07,     0.00,     0.00,     0.00,     0.63,  -999.99,  -999.99,  -999.99
cty,12099,IN: Marshall County,1981,02,PRCP,     9.33,     6.17,     0.93,     0.00,     0.00,     1.76,     0.00,     0.00,     0.13,     7.72,    15.23,     0.09,     0.00,     0.00,     0.00,     0.64,     0.34,     0.00,     0.00,     0.00,     0.00,     0.00,     2.89,     7.00,     0.00,     0.00,     0.00,     2.34,  -999.99,  -999.99,  -999.99
cty,12101,IN: Martin County,1981,02,PRCP,    13.35,     9.89,     0.00,     0.00,     0.00,     0.00,     0.00,     0.00,     0.00,    14.79,    22.22,     0.02,     0.00,     0.00,     0.00,     6.83,     9.73,     0.34,     0.00,     1.43,     0.00,     0.00,     2.42,     3.97,     0.00,     0.00,     0.00,     1.19,  -999.99,  -999.99,  -999.99
cty,12103,IN: Miami County,1981,02,PRCP,     7.66,     6.86,     0.39,     0.00,     0.00,     1.25,     0.00,     0.00,     0.00,     6.88,    17.34,     0.29,     0.00,     0.00,     0.00,     1.30,     0.91,     0.00,     0.00,     2.45,     0.00,     0.00,     1.50,     5.09,     0.00,     0.00,     0.00,     1.06,  -999.99,  -999.99,  -999.99
cty,12105,IN: Monroe County,1981,02,PRCP,    11.87,     8.84,     0.00,     0.00,     0.00,     0.00,     0.00,     0.00,     0.00,    11.35,    25.36,     0.10,     0.00,     0.00,     0.00,     5.73,    10.26,     0.41,     0.00,     3.57,     0.00,     0.00,     2.07,     4.91,     0.00,     0.00,     0.00,     0.65,  -999.99,  -999.99,  -999.99
cty,12107,IN: Montgomery County,1981,02,PRCP,     8.90,     7.99,     0.03,     0.01,     0.00,     0.27,     0.00,     0.00,     0.00,    11.94,    18.01,     0.06,     0.00,     0.00,     0.00,     2.86,     1.24,     0.01,     0.40,     5.00,     0.00,     0.00,     3.55,     5.83,     0.00,     0.00,     0.00,     1.26,  -999.99,  -999.99,  -999.99
cty,12109,IN: Morgan County,1981,02,PRCP,    10.14,     8.35,     0.00,     0.00,     0.00,     0.00,     0.00,     0.00,     0.00,    10.13,    27.88,     0.23,     0.00,     0.00,     0.00,     4.71,     9.10,     0.45,     0.02,     4.77,     0.00,     0.00,     2.02,     5.18,     0.00,     0.00,     0.00,     0.60,  -999.99,  -999.99,  -999.99
cty,12111,IN: Newton County,1981,02,PRCP,     6.33,     2.40,     0.00,     0.00,     0.00,     0.72,     0.00,     0.00,     0.00,    10.05,     7.34,     0.00,     0.00,     0.00,     0.00,     0.09,     0.00,     0.00,     0.00,     0.00,     0.00,     0.53,     6.74,     4.69,     0.00,     0.00,     0.67,     1.03,  -999.99,  -999.99,  -999.99
cty,12113,IN: Noble County,1981,02,PRCP,     7.37,     4.71,     0.45,     0.00,     0.00,     1.26,     0.00,     0.00,     0.27,     4.05,    22.60,     0.45,     0.00,     0.00,     0.00,     1.26,     0.51,     0.00,     0.00,     0.97,     0.00,     0.00,     1.91,     5.45,     0.00,     0.00,     0.00,     1.32,  -999.99,  -999.99,  -999.99
cty,12115,IN: Ohio County,1981,02,PRCP,     9.86,    22.45,     0.00,     0.00,     0.00,     0.00,     0.00,     0.00,     0.00,     2.33,    20.75,     1.91,     0.00,     0.00,     0.00,     0.90,     5.25,     0.28,     5.16,     6.32,     0.00,     0.00,     4.56,     1.09,     0.00,     0.00,     0.00,     1.61,  -999.99,  -999.99,  -999.99
cty,12117,IN: Orange County,1981,02,PRCP,    16.21,    11.99,     0.01,     0.00,     0.00,     0.00,     0.00,     0.00,     0.00,    12.67,    19.45,     0.24,     0.00,     0.00,     0.00,     6.15,     9.82,     0.61,     0.00,     0.75,     0.00,     0.00,     1.99,     3.34,     0.00,     0.00,     0.00,     1.91,  -999.99,  -999.99,  -999.99
cty,12119,IN: Owen County,1981,02,PRCP,    10.38,     7.75,     0.00,     0.00,     0.00,     0.00,     0.00,     0.00,     0.00,    12.63,    22.80,     0.01,     0.00,     0.00,     0.00,     6.13,     7.74,     0.13,     0.05,     3.02,     0.00,     0.00,     2.77,     4.76,     0.00,     0.00,     0.00,     0.57,  -999.99,  -999.99,  -999.99
cty,12121,IN: Parke County,1981,02,PRCP,     9.50,     5.51,     0.00,     0.00,     0.00,     0.06,     0.00,     0.00,     0.00,    12.79,    16.37,     0.00,     0.00,     0.00,     0.00,     3.43,     1.89,     0.00,     0.04,     2.57,     0.00,     0.00,     4.11,     4.26,     0.00,     0.00,     0.00,     0.97,  -999.99,  -999.99,  -999.99
cty,12123,IN: Perry County,1981,02,PRCP,    12.34,    13.78,     0.00,     0.00,     0.00,     0.00,     0.00,     0.00,     0.00,     7.06,    15.93,     0.11,     0.00,     0.00,     0.00,     2.08,    14.07,     0.81,     0.00,     0.28,     0.00,     0.00,     1.06,     1.89,     0.00,     0.00,     0.00,     1.48,  -999.99,  -999.99,  -999.99
cty,12125,IN: Pike County,1981,02,PRCP,    11.11,     8.72,     0.00,     0.00,     0.00,     0.00,     0.00,     0.00,     0.00,    13.68,    21.34,     0.00,     0.00,     0.00,     0.00,     3.16,     7.44,     0.21,     0.00,     0.91,     0.00,     0.00,     2.47,     2.87,     0.00,     0.00,     0.00,     1.56,  -999.99,  -999.99,  -999.99
cty,12127,IN: Porter County,1981,02,PRCP,     5.31,     1.99,     0.00,     0.00,     0.00,     1.15,     0.00,     0.00,     0.00,     6.81,     8.21,     0.00,     0.00,     0.00,     0.00,     0.00,     0.00,     0.00,     0.00,     0.00,     0.00,     0.14,     5.25,     4.81,     0.00,     0.00,     0.91,     2.84,  -999.99,  -999.99,  -999.99
cty,12129,IN: Posey County,1981,02,PRCP,    14.63,     7.51,     0.00,     0.00,     0.00,     0.00,     0.00,     0.00,     0.00,    12.88,    20.08,     0.00,     0.00,     0.00,     0.00,     1.16,     5.68,     0.13,     0.00,     0.03,     0.00,     0.13,     2.51,     1.09,     0.00,     0.00,     0.00,     2.26,  -999.99,  -999.99,  -999.99
cty,12131,IN: Pulaski County,1981,02,PRCP,     8.43,     5.13,     0.11,     0.00,     0.00,     1.21,     0.00,     0.00,     0.00,    10.96,    10.05,     0.00,     0.00,     0.00,     0.00,     0.51,     0.23,     0.00,     0.00,     0.00,     0.00,     0.00,     4.04,     6.96,     0.00,     0.00,     0.02,     1.79,  -999.99,  -999.99,  -999.99
cty,12133,IN: Putnam County,1981,02,PRCP,     8.97,     7.49,     0.00,     0.00,     0.00,     0.10,     0.00,     0.00,     0.00,    11.61,    21.48,     0.02,     0.00,     0.00,     0.00,     4.41,     4.33,     0.01,     0.28,     4.17,     0.00,     0.00,     3.33,     5.16,     0.00,     0.00,     0.00,     0.84,  -999.99,  -999.99,  -999.99
cty,12135,IN: Randolph County,1981,02,PRCP,     8.02,     6.28,     0.00,     0.00,     0.00,     0.36,     0.00,     0.00,     0.00,     2.85,    21.73,     0.95,     0.00,     0.00,     0.00,     1.65,     4.66,     0.13,     0.06,     2.41,     0.00,     0.00,     3.65,     2.91,     0.00,     0.00,     0.00,     0.78,  -999.99,  -999.99,  -999.99
cty,12137,IN: Ripley County,1981,02,PRCP,    11.56,    16.24,     0.06,     0.00,     0.00,     0.00,     0.00,     0.00,     0.00,     3.65,    24.50,     2.14,     0.00,     0.00,     0.00,     1.55,     7.64,     0.28,     1.80,     5.27,     0.00,     0.00,     3.68,     1.83,     0.00,     0.00,     0.00,     1.19,  -999.99,  -999.99,  -999.99
cty,12139,IN: Rush County,1981,02,PRCP,    10.02,     8.31,     0.40,     0.00,     0.00,     0.13,     0.00,     0.00,     0.00,     4.60,    27.26,     1.29,     0.00,     0.00,     0.00,     2.26,     8.35,     0.22,     0.09,     2.06,     0.00,     0.00,     2.68,     2.31,     0.00,     0.00,     0.00,     0.62,  -999.99,  -999.99,  -999.99
cty,12141,IN: St. Joseph County,1981,02,PRCP,     7.78,     4.88,     1.25,     0.08,     0.00,     1.63,     0.00,     0.00,     0.89,     5.99,    16.42,     0.86,     0.00,     0.00,     0.00,     0.10,     0.00,     0.00,     0.00,     0.00,     0.00,     0.00,     3.41,     6.32,     0.00,     0.00,     0.00,     3.77,  -999.99,  -999.99,  -999.99
cty,12143,IN: Scott County,1981,02,PRCP,    12.64,    15.18,     0.00,     0.00,     0.00,     0.00,     0.00,     0.00,     0.00,     4.78,    19.41,     1.82,     0.00,     0.00,     0.00,     1.34,     6.57,     0.33,     0.75,     4.45,     0.00,     0.00,     1.60,     1.79,     0.00,     0.00,     0.00,     1.30,  -999.99,  -999.99,  -999.99
cty,12145,IN: Shelby County,1981,02,PRCP,    10.18,     7.25,     0.37,     0.00,     0.00,     0.01,     0.00,     0.00,     0.00,     6.26,    29.11,     1.22,     0.00,     0.00,     0.00,     3.40,     8.05,     0.18,     0.01,     1.31,     0.00,     0.00,     1.40,     2.15,     0.00,     0.00,     0.00,     0.54,  -999.99,  -999.99,  -999.99
cty,12147,IN: Spencer County,1981,02,PRCP,    10.49,    10.82,     0.00,     0.00,     0.00,     0.00,     0.00,     0.00,     0.00,     7.64,    15.99,     0.01,     0.00,     0.00,     0.00,     1.40,    10.30,     0.47,     0.00,     0.28,     0.00,     0.00,     1.22,     2.09,     0.00,     0.00,     0.00,     1.62,  -999.99,  -999.99,  -999.99
cty,12149,IN: Starke County,1981,02,PRCP,     8.42,     4.65,     0.28,     0.00,     0.00,     1.51,     0.00,     0.00,     0.00,     9.51,    11.21,     0.00,     0.00,     0.00,     0.00,     0.23,     0.04,     0.00,     0.00,     0.00,     0.00,     0.00,     4.28,     7.15,     0.00,     0.00,     0.06,     2.64,  -999.99,  -999.99,  -999.99
cty,12151,IN: Steuben County,1981,02,PRCP,     6.34,     5.41,     0.45,     0.01,     0.00,     1.03,     0.00,     0.00,     0.01,     3.26,    26.31,     0.01,     0.00,     0.00,     0.00,     1.76,     0.33,     0.00,     0.00,     1.70,     0.00,     0.00,     2.52,     6.05,     0.00,     0.00,     0.00,     1.64,  -999.99,  -999.99,  -999.99
cty,12153,IN: Sullivan County,1981,02,PRCP,    11.24,     5.19,     0.00,     0.00,     0.00,     0.00,     0.00,     0.00,     0.00,    15.54,    20.14,     0.00,     0.00,     0.00,     0.00,     4.44,     4.48,     0.00,     0.00,     0.85,     0.00,     0.10,     3.37,     2.57,     0.00,     0.00,     0.00,     0.94,  -999.99,  -999.99,  -999.99
cty,12155,IN: Switzerland County,1981,02,PRCP,     9.71,    23.38,     0.00,     0.00,     0.00,     0.00,     0.00,     0.00,     0.00,     2.24,    19.46,     1.86,     0.00,     0.00,     0.00,     0.73,     4.29,     0.37,     5.56,     5.83,     0.00,     0.00,     3.41,     1.01,     0.00,     0.00,     0.00,     1.71,  -999.99,  -999.99,  -999.99
cty,12157,IN: Tippecanoe County,1981,02,PRCP,     8.66,     6.86,     0.00,     0.00,     0.00,     0.38,     0.00,     0.00,     0.00,    12.31,    13.14,     0.00,     0.00,     0.00,     0.00,     1.72,     0.28,     0.00,     0.10,     2.06,     0.00,     0.00,     3.58,     5.37,     0.00,     0.00,     0.00,     1.08,  -999.99,  -999.99,  -999.99
cty,12159,IN: Tipton County,1981,02,PRCP,     5.75,     7.46,     0.32,     0.00,     0.00,     0.58,     0.00,     0.00,     0.00,     6.62,    23.18,     0.59,     0.00,     0.00,     0.00,     1.50,     1.75,     0.00,     0.15,     4.53,     0.27,     0.00,     1.12,     3.88,     0.00,     0.00,     0.00,     1.07,  -999.99,  -999.99,  -999.99
cty,12161,IN: Union County,1981,02,PRCP,    11.65,    11.62,     0.15,     0.01,     0.00,     0.11,     0.00,     0.00,     0.00,     3.50,    26.48,     1.50,     0.00,     0.00,     0.00,     2.41,     9.50,     0.33,     0.62,     5.66,     0.00,     0.00,     6.44,     2.93,     0.00,     0.00,     0.00,     0.73,  -999.99,  -999.99,  -999.99
cty,12163,IN: Vanderburgh County,1981,02,PRCP,    13.28,     9.30,     0.00,     0.00,     0.00,     0.00,     0.00,     0.00,     0.00,    12.26,    20.89,     0.00,     0.00,     0.00,     0.00,     1.34,     6.76,     0.21,     0.00,     0.18,     0.00,     0.00,     2.42,     2.10,     0.00,     0.00,     0.00,     2.27,  -999.99,  -999.99,  -999.99
cty,12165,IN: Vermillion County,1981,02,PRCP,    11.03,     4.37,     0.00,     0.00,     0.00,     0.08,     0.00,     0.00,     0.00,    14.43,    15.63,     0.00,     0.00,     0.00,     0.00,     2.41,     0.92,     0.00,     0.00,     1.32,     0.00,     0.27,     5.21,     3.70,     0.00,     0.00,     0.00,     1.03,  -999.99,  -999.99,  -999.99
cty,12167,IN: Vigo County,1981,02,PRCP,     9.97,     4.08,     0.00,     0.00,     0.00,     0.00,     0.00,     0.00,     0.00,    14.03,    16.96,     0.00,     0.00,     0.00,     0.00,     4.19,     3.05,     0.00,     0.00,     1.18,     0.00,     0.09,     3.66,     2.80,     0.00,     0.00,     0.00,     0.98,  -999.99,  -999.99,  -999.99
cty,12169,IN: Wabash County,1981,02,PRCP,     8.23,     6.37,     0.30,     0.00,     0.00,     1.47,     0.00,     0.00,     0.00,     5.71,    20.76,     0.49,     0.00,     0.00,     0.00,     1.41,     1.06,     0.00,     0.00,     3.25,     0.01,     0.00,     1.59,     5.24,     0.00,     0.00,     0.00,     1.02,  -999.99,  -999.99,  -999.99
cty,12171,IN: Warren County,1981,02,PRCP,    10.28,     5.05,     0.00,     0.00,     0.00,     0.35,     0.00,     0.00,     0.00,    13.38,    12.69,     0.00,     0.00,     0.00,     0.00,     1.42,     0.01,     0.00,     0.00,     1.24,     0.00,     0.03,     6.17,     4.83,     0.00,     0.00,     0.00,     0.87,  -999.99,  -999.99,  -999.99
cty,12173,IN: Warrick County,1981,02,PRCP,    11.25,    10.26,     0.00,     0.00,     0.00,     0.00,     0.00,     0.00,     0.00,    10.89,    19.74,     0.00,     0.00,     0.00,     0.00,     1.79,     7.98,     0.28,     0.00,     0.53,     0.00,     0.00,     1.96,     2.70,     0.00,     0.00,     0.00,     2.06,  -999.99,  -999.99,  -999.99
cty,12175,IN: Washington County,1981,02,PRCP,    14.33,    14.08,     0.00,     0.00,     0.00,     0.00,     0.00,     0.00,     0.00,     7.69,    19.48,     1.10,     0.00,     0.00,     0.00,     3.04,     8.37,     0.45,     0.16,     2.43,     0.00,     0.00,     1.67,     2.49,     0.00,     0.00,     0.00,     1.52,  -999.99,  -999.99,  -999.99
cty,12177,IN: Wayne County,1981,02,PRCP,    10.10,     8.28,     0.00,     0.00,     0.00,     0.32,     0.00,     0.00,     0.00,     3.34,    24.76,     1.17,     0.00,     0.00,     0.00,     1.98,     8.20,     0.29,     0.18,     3.67,     0.00,     0.00,     5.03,     3.11,     0.00,     0.00,     0.00,     0.61,  -999.99,  -999.99,  -999.99
cty,12179,IN: Wells County,1981,02,PRCP,     8.35,     5.82,     0.00,     0.01,     0.00,     0.94,     0.00,     0.00,     0.00,     4.35,    25.20,     0.71,     0.00,     0.00,     0.00,     1.77,     1.62,     0.00,     0.07,     5.87,     0.00,     0.00,     2.01,     4.77,     0.00,     0.00,     0.00,     0.97,  -999.99,  -999.99,  -999.99
cty,12181,IN: White County,1981,02,PRCP,     8.12,     5.32,     0.00,     0.00,     0.00,     0.69,     0.00,     0.00,     0.01,    12.32,     9.68,     0.00,     0.00,     0.00,     0.00,     0.79,     0.17,     0.00,     0.03,     0.32,     0.00,     0.00,     4.23,     6.10,     0.00,     0.00,     0.00,     1.17,  -999.99,  -999.99,  -999.99
cty,12183,IN: Whitley County,1981,02,PRCP,     8.94,     5.65,     0.32,     0.00,     0.00,     1.52,     0.00,     0.00,     0.19,     5.12,    24.91,     0.56,     0.00,     0.00,     0.00,     1.50,     0.98,     0.00,     0.07,     1.93,     0.00,     0.00,     1.94,     5.58,     0.00,     0.00,     0.00,     1.00,  -999.99,  -999.99,  -999.99
cty,13001,IA: Adair County,1981,02,PRCP,     9.42,     0.00,     0.00,     0.00,     0.00,     0.00,     0.00,     0.00,     0.00,     4.30,     6.74,     0.00,     0.00,     0.00,     0.00,     0.00,     0.00,     0.00,     0.00,     0.00,     0.00,     2.23,     0.00,     0.00,     0.00,     0.00,     0.00,     0.00,  -999.99,  -999.99,  -999.99
cty,13003,IA: Adams County,1981,02,PRCP,    10.69,     0.00,     0.00,     0.00,     0.00,     0.00,     0.00,     0.00,     0.00,     3.35,     4.81,     0.00,     0.00,     0.00,     0.00,     0.00,     0.00,     0.00,     0.00,     0.00,     0.00,     1.30,     0.00,     0.00,     0.00,     0.00,     0.00,     0.00,  -999.99,  -999.99,  -999.99
cty,13005,IA: Allamakee County,1981,02,PRCP,     3.80,     0.00,     0.00,     0.00,     0.00,     1.46,     0.92,     0.00,     0.21,     2.20,     2.21,     0.00,     0.00,     0.00,     0.00,     0.00,     0.00,     0.00,     0.00,     0.00,     0.00,    17.59,    12.54,     0.26,     0.00,     0.00,     1.51,     2.92,  -999.99,  -999.99,  -999.99
cty,13007,IA: Appanoose County,1981,02,PRCP,     6.00,     0.00,     0.00,     0.00,     0.00,     0.00,     0.00,     0.00,     0.00,     3.95,     2.95,     0.00,     0.00,     0.00,     0.00,     0.00,     0.00,     0.00,     0.00,     0.00,     0.00,     9.35,    20.93,     0.00,     0.00,     0.00,     0.00,     0.00,  -999.99,  -999.99,  -999.99
cty,13009,IA: Audubon County,1981,02,PRCP,     7.63,     0.00,     0.00,     0.00,     0.00,     0.00,     0.00,     0.00,     0.00,     4.25,     4.28,     0.00,     0.00,     0.00,     0.00,     0.00,     0.00,     0.00,     0.00,     0.00,     0.00,     0.80,     0.00,     0.00,     0.00,     0.00,     0.00,     0.00,  -999.99,  -999.99,  -999.99
cty,13011,IA: Benton County,1981,02,PRCP,     4.73,     0.00,     0.00,     0.00,     0.00,     0.29,     0.00,     0.00,     0.00,     4.36,     3.65,     0.00,     0.00,     0.00,     0.00,     0.00,     0.00,     0.00,     0.00,     0.00,     0.00,    23.89,    24.22,     0.00,     0.00,     0.00,     6.59,     0.00,  -999.99,  -999.99,  -999.99
cty,13013,IA: Black Hawk County,1981,02,PRCP,     4.22,     0.00,     0.00,     0.00,     0.00,     0.72,     0.00,     0.00,     0.00,     3.94,     3.61,     0.00,     0.00,     0.00,     0.00,     0.01,     0.00,     0.00,     0.00,     0.00,     0.00,    22.88,    21.93,     0.00,     0.00,     0.00,     6.12,     0.00,  -999.99,  -999.99,  -999.99
cty,13015,IA: Boone County,1981,02,PRCP,     4.46,     0.16,     0.00,     0.00,     0.00,     0.00,     0.00,     0.00,     0.00,     4.89,     3.48,     0.00,     0.00,     0.00,     0.00,     0.00,     0.00,     0.00,     0.00,     0.00,     0.00,     4.81,     1.59,     0.00,     0.00,     0.00,     1.76,     0.00,  -999.99,  -999.99,  -999.99
cty,13017,IA: Bremer County,1981,02,PRCP,     4.07,     0.00,     0.00,     0.00,     0.00,     1.14,     0.04,     0.00,     0.12,     3.63,     3.43,     0.00,     0.00,     0.00,     0.00,     0.21,     0.00,     0.00,     0.00,     0.00,     0.00,    21.25,    18.87,     0.00,     0.00,     0.00,     5.11,     0.22,  -999.99,  -999.99,  -999.99
cty,13019,IA: Buchanan County,1981,02,PRCP,     5.04,     0.00,     0.00,     0.00,     0.00,     0.83,     0.00,     0.00,     0.05,     4.10,     3.84,     0.00,     0.00,     0.00,     0.00,     0.00,     0.00,     0.00,     0.00,     0.00,     0.00,    25.77,    22.77,     0.00,     0.00,     0.00,     6.87,     0.16,  -999.99,  -999.99,  -999.99
cty,13021,IA: Buena Vista County,1981,02,PRCP,     6.07,     0.07,     0.00,     0.00,     0.00,     0.00,     0.00,     0.00,     0.00,     2.89,     1.67,     0.00,     0.00,     0.00,     0.00,     0.00,     0.00,     0.00,     0.00,     0.00,     0.00,     0.39,     0.00,     0.00,     0.00,     0.00,     0.61,     0.00,  -999.99,  -999.99,  -999.99
cty,13023,IA: Butler County,1981,02,PRCP,     3.77,     0.00,     0.00,     0.00,     0.00,     0.87,     0.00,     0.00,     0.00,     3.52,     2.91,     0.00,     0.00,     0.00,     0.00,     0.36,     0.00,     0.00,     0.00,     0.00,     0.00,    15.74,    16.64,     0.00,     0.00,     0.00,     4.28,     0.00,  -999.99,  -999.99,  -999.99
cty,13025,IA: Calhoun County,1981,02,PRCP,     5.17,     0.00,     0.00,     0.00,     0.00,     0.00,     0.00,     0.00,     0.00,     3.54,     2.81,     0.00,     0.00,     0.00,     0.00,     0.10,     0.00,     0.00,     0.00,     0.00,     0.00,     1.08,     0.00,     0.00,     0.00,     0.00,     0.36,     0.00,  -999.99,  -999.99,  -999.99
cty,13027,IA: Carroll County,1981,02,PRCP,     5.84,     0.00,     0.00,     0.00,     0.00,     0.00,     0.00,     0.00,     0.00,     3.78,     3.43,     0.00,     0.00,     0.00,     0.00,     0.18,     0.00,     0.00,     0.00,     0.00,     0.00,     0.82,     0.00,     0.00,     0.00,     0.00,     0.00,     0.00,  -999.99,  -999.99,  -999.99
cty,13029,IA: Cass County,1981,02,PRCP,    11.09,     0.00,     0.00,     0.00,     0.00,     0.00,     0.00,     0.00,     0.00,     4.75,     4.87,     0.00,     0.00,     0.00,     0.00,     0.00,     0.00,     0.00,     0.00,     0.00,     0.00,     0.84,     0.00,     0.00,     0.00,     0.00,     0.00,     0.00,  -999.99,  -999.99,  -999.99
cty,13031,IA: Cedar County,1981,02,PRCP,     6.70,     0.00,     0.00,     0.00,     0.00,     0.35,     0.00,     0.00,     0.00,     4.44,     3.24,     0.00,     0.00,     0.00,     0.00,     0.00,     0.00,     0.00,     0.00,     0.00,     0.00,    19.04,    24.39,     0.09,     0.00,     0.00,     7.43,     0.21,  -999.99,  -999.99,  -999.99
cty,13033,IA: Cerro Gordo County,1981,02,PRCP,     4.99,     0.00,     0.00,     0.00,     0.00,     0.81,     0.00,     0.00,     0.04,     2.83,     2.54,     0.00,     0.00,     0.00,     0.00,     0.27,     0.00,     0.00,     0.00,     0.00,     0.00,    10.02,     8.59,     0.00,     0.00,     0.00,     6.72,     0.00,  -999.99,  -999.99,  -999.99
cty,13035,IA: Cherokee County,1981,02,PRCP,     7.16,     0.00,     0.00,     0.00,     0.00,     0.00,     0.00,     0.00,     0.00,     3.45,     1.07,     0.00,     0.00,     0.00,     0.00,     0.00,     0.00,     0.00,     0.00,     0.00,     0.00,     0.00,     0.00,     0.00,     0.00,     0.00,     0.65,     0.00,  -999.99,  -999.99,  -999.99
cty,13037,IA: Chickasaw County,1981,02,PRCP,     3.58,     0.00,     0.00,     0.00,     0.00,     1.24,     0.35,     0.00,     0.26,     3.00,     2.94,     0.00,     0.00,     0.00,     0.00,     0.32,     0.00,     0.00,     0.00,     0.00,     0.00,    18.20,    15.02,     0.00,     0.00,     0.00,     3.74,     1.07,  -999.99,  -999.99,  -999.99
cty,13039,IA: Clarke County,1981,02,PRCP,     7.19,     0.00,     0.00,     0.00,     0.00,     0.00,     0.00,     0.00,     0.00,     3.40,     4.52,     0.00,     0.00,     0.00,     0.00,     0.00,     0.00,     0.00,     0.00,     0.00,     0.00,     5.94,     6.37,     0.00,     0.00,     0.00,     0.00,     0.00,  -999.99,  -999.99,  -999.99
cty,13041,IA: Clay County,1981,02,PRCP,     6.35,     0.09,     0.00,     0.00,     0.00,     0.00,     0.00,     0.00,     0.00,     2.05,     1.44,     0.00,     0.00,     0.00,     0.00,     0.00,     0.00,     0.00,     0.00,     0.00,     0.00,     0.44,     0.00,     0.00,     0.00,     0.00,     4.19,     0.00,  -999.99,  -999.99,  -999.99
cty,13043,IA: Clayton County,1981,02,PRCP,     5.22,     0.00,     0.00,     0.00,     0.00,     1.39,     0.52,     0.01,     0.33,     3.18,     3.16,     0.00,     0.00,     0.00,     0.00,     0.00,     0.00,     0.00,     0.00,     0.00,     0.00,    24.04,    17.24,     0.03,     0.00,     0.00,     4.85,     1.95,  -999.99,  -999.99,  -999.99
cty,13045,IA: Clinton County,1981,02,PRCP,     6.48,     0.00,     0.00,     0.00,     0.00,     0.34,     0.00,     0.00,     0.00,     3.11,     3.40,     0.00,     0.00,     0.00,     0.00,     0.00,     0.00,     0.00,     0.00,     0.00,     0.00,    19.88,    20.38,     0.33,     0.00,     0.00,     7.01,     0.50,  -999.99,  -999.99,  -999.99
cty,13047,IA: Crawford County,1981,02,PRCP,     6.14,     0.00,     0.00,     0.00,     0.00,     0.03,     0.00,     0.00,     0.00,     3.74,     1.89,     0.00,     0.00,     0.00,     0.00,     0.28,     0.00,     0.00,     0.00,     0.00,     0.00,     0.37,     0.00,     0.00,     0.00,     0.00,     0.00,     0.00,  -999.99,  -999.99,  -999.99
cty,13049,IA: Dallas County,1981,02,PRCP,     5.84,     0.07,     0.00,     0.00,     0.00,     0.00,     0.00,     0.00,     0.00,     4.33,     5.02,     0.00,     0.00,     0.00,     0.00,     0.00,     0.00,     0.00,     0.00,     0.00,     0.00,     4.25,     1.46,     0.00,     0.00,     0.00,     0.21,     0.00,  -999.99,  -999.99,  -999.99
cty,13051,IA: Davis County,1981,02,PRCP,     5.32,     0.00,     0.00,     0.00,     0.00,     0.00,     0.00,     0.00,     0.00,     4.81,     2.98,     0.00,     0.00,     0.00,     0.00,     0.00,     0.00,     0.00,     0.00,     0.00,     0.00,    11.09,    18.90,     0.00,     0.00,     0.00,     0.03,     0.00,  -999.99,  -999.99,  -999.99
cty,13053,IA: Decatur County,1981,02,PRCP,     5.50,     0.00,     0.00,     0.00,     0.00,     0.00,     0.00,     0.00,     0.00,     2.34,     2.48,     0.00,     0.00,     0.00,     0.00,     0.00,     0.00,     0.00,     0.00,     0.00,     0.00,     3.12,     4.02,     0.00,     0.00,     0.00,     0.00,     0.00,  -999.99,  -999.99,  -999.99
cty,13055,IA: Delaware County,1981,02,PRCP,     6.08,     0.00,     0.00,     0.00,     0.00,     0.96,     0.02,     0.00,     0.24,     4.01,     3.66,     0.00,     0.00,     0.00,     0.00,     0.00,     0.00,     0.00,     0.00,     0.00,     0.00,    26.38,    23.00,     0.00,     0.00,     0.00,     8.03,     1.01,  -999.99,  -999.99,  -999.99
cty,13057,IA: Des Moines County,1981,02,PRCP,     6.22,     0.01,     0.00,     0.00,     0.00,     0.02,     0.00,     0.00,     0.00,     5.55,     3.18,     0.00,     0.00,     0.00,     0.00,     0.00,     0.00,     0.00,     0.00,     0.00,     0.00,    12.37,    19.02,     0.00,     0.00,     0.00,     1.74,     0.00,  -999.99,  -999.99,  -999.99
cty,13059,IA: Dickinson County,1981,02,PRCP,     7.77,     0.00,     0.00,     0.00,     0.00,     0.00,     0.00,     0.00,     0.00,     1.81,     1.63,     0.00,     0.00,     0.00,     0.00,     0.00,     0.00,     0.00,     0.00,     0.00,     0.00,     0.64,     0.00,     0.00,     0.00,     0.00,    11.27,     0.23,  -999.99,  -999.99,  -999.99
cty,13061,IA: Dubuque County,1981,02,PRCP,     5.16,     0.01,     0.00,     0.00,     0.00,     0.73,     0.07,     0.01,     0.41,     2.87,     2.79,     0.00,     0.00,     0.00,     0.00,     0.00,     0.00,     0.00,     0.00,     0.00,     0.00,    20.30,    18.42,     0.17,     0.00,     0.00,     7.29,     1.32,  -999.99,  -999.99,  -999.99
cty,13063,IA: Emmet County,1981,02,PRCP,     7.10,     0.00,     0.00,     0.00,     0.00,     0.15,     0.00,     0.00,     0.02,     1.73,     2.94,     0.00,     0.00,     0.00,     0.00,     0.00,     0.00,     0.00,     0.00,     0.00,     0.00,     1.24,     0.00,     0.00,     0.00,     0.00,    16.54,     0.19,  -999.99,  -999.99,  -999.99
cty,13065,IA: Fayette County,1981,02,PRCP,     4.57,     0.00,     0.00,     0.00,     0.00,     1.33,     0.36,     0.00,     0.26,     3.63,     3.60,     0.00,     0.00,     0.00,     0.00,     0.00,     0.00,     0.00,     0.00,     0.00,     0.00,    25.65,    18.52,     0.00,     0.00,     0.00,     4.64,     1.08,  -999.99,  -999.99,  -999.99
cty,13067,IA: Floyd County,1981,02,PRCP,     4.58,     0.00,     0.00,     0.00,     0.00,     1.06,     0.08,     0.00,     0.10,     3.25,     2.93,     0.00,     0.00,     0.00,     0.00,     0.39,     0.00,     0.00,     0.00,     0.00,     0.00,    15.70,    15.64,     0.00,     0.00,     0.00,     5.39,     0.27,  -999.99,  -999.99,  -999.99
cty,13069,IA: Franklin County,1981,02,PRCP,     4.09,     0.01,     0.00,     0.00,     0.00,     0.78,     0.00,     0.01,     0.00,     3.67,     2.79,     0.00,     0.00,     0.00,     0.00,     0.35,     0.00,     0.00,     0.00,     0.00,     0.00,    10.78,     9.78,     0.00,     0.00,     0.00,     4.35,     0.00,  -999.99,  -999.99,  -999.99
cty,13071,IA: Fremont County,1981,02,PRCP,     9.90,     0.00,     0.00,     0.00,     0.00,     0.00,     0.00,     0.00,     0.00,     1.64,     1.67,     0.00,     0.00,     0.00,     0.00,     0.00,     0.00,     0.00,     0.00,     0.00,     0.00,     0.48,     0.00,     0.00,     0.00,     0.00,     0.00,     0.00,  -999.99,  -999.99,  -999.99
cty,13073,IA: Greene County,1981,02,PRCP,     6.64,     0.00,     0.00,     0.00,     0.00,     0.00,     0.00,     0.00,     0.00,     5.15,     4.98,     0.00,     0.00,     0.00,     0.00,     0.06,     0.00,     0.00,     0.00,     0.00,     0.00,     2.49,     0.00,     0.00,     0.00,     0.00,     0.29,     0.00,  -999.99,  -999.99,  -999.99
cty,13075,IA: Grundy County,1981,02,PRCP,     3.88,     0.01,     0.00,     0.00,     0.00,     0.62,     0.00,     0.00,     0.00,     4.17,     3.44,     0.00,     0.00,     0.00,     0.00,     0.11,     0.00,     0.00,     0.00,     0.00,     0.00,    17.92,    19.68,     0.00,     0.00,     0.00,     4.99,     0.00,  -999.99,  -999.99,  -999.99
cty,13077,IA: Guthrie County,1981,02,PRCP,     8.57,     0.00,     0.00,     0.00,     0.00,     0.00,     0.00,     0.00,     0.00,     5.04,     7.31,     0.00,     0.00,     0.00,     0.00,     0.00,     0.00,     0.00,     0.00,     0.00,     0.00,     2.19,     0.00,     0.00,     0.00,     0.00,     0.00,     0.00,  -999.99,  -999.99,  -999.99
cty,13079,IA: Hamilton County,1981,02,PRCP,     3.98,     0.00,     0.00,     0.00,     0.00,     0.46,     0.00,     0.00,     0.00,     4.49,     2.83,     0.00,     0.00,     0.00,     0.00,     0.09,     0.00,     0.00,     0.00,     0.00,     0.00,     6.66,     3.71,     0.00,     0.00,     0.00,     3.09,     0.00,  -999.99,  -999.99,  -999.99
cty,13081,IA: Hancock County,1981,02,PRCP,     7.98,     0.00,     0.00,     0.00,     0.00,     1.22,     0.00,     0.00,     0.02,     4.07,     3.79,     0.00,     0.00,     0.00,     0.00,     0.65,     0.00,     0.00,     0.00,     0.00,     0.00,     8.84,     2.66,     0.00,     0.00,     0.00,     9.83,     0.00,  -999.99,  -999.99,  -999.99
cty,13083,IA: Hardin County,1981,02,PRCP,     3.76,     0.00,     0.00,     0.00,     0.00,     0.63,     0.00,     0.00,     0.00,     4.79,     3.17,     0.00,     0.00,     0.00,     0.00,     0.13,     0.00,     0.00,     0.00,     0.00,     0.00,    12.34,    12.70,     0.00,     0.00,     0.00,     4.17,     0.00,  -999.99,  -999.99,  -999.99
cty,13085,IA: Harrison County,1981,02,PRCP,     7.05,     0.00,     0.00,     0.00,     0.00,     0.00,     0.00,     0.00,     0.00,     3.41,     1.28,     0.00,     0.00,     0.00,     0.00,     0.00,     0.00,     0.00,     0.00,     0.00,     0.00,     0.33,     0.00,     0.00,     0.00,     0.00,     0.00,     0.00,  -999.99,  -999.99,  -999.99
cty,13087,IA: Henry County,1981,02,PRCP,     5.46,     0.00,     0.00,     0.00,     0.00,     0.00,     0.00,     0.00,     0.00,     4.89,     2.56,     0.00,     0.00,     0.00,     0.00,     0.00,     0.00,     0.00,     0.00,     0.00,     0.00,    11.22,    17.04,     0.00,     0.00,     0.00,     1.16,     0.00,  -999.99,  -999.99,  -999.99
cty,13089,IA: Howard County,1981,02,PRCP,     4.32,     0.00,     0.00,     0.00,     0.00,     1.26,     1.08,     0.00,     0.30,     3.23,     3.21,     0.00,     0.00,     0.00,     0.00,     0.28,     0.00,     0.00,     0.00,     0.00,     0.00,    21.18,    16.77,     0.00,     0.00,     0.00,     3.68,     2.85,  -999.99,  -999.99,  -999.99
cty,13091,IA: Humboldt County,1981,02,PRCP,     5.40,     0.00,     0.00,     0.00,     0.00,     0.61,     0.00,     0.00,     0.00,     3.44,     2.87,     0.00,     0.00,     0.00,     0.00,     0.11,     0.00,     0.00,     0.00,     0.00,     0.00,     3.03,     0.14,     0.00,     0.00,     0.00,     3.45,     0.00,  -999.99,  -999.99,  -999.99
cty,13093,IA: Ida County,1981,02,PRCP,     6.69,     0.00,     0.00,     0.00,     0.00,     0.00,     0.00,     0.00,     0.00,     3.80,     1.42,     0.00,     0.00,     0.00,     0.00,     0.13,     0.00,     0.00,     0.00,     0.00,     0.00,     0.16,     0.00,     0.00,     0.00,     0.00,     0.00,     0.00,  -999.99,  -999.99,  -999.99
cty,13095,IA: Iowa County,1981,02,PRCP,     5.18,     0.00,     0.00,     0.00,     0.00,     0.00,     0.00,     0.00,     0.00,     4.99,     2.96,     0.00,     0.00,     0.00,     0.00,     0.00,     0.00,     0.00,     0.00,     0.00,     0.00,    19.32,    22.32,     0.00,     0.00,     0.00,     4.82,     0.00,  -999.99,  -999.99,  -999.99
cty,13097,IA: Jackson County,1981,02,PRCP,     6.27,     0.00,     0.00,     0.00,     0.00,     0.49,     0.00,     0.00,     0.11,     3.04,     3.33,     0.00,     0.00,     0.00,     0.00,     0.00,     0.00,     0.00,     0.00,     0.00,     0.00,    21.33,    22.08,     0.30,     0.00,     0.00,     8.54,     0.80,  -999.99,  -999.99,  -999.99
cty,13099,IA: Jasper County,1981,02,PRCP,     4.86,     0.00,     0.00,     0.00,     0.00,     0.00,     0.00,     0.00,     0.00,     4.24,     4.30,     0.00,     0.00,     0.00,     0.00,     0.00,     0.00,     0.00,     0.00,     0.00,     0.00,    13.47,    17.95,     0.00,     0.00,     0.00,     2.01,     0.00,  -999.99,  -999.99,  -999.99
cty,13101,IA: Jefferson County,1981,02,PRCP,     4.97,     0.00,     0.00,     0.00,     0.00,     0.00,     0.00,     0.00,     0.00,     4.85,     2.43,     0.00,     0.00,     0.00,     0.00,     0.00,     0.00,     0.00,     0.00,     0.00,     0.00,    11.63,    16.57,     0.00,     0.00,     0.00,     1.02,     0.00,  -999.99,  -999.99,  -999.99
cty,13103,IA: Johnson County,1981,02,PRCP,     5.46,     0.00,     0.00,     0.00,     0.00,     0.08,     0.00,     0.00,     0.00,     4.42,     2.65,     0.00,     0.00,     0.00,     0.00,     0.00,     0.00,     0.00,     0.00,     0.00,     0.00,    16.99,    20.99,     0.00,     0.00,     0.00,     4.66,     0.00,  -999.99,  -999.99,  -999.99
cty,13105,IA: Jones County,1981,02,PRCP,     5.82,     0.00,     0.00,     0.00,     0.00,     0.48,     0.00,     0.00,     0.01,     3.73,     3.03,     0.00,     0.00,     0.00,     0.00,     0.00,     0.00,     0.00,     0.00,     0.00,     0.00,    20.28,    22.76,     0.04,     0.00,     0.00,     8.12,     0.41,  -999.99,  -999.99,  -999.99
cty,13107,IA: Keokuk County,1981,02,PRCP,     5.21,     0.00,     0.00,     0.00,     0.00,     0.00,     0.00,     0.00,     0.00,     5.36,     2.50,     0.00,     0.00,     0.00,     0.00,     0.00,     0.00,     0.00,     0.00,     0.00,     0.00,    15.17,    18.98,     0.00,     0.00,     0.00,     2.62,     0.00,  -999.99,  -999.99,  -999.99
cty,13109,IA: Kossuth County,1981,02,PRCP,     7.11,     0.00,     0.00,     0.00,     0.00,     0.82,     0.00,     0.00,     0.08,     2.98,     3.44,     0.00,     0.00,     0.00,     0.00,     0.04,     0.00,     0.00,     0.00,     0.00,     0.00,     3.55,     0.02,     0.00,     0.00,     0.00,    11.25,     0.00,  -999.99,  -999.99,  -999.99
cty,13111,IA: Lee County,1981,02,PRCP,     5.19,     0.03,     0.00,     0.00,     0.00,     0.00,     0.00,     0.00,     0.00,     5.04,     2.81,     0.00,     0.00,     0.00,     0.00,     0.00,     0.00,     0.00,     0.00,     0.00,     0.00,     8.89,    13.92,     0.00,     0.00,     0.00,     0.31,     0.00,  -999.99,  -999.99,  -999.99
cty,13113,IA: Linn County,1981,02,PRCP,     5.28,     0.00,     0.00,     0.00,     0.00,     0.43,     0.00,     0.00,     0.00,     4.10,     3.17,     0.00,     0.00,     0.00,     0.00,     0.00,     0.00,     0.00,     0.00,     0.00,     0.00,    21.55,    22.80,     0.00,     0.00,     0.00,     6.98,     0.01,  -999.99,  -999.99,  -999.99
cty,13115,IA: Louisa County,1981,02,PRCP,     5.94,     0.00,     0.00,     0.00,     0.00,     0.01,     0.00,     0.00,     0.00,     4.74,     2.63,     0.00,     0.00,     0.00,     0.00,     0.00,     0.00,     0.00,     0.00,     0.00,     0.00,    13.15,    19.14,     0.00,     0.00,     0.00,     2.91,     0.00,  -999.99,  -999.99,  -999.99
cty,13117,IA: Lucas County,1981,02,PRCP,     7.38,     0.11,     0.00,     0.00,     0.00,     0.00,     0.00,     0.00,     0.00,     4.28,     4.33,     0.00,     0.00,     0.00,     0.00,     0.00,     0.00,     0.00,     0.00,     0.00,     0.00,    10.41,    18.95,     0.00,     0.00,     0.00,     0.36,     0.00,  -999.99,  -999.99,  -999.99
cty,13119,IA: Lyon County,1981,02,PRCP,     6.81,     0.00,     0.00,     0.00,     0.00,     0.00,     0.00,     0.00,     0.00,     2.95,     0.04,     0.00,     0.00,     0.00,     0.00,     0.00,     0.00,     0.00,     0.00,     0.00,     0.00,     0.08,     0.00,     0.00,     0.00,     0.00,     7.72,     0.65,  -999.99,  -999.99,  -999.99
cty,13121,IA: Madison County,1981,02,PRCP,     7.39,     0.00,     0.00,     0.00,     0.00,     0.00,     0.00,     0.00,     0.00,     3.84,     5.95,     0.00,     0.00,     0.00,     0.00,     0.00,     0.00,     0.00,     0.00,     0.00,     0.00,     5.19,     2.68,     0.00,     0.00,     0.00,     0.00,     0.00,  -999.99,  -999.99,  -999.99
cty,13123,IA: Mahaska County,1981,02,PRCP,     6.48,     0.00,     0.00,     0.00,     0.00,     0.01,     0.00,     0.00,     0.00,     5.42,     3.97,     0.00,     0.00,     0.00,     0.00,     0.00,     0.00,     0.00,     0.00,     0.00,     0.00,    16.96,    26.96,     0.00,     0.00,     0.00,     2.23,     0.00,  -999.99,  -999.99,  -999.99
cty,13125,IA: Marion County,1981,02,PRCP,     6.94,     0.07,     0.00,     0.00,     0.00,     0.01,     0.00,     0.00,     0.00,     4.86,     4.87,     0.00,     0.00,     0.00,     0.00,     0.00,     0.00,     0.00,     0.00,     0.00,     0.00,    14.28,    23.15,     0.00,     0.00,     0.00,     1.08,     0.00,  -999.99,  -999.99,  -999.99
cty,13127,IA: Marshall County,1981,02,PRCP,     3.76,     0.00,     0.00,     0.00,     0.00,     0.19,     0.00,     0.00,     0.00,     4.27,     3.55,     0.00,     0.00,     0.00,     0.00,     0.00,     0.00,     0.00,     0.00,     0.00,     0.00,    14.20,    17.03,     0.00,     0.00,     0.00,     3.63,     0.00,  -999.99,  -999.99,  -999.99
cty,13129,IA: Mills County,1981,02,PRCP,    10.39,     0.00,     0.00,     0.00,     0.00,     0.00,     0.00,     0.00,     0.00,     2.56,     2.00,     0.00,     0.00,     0.00,     0.00,     0.00,     0.00,     0.00,     0.00,     0.00,     0.00,     0.54,     0.00,     0.00,     0.00,     0.00,     0.00,     0.00,  -999.99,  -999.99,  -999.99
cty,13131,IA: Mitchell County,1981,02,PRCP,     5.46,     0.00,     0.00,     0.00,     0.00,     1.00,     0.69,     0.00,     0.37,     3.03,     2.99,     0.00,     0.00,     0.00,     0.00,     0.35,     0.00,     0.00,     0.00,     0.00,     0.00,    16.47,    15.00,     0.00,     0.00,     0.00,     6.51,     1.82,  -999.99,  -999.99,  -999.99
cty,13133,IA: Monona County,1981,02,PRCP,     4.67,     0.00,     0.00,     0.00,     0.00,     0.00,     0.00,     0.00,     0.00,     2.70,     0.64,     0.00,     0.00,     0.00,     0.00,     0.00,     0.00,     0.00,     0.00,     0.00,     0.00,     0.06,     0.00,     0.00,     0.00,     0.00,     0.01,     0.00,  -999.99,  -999.99,  -999.99
cty,13135,IA: Monroe County,1981,02,PRCP,     6.51,     0.00,     0.00,     0.00,     0.00,     0.00,     0.00,     0.00,     0.00,     4.34,     3.64,     0.00,     0.00,     0.00,     0.00,     0.00,     0.00,     0.00,     0.00,     0.00,     0.00,    12.74,    24.98,     0.00,     0.00,     0.00,     0.42,     0.00,  -999.99,  -999.99,  -999.99
cty,13137,IA: Montgomery County,1981,02,PRCP,    13.27,     0.13,     0.00,     0.00,     0.00,     0.00,     0.00,     0.00,     0.00,     3.72,     3.71,     0.00,     0.00,     0.00,     0.00,     0.00,     0.00,     0.00,     0.00,     0.00,     0.00,     0.80,     0.00,     0.00,     0.00,     0.00,     0.00,     0.00,  -999.99,  -999.99,  -999.99
cty,13139,IA: Muscatine County,1981,02,PRCP,     6.03,     0.00,     0.00,     0.00,     0.00,     0.21,     0.00,     0.00,     0.00,     4.19,     2.70,     0.00,     0.00,     0.00,     0.00,     0.00,     0.00,     0.00,     0.00,     0.00,     0.00,    14.13,    19.72,     0.09,     0.00,     0.00,     5.06,     0.05,  -999.99,  -999.99,  -999.99
cty,13141,IA: O'Brien County,1981,02,PRCP,     7.38,     0.00,     0.00,     0.00,     0.00,     0.00,     0.00,     0.00,     0.00,     2.72,     0.87,     0.00,     0.00,     0.00,     0.00,     0.00,     0.00,     0.00,     0.00,     0.00,     0.00,     0.06,     0.00,     0.00,     0.00,     0.00,     4.36,     0.00,  -999.99,  -999.99,  -999.99
cty,13143,IA: Osceola County,1981,02,PRCP,     8.57,     0.00,     0.00,     0.00,     0.00,     0.00,     0.00,     0.00,     0.00,     2.47,     0.84,     0.00,     0.00,     0.00,     0.00,     0.00,     0.00,     0.00,     0.00,     0.00,     0.00,     0.35,     0.00,     0.00,     0.00,     0.00,     9.23,     0.43,  -999.99,  -999.99,  -999.99
cty,13145,IA: Page County,1981,02,PRCP,    11.42,     0.07,     0.00,     0.00,     0.00,     0.00,     0.00,     0.00,     0.00,     2.20,     2.50,     0.00,     0.00,     0.00,     0.00,     0.00,     0.00,     0.00,     0.00,     0.00,     0.00,     0.74,     0.00,     0.00,     0.00,     0.00,     0.00,     0.00,  -999.99,  -999.99,  -999.99
cty,13147,IA: Palo Alto County,1981,02,PRCP,     6.62,     0.00,     0.00,     0.00,     0.00,     0.18,     0.00,     0.00,     0.00,     2.39,     2.68,     0.00,     0.00,     0.00,     0.00,     0.00,     0.00,     0.00,     0.00,     0.00,     0.00,     1.15,     0.00,     0.00,     0.00,     0.00,     7.70,     0.00,  -999.99,  -999.99,  -999.99
cty,13149,IA: Plymouth County,1981,02,PRCP,     7.85,     0.00,     0.00,     0.00,     0.00,     0.00,     0.00,     0.00,     0.00,     4.55,     0.42,     0.00,     0.00,     0.00,     0.00,     0.00,     0.00,     0.00,     0.00,     0.00,     0.00,     0.00,     0.00,     0.00,     0.00,     0.00,     3.17,     0.00,  -999.99,  -999.99,  -999.99
cty,13151,IA: Pocahontas County,1981,02,PRCP,     4.98,     0.00,     0.00,     0.00,     0.00,     0.12,     0.00,     0.00,     0.00,     2.69,     2.20,     0.00,     0.00,     0.00,     0.00,     0.00,     0.00,     0.00,     0.00,     0.00,     0.00,     0.92,     0.00,     0.00,     0.00,     0.00,     1.63,     0.00,  -999.99,  -999.99,  -999.99
cty,13153,IA: Polk County,1981,02,PRCP,     4.51,     0.05,     0.00,     0.00,     0.00,     0.00,     0.00,     0.00,     0.00,     4.15,     3.82,     0.00,     0.00,     0.00,     0.00,     0.00,     0.00,     0.00,     0.00,     0.00,     0.00,     7.43,     6.84,     0.00,     0.00,     0.00,     1.12,     0.00,  -999.99,  -999.99,  -999.99
cty,13155,IA: Pottawattamie County,1981,02,PRCP,     7.88,     0.15,     0.00,     0.00,     0.00,     0.00,     0.00,     0.00,     0.00,     2.89,     1.84,     0.00,     0.00,     0.00,     0.00,     0.00,     0.00,     0.00,     0.00,     0.00,     0.00,     0.42,     0.00,     0.00,     0.00,     0.00,     0.00,     0.00,  -999.99,  -999.99,  -999.99
cty,13157,IA: Poweshiek County,1981,02,PRCP,     5.31,     0.00,     0.00,     0.00,     0.00,     0.00,     0.00,     0.00,     0.00,     5.01,     3.84,     0.00,     0.00,     0.00,     0.00,     0.00,     0.00,     0.00,     0.00,     0.00,     0.00,    19.47,    25.68,     0.00,     0.00,     0.00,     4.93,     0.00,  -999.99,  -999.99,  -999.99
cty,13159,IA: Ringgold County,1981,02,PRCP,     8.36,     0.00,     0.00,     0.00,     0.00,     0.00,     0.00,     0.00,     0.00,     2.35,     3.85,     0.00,     0.00,     0.00,     0.00,     0.00,     0.00,     0.00,     0.00,     0.00,     0.00,     2.55,     0.41,     0.00,     0.00,     0.00,     0.00,     0.00,  -999.99,  -999.99,  -999.99
cty,13161,IA: Sac County,1981,02,PRCP,     5.96,     0.00,     0.00,     0.00,     0.00,     0.00,     0.00,     0.00,     0.00,     3.66,     2.18,     0.00,     0.00,     0.00,     0.00,     0.29,     0.00,     0.00,     0.00,     0.00,     0.00,     0.45,     0.00,     0.00,     0.00,     0.00,     0.00,     0.00,  -999.99,  -999.99,  -999.99
cty,13163,IA: Scott County,1981,02,PRCP,     7.17,     0.00,     0.00,     0.00,     0.00,     0.30,     0.00,     0.00,     0.00,     4.03,     3.74,     0.00,     0.00,     0.00,     0.00,     0.00,     0.00,     0.00,     0.00,     0.00,     0.00,    20.32,    21.52,     0.40,     0.00,     0.00,     5.93,     0.26,  -999.99,  -999.99,  -999.99
cty,13165,IA: Shelby County,1981,02,PRCP,     6.10,     0.01,     0.00,     0.00,     0.00,     0.01,     0.00,     0.00,     0.00,     3.18,     2.00,     0.00,     0.00,     0.00,     0.00,     0.02,     0.00,     0.00,     0.00,     0.00,     0.00,     0.37,     0.00,     0.00,     0.00,     0.00,     0.00,     0.00,  -999.99,  -999.99,  -999.99
cty,13167,IA: Sioux County,1981,02,PRCP,     9.37,     0.00,     0.00,     0.00,     0.00,     0.00,     0.00,     0.00,     0.00,     4.50,     0.29,     0.00,     0.00,     0.00,     0.00,     0.00,     0.00,     0.00,     0.00,     0.00,     0.00,     0.00,     0.00,     0.00,     0.00,     0.00,     8.47,     0.00,  -999.99,  -999.99,  -999.99
cty,13169,IA: Story County,1981,02,PRCP,     3.46,     0.03,     0.00,     0.00,     0.00,     0.15,     0.00,     0.00,     0.00,     4.54,     2.99,     0.00,     0.00,     0.00,     0.00,     0.00,     0.00,     0.00,     0.00,     0.00,     0.00,     8.30,     7.63,     0.00,     0.00,     0.00,     2.54,     0.00,  -999.99,  -999.99,  -999.99
cty,13171,IA: Tama County,1981,02,PRCP,     4.06,     0.00,     0.00,     0.00,     0.00,     0.19,     0.00,     0.00,     0.00,     3.95,     3.48,     0.00,     0.00,     0.00,     0.00,     0.00,     0.00,     0.00,     0.00,     0.00,     0.00,    19.57,    22.17,     0.00,     0.00,     0.00,     5.92,     0.00,  -999.99,  -999.99,  -999.99
cty,13173,IA: Taylor County,1981,02,PRCP,    10.75,     0.07,     0.00,     0.00,     0.00,     0.00,     0.00,     0.00,     0.00,     2.29,     3.79,     0.00,     0.00,     0.00,     0.00,     0.00,     0.00,     0.00,     0.00,     0.00,     0.00,     1.44,     0.00,     0.00,     0.00,     0.00,     0.01,     0.00,  -999.99,  -999.99,  -999.99
cty,13175,IA: Union County,1981,02,PRCP,     6.45,     0.00,     0.00,     0.00,     0.00,     0.00,     0.00,     0.00,     0.00,     2.32,     4.07,     0.00,     0.00,     0.00,     0.00,     0.00,     0.00,     0.00,     0.00,     0.00,     0.00,     2.45,     0.56,     0.00,     0.00,     0.00,     0.00,     0.00,  -999.99,  -999.99,  -999.99
cty,13177,IA: Van Buren County,1981,02,PRCP,     5.74,     0.00,     0.00,     0.00,     0.00,     0.00,     0.00,     0.00,     0.00,     5.85,     3.31,     0.00,     0.00,     0.00,     0.00,     0.00,     0.00,     0.00,     0.00,     0.00,     0.00,    11.98,    18.72,     0.00,     0.00,     0.00,     0.56,     0.00,  -999.99,  -999.99,  -999.99
cty,13179,IA: Wapello County,1981,02,PRCP,     4.76,     0.00,     0.00,     0.00,     0.00,     0.00,     0.00,     0.00,     0.00,     4.28,     2.50,     0.00,     0.00,     0.00,     0.00,     0.00,     0.00,     0.00,     0.00,     0.00,     0.00,    11.42,    17.92,     0.00,     0.00,     0.00,     0.67,     0.00,  -999.99,  -999.99,  -999.99
cty,13181,IA: Warren County,1981,02,PRCP,     6.36,     0.04,     0.00,     0.00,     0.00,     0.00,     0.00,     0.00,     0.00,     4.02,     4.64,     0.00,     0.00,     0.00,     0.00,     0.00,     0.00,     0.00,     0.00,     0.00,     0.00,     8.47,    10.05,     0.00,     0.00,     0.00,     0.36,     0.00,  -999.99,  -999.99,  -999.99
cty,13183,IA: Washington County,1981,02,PRCP,     5.02,     0.00,     0.00,     0.00,     0.00,     0.00,     0.00,     0.00,     0.00,     4.42,     2.16,     0.00,     0.00,     0.00,     0.00,     0.00,     0.00,     0.00,     0.00,     0.00,     0.00,    12.91,    17.03,     0.00,     0.00,     0.00,     1.89,     0.00,  -999.99,  -999.99,  -999.99
cty,13185,IA: Wayne County,1981,02,PRCP,     5.01,     0.00,     0.00,     0.00,     0.00,     0.00,     0.00,     0.00,     0.00,     2.80,     2.25,     0.00,     0.00,     0.00,     0.00,     0.00,     0.00,     0.00,     0.00,     0.00,     0.00,     5.20,    11.92,     0.00,     0.00,     0.00,     0.00,     0.00,  -999.99,  -999.99,  -999.99
cty,13187,IA: Webster County,1981,02,PRCP,     5.09,     0.00,     0.00,     0.00,     0.00,     0.21,     0.00,     0.00,     0.00,     4.29,     3.28,     0.00,     0.00,     0.00,     0.00,     0.02,     0.00,     0.00,     0.00,     0.00,     0.00,     3.29,     0.37,     0.00,     0.00,     0.00,     1.87,     0.00,  -999.99,  -999.99,  -999.99
cty,13189,IA: Winnebago County,1981,02,PRCP,     7.51,     0.00,     0.00,     0.00,     0.00,     0.91,     0.00,     0.00,     0.38,     2.83,     3.16,     0.00,     0.00,     0.00,     0.00,     0.08,     0.00,     0.00,     0.00,     0.00,     0.00,     7.44,     1.69,     0.00,     0.00,     0.00,    14.62,     0.05,  -999.99,  -999.99,  -999.99
cty,13191,IA: Winneshiek County,1981,02,PRCP,     3.86,     0.00,     0.00,     0.00,     0.00,     1.42,     1.07,     0.00,     0.08,     3.22,     2.83,     0.00,     0.00,     0.00,     0.00,     0.00,     0.00,     0.00,     0.00,     0.00,     0.00,    23.02,    14.80,     0.00,     0.00,     0.00,     1.78,     2.74,  -999.99,  -999.99,  -999.99
cty,13193,IA: Woodbury County,1981,02,PRCP,     5.89,     0.00,     0.00,     0.00,     0.00,     0.00,     0.00,     0.00,     0.00,     3.58,     0.63,     0.00,     0.00,     0.00,     0.00,     0.00,     0.00,     0.00,     0.00,     0.00,     0.00,     0.00,     0.00,     0.00,     0.00,     0.00,     0.26,     0.00,  -999.99,  -999.99,  -999.99
cty,13195,IA: Worth County,1981,02,PRCP,     5.42,     0.00,     0.00,     0.00,     0.00,     0.67,     0.12,     0.00,     0.34,     2.25,     2.29,     0.00,     0.00,     0.00,     0.00,     0.11,     0.00,     0.00,     0.00,     0.00,     0.00,     9.41,     6.66,     0.00,     0.00,     0.00,     8.72,     0.17,  -999.99,  -999.99,  -999.99
cty,13197,IA: Wright County,1981,02,PRCP,     5.34,     0.00,     0.00,     0.00,     0.00,     0.84,     0.00,     0.00,     0.00,     4.03,     3.00,     0.00,     0.00,     0.00,     0.00,     0.50,     0.00,     0.00,     0.00,     0.00,     0.00,     7.08,     2.77,     0.00,     0.00,     0.00,     4.47,     0.00,  -999.99,  -999.99,  -999.99
cty,14001,KS: Allen County,1981,02,PRCP,     4.39,     0.01,     0.00,     0.00,     0.00,     0.00,     0.00,     0.00,     0.00,     5.39,     0.73,     0.00,     0.00,     0.00,     0.00,     0.00,     0.00,     0.00,     0.00,     0.00,     0.00,     1.16,     0.00,     0.00,     0.00,     0.00,     0.00,     0.00,  -999.99,  -999.99,  -999.99
cty,14003,KS: Anderson County,1981,02,PRCP,     4.19,     0.00,     0.00,     0.00,     0.00,     0.00,     0.00,     0.00,     0.00,     4.34,     0.56,     0.00,     0.00,     0.00,     0.00,     0.00,     0.00,     0.00,     0.00,     0.00,     0.00,     0.66,     0.00,     0.00,     0.00,     0.00,     0.00,     0.00,  -999.99,  -999.99,  -999.99
cty,14005,KS: Atchison County,1981,02,PRCP,     9.84,     0.00,     0.00,     0.00,     0.00,     0.00,     0.00,     0.00,     0.00,     2.81,     1.14,     0.00,     0.00,     0.00,     0.00,     0.00,     0.00,     0.00,     0.00,     0.00,     0.00,     1.00,     0.00,     0.00,     0.00,     0.00,     0.00,     0.00,  -999.99,  -999.99,  -999.99
cty,14007,KS: Barber County,1981,02,PRCP,     0.59,     0.00,     0.00,     0.00,     0.00,     0.00,     0.00,     0.00,     0.00,     0.64,     0.00,     0.00,     0.00,     0.00,     0.00,     0.00,     0.00,     0.00,     0.00,     0.00,     0.00,     0.03,     0.00,     0.00,     0.00,     0.00,     0.00,     0.00,  -999.99,  -999.99,  -999.99
cty,14009,KS: Barton County,1981,02,PRCP,     2.98,     0.00,     0.00,     0.00,     0.00,     0.00,     0.00,     0.00,     0.00,     0.00,     0.00,     0.00,     0.00,     0.00,     0.00,     0.00,     0.00,     0.00,     0.00,     0.00,     0.00,     0.00,     0.00,     0.00,     0.00,     0.00,     0.00,     0.00,  -999.99,  -999.99,  -999.99
cty,14011,KS: Bourbon County,1981,02,PRCP,     9.64,     0.00,     0.00,     0.00,     0.00,     0.18,     0.00,     0.00,     0.00,    12.62,     1.45,     0.00,     0.00,     0.00,     0.00,     0.00,     0.00,     0.00,     0.00,     0.00,     0.00,     4.51,     0.00,     0.00,     0.00,     0.00,     0.00,     0.00,  -999.99,  -999.99,  -999.99
cty,14013,KS: Brown County,1981,02,PRCP,     8.89,     0.00,     0.00,     0.00,     0.00,     0.00,     0.00,     0.00,     0.00,     1.22,     1.51,     0.00,     0.00,     0.00,     0.00,     0.00,     0.00,     0.00,     0.00,     0.00,     0.00,     0.46,     0.00,     0.00,     0.00,     0.00,     0.01,     0.00,  -999.99,  -999.99,  -999.99
cty,14015,KS: Butler County,1981,02,PRCP,     4.67,     0.00,     0.00,     0.00,     0.00,     0.00,     0.00,     0.00,     0.00,     3.65,     1.33,     0.00,     0.00,     0.00,     0.00,     0.00,     0.00,     0.00,     0.00,     0.00,     0.00,     0.20,     0.00,     0.00,     0.00,     0.00,     0.00,     0.00,  -999.99,  -999.99,  -999.99
cty,14017,KS: Chase County,1981,02,PRCP,     5.27,     0.00,     0.00,     0.00,     0.00,     0.00,     0.00,     0.00,     0.00,     1.98,     1.32,     0.00,     0.00,     0.00,     0.00,     0.00,     0.00,     0.00,     0.00,     0.00,     0.00,     0.00,     0.00,     0.00,     0.00,     0.00,     0.00,     0.00,  -999.99,  -999.99,  -999.99
cty,14019,KS: Chautauqua County,1981,02,PRCP,     5.78,     0.00,     0.00,     0.00,     0.00,     0.02,     0.00,     0.00,     0.00,     9.44,     1.21,     0.00,     0.00,     0.00,     0.00,     0.00,     0.00,     0.00,     0.00,     0.00,     0.00,     2.09,     0.00,     0.00,     0.00,     0.00,     0.00,     0.00,  -999.99,  -999.99,  -999.99
cty,14021,KS: Cherokee County,1981,02,PRCP,    10.94,     0.00,     0.00,     0.00,     0.00,     0.42,     0.00,     0.00,     0.00,    15.86,     1.79,     0.00,     0.00,     0.00,     0.00,     0.00,     0.00,     0.00,     0.00,     0.00,     0.00,     7.62,     0.00,     0.00,     0.00,     0.00,     0.00,     1.72,  -999.99,  -999.99,  -999.99
cty,14023,KS: Cheyenne County,1981,02,PRCP,     1.18,     0.00,     0.00,     0.00,     0.00,     0.00,     0.00,     0.00,     0.00,     1.22,     0.00,     0.00,     0.00,     0.00,     0.00,     0.00,     0.00,     0.00,     0.00,     0.00,     0.00,     0.00,     0.00,     0.00,     0.00,     0.00,     0.00,     0.00,  -999.99,  -999.99,  -999.99
cty,14025,KS: Clark County,1981,02,PRCP,     0.00,     0.00,     0.00,     0.00,     0.00,     0.00,     0.00,     0.00,     0.00,     0.00,     0.00,     0.00,     0.00,     0.00,     0.00,     0.00,     0.00,     0.00,     0.00,     0.00,     0.00,     0.00,     0.00,     0.00,     0.00,     0.00,     0.00,     0.00,  -999.99,  -999.99,  -999.99
cty,14027,KS: Clay County,1981,02,PRCP,     7.86,     0.00,     0.00,     0.00,     0.00,     0.00,     0.00,     0.00,     0.00,     0.78,     1.28,     0.00,     0.00,     0.00,     0.00,     0.00,     0.00,     0.00,     0.00,     0.00,     0.00,     0.00,     0.00,     0.00,     0.00,     0.00,     0.00,     0.00,  -999.99,  -999.99,  -999.99
cty,14029,KS: Cloud County,1981,02,PRCP,     3.92,     0.00,     0.00,     0.00,     0.00,     0.00,     0.00,     0.00,     0.00,     0.56,     0.57,     0.00,     0.00,     0.00,     0.00,     0.00,     0.00,     0.00,     0.00,     0.00,     0.00,     0.00,     0.00,     0.00,     0.00,     0.00,     0.00,     0.00,  -999.99,  -999.99,  -999.99
cty,14031,KS: Coffey County,1981,02,PRCP,     4.91,     0.00,     0.00,     0.00,     0.00,     0.00,     0.00,     0.00,     0.00,     3.56,     0.89,     0.00,     0.00,     0.00,     0.00,     0.00,     0.00,     0.00,     0.00,     0.00,     0.00,     0.12,     0.00,     0.00,     0.00,     0.00,     0.00,     0.00,  -999.99,  -999.99,  -999.99
cty,14033,KS: Comanche County,1981,02,PRCP,     0.02,     0.00,     0.00,     0.00,     0.00,     0.00,     0.00,     0.00,     0.00,     0.20,     0.00,     0.00,     0.00,     0.00,     0.00,     0.00,     0.00,     0.00,     0.00,     0.00,     0.00,     0.00,     0.00,     0.00,     0.00,     0.00,     0.00,     0.00,  -999.99,  -999.99,  -999.99
cty,14035,KS: Cowley County,1981,02,PRCP,     3.67,     0.00,     0.00,     0.00,     0.00,     0.00,     0.00,     0.00,     0.00,     5.88,     0.96,     0.00,     0.00,     0.00,     0.00,     0.00,     0.00,     0.00,     0.00,     0.00,     0.00,     0.98,     0.00,     0.00,     0.00,     0.00,     0.00,     0.00,  -999.99,  -999.99,  -999.99
cty,14037,KS: Crawford County,1981,02,PRCP,     8.82,     0.00,     0.00,     0.00,     0.00,     0.34,     0.00,     0.00,     0.00,    12.85,     1.45,     0.00,     0.00,     0.00,     0.00,     0.00,     0.00,     0.00,     0.00,     0.00,     0.00,     5.62,     0.01,     0.00,     0.00,     0.00,     0.00,     0.13,  -999.99,  -999.99,  -999.99
cty,14039,KS: Decatur County,1981,02,PRCP,     3.49,     0.00,     0.00,     0.00,     0.00,     0.00,     0.00,     0.00,     0.00,     0.94,     0.00,     0.00,     0.00,     0.00,     0.00,     0.00,     0.00,     0.00,     0.00,     0.00,     0.00,     0.00,     0.00,     0.00,     0.00,     0.00,     0.00,     0.00,  -999.99,  -999.99,  -999.99
cty,14041,KS: Dickinson County,1981,02,PRCP,     6.02,     0.00,     0.00,     0.00,     0.00,     0.00,     0.00,     0.00,     0.00,     1.00,     1.06,     0.00,     0.00,     0.00,     0.00,     0.00,     0.00,     0.00,     0.00,     0.00,     0.00,     0.00,     0.00,     0.00,     0.00,     0.00,     0.00,     0.00,  -999.99,  -999.99,  -999.99
cty,14043,KS: Doniphan County,1981,02,PRCP,     8.47,     0.00,     0.00,     0.00,     0.00,     0.00,     0.00,     0.00,     0.00,     2.03,     1.09,     0.00,     0.00,     0.00,     0.00,     0.00,     0.00,     0.00,     0.00,     0.00,     0.00,     0.86,     0.00,     0.00,     0.00,     0.00,     0.00,     0.00,  -999.99,  -999.99,  -999.99
cty,14045,KS: Douglas County,1981,02,PRCP,    10.76,     0.00,     0.00,     0.00,     0.00,     0.00,     0.00,     0.00,     0.00,     6.52,     0.64,     0.00,     0.00,     0.00,     0.00,     0.00,     0.00,     0.00,     0.00,     0.00,     0.00,     1.36,     0.00,     0.00,     0.00,     0.00,     0.00,     0.00,  -999.99,  -999.99,  -999.99
cty,14047,KS: Edwards County,1981,02,PRCP,     1.80,     0.00,     0.00,     0.00,     0.00,     0.00,     0.00,     0.00,     0.00,     0.02,     0.00,     0.00,     0.00,     0.00,     0.00,     0.00,     0.00,     0.00,     0.00,     0.00,     0.00,     0.00,     0.00,     0.00,     0.00,     0.00,     0.00,     0.00,  -999.99,  -999.99,  -999.99
cty,14049,KS: Elk County,1981,02,PRCP,     5.07,     0.00,     0.00,     0.00,     0.00,     0.01,     0.00,     0.00,     0.00,     6.63,     1.24,     0.00,     0.00,     0.00,     0.00,     0.00,     0.00,     0.00,     0.00,     0.00,     0.00,     1.04,     0.00,     0.00,     0.00,     0.00,     0.00,     0.00,  -999.99,  -999.99,  -999.99
cty,14051,KS: Ellis County,1981,02,PRCP,     1.11,     0.00,     0.00,     0.00,     0.00,     0.00,     0.00,     0.00,     0.00,     0.11,     0.03,     0.00,     0.00,     0.00,     0.00,     0.00,     0.00,     0.00,     0.00,     0.00,     0.00,     0.00,     0.00,     0.00,     0.00,     0.00,     0.00,     0.00,  -999.99,  -999.99,  -999.99
cty,14053,KS: Ellsworth County,1981,02,PRCP,     2.10,     0.00,     0.00,     0.00,     0.00,     0.00,     0.00,     0.00,     0.00,     0.05,     0.09,     0.00,     0.00,     0.00,     0.00,     0.00,     0.00,     0.00,     0.00,     0.00,     0.00,     0.00,     0.00,     0.00,     0.00,     0.00,     0.00,     0.00,  -999.99,  -999.99,  -999.99
cty,14055,KS: Finney County,1981,02,PRCP,     0.02,     0.00,     0.00,     0.00,     0.00,     0.00,     0.00,     0.00,     0.00,     0.43,     0.01,     0.00,     0.00,     0.00,     0.00,     0.00,     0.00,     0.00,     0.00,     0.00,     0.00,     0.00,     0.00,     0.00,     0.00,     0.00,     0.00,     0.00,  -999.99,  -999.99,  -999.99
cty,14057,KS: Ford County,1981,02,PRCP,     0.31,     0.00,     0.00,     0.00,     0.00,     0.00,     0.00,     0.00,     0.00,     0.00,     0.00,     0.00,     0.00,     0.00,     0.00,     0.00,     0.00,     0.00,     0.00,     0.00,     0.00,     0.00,     0.00,     0.00,     0.00,     0.00,     0.00,     0.00,  -999.99,  -999.99,  -999.99
cty,14059,KS: Franklin County,1981,02,PRCP,     8.82,     0.00,     0.00,     0.00,     0.00,     0.00,     0.00,     0.00,     0.00,     7.25,     0.63,     0.00,     0.00,     0.00,     0.00,     0.00,     0.00,     0.00,     0.00,     0.00,     0.00,     1.11,     0.00,     0.00,     0.00,     0.00,     0.00,     0.00,  -999.99,  -999.99,  -999.99
cty,14061,KS: Geary County,1981,02,PRCP,     8.33,     0.00,     0.00,     0.00,     0.00,     0.00,     0.00,     0.00,     0.00,     1.36,     1.44,     0.00,     0.00,     0.00,     0.00,     0.00,     0.00,     0.00,     0.00,     0.00,     0.00,     0.00,     0.00,     0.00,     0.00,     0.00,     0.00,     0.00,  -999.99,  -999.99,  -999.99
cty,14063,KS: Gove County,1981,02,PRCP,     1.20,     0.00,     0.00,     0.00,     0.00,     0.00,     0.00,     0.00,     0.00,     0.88,     0.00,     0.00,     0.00,     0.00,     0.00,     0.00,     0.00,     0.00,     0.00,     0.00,     0.00,     0.00,     0.00,     0.00,     0.00,     0.00,     0.00,     0.00,  -999.99,  -999.99,  -999.99
cty,14065,KS: Graham County,1981,02,PRCP,     1.83,     0.00,     0.00,     0.00,     0.00,     0.00,     0.00,     0.00,     0.00,     0.88,     0.00,     0.00,     0.00,     0.00,     0.00,     0.00,     0.00,     0.00,     0.00,     0.00,     0.00,     0.00,     0.00,     0.00,     0.00,     0.00,     0.00,     0.00,  -999.99,  -999.99,  -999.99
cty,14067,KS: Grant County,1981,02,PRCP,     0.00,     0.00,     0.00,     0.00,     0.00,     0.00,     0.00,     0.00,     0.00,     0.00,     0.00,     0.00,     0.00,     0.00,     0.00,     0.00,     0.00,     0.00,     0.00,     0.00,     0.00,     0.00,     0.00,     0.00,     0.00,     0.00,     0.00,     0.00,  -999.99,  -999.99,  -999.99
cty,14069,KS: Gray County,1981,02,PRCP,     0.00,     0.00,     0.00,     0.00,     0.00,     0.00,     0.00,     0.00,     0.00,     0.00,     0.00,     0.00,     0.00,     0.00,     0.00,     0.00,     0.00,     0.00,     0.00,     0.00,     0.00,     0.00,     0.00,     0.00,     0.00,     0.00,     0.00,     0.00,  -999.99,  -999.99,  -999.99
cty,14071,KS: Greeley County,1981,02,PRCP,     0.61,     0.00,     0.00,     0.00,     0.00,     0.00,     0.00,     0.00,     0.00,     0.57,     0.00,     0.00,     0.00,     0.00,     0.00,     0.00,     0.00,     0.00,     0.00,     0.00,     0.00,     0.00,     0.00,     0.00,     0.00,     0.00,     0.00,     0.00,  -999.99,  -999.99,  -999.99
cty,14073,KS: Greenwood County,1981,02,PRCP,     4.85,     0.00,     0.00,     0.00,     0.00,     0.00,     0.00,     0.00,     0.00,     3.82,     1.26,     0.00,     0.00,     0.00,     0.00,     0.00,     0.00,     0.00,     0.00,     0.00,     0.00,     0.10,     0.00,     0.00,     0.00,     0.00,     0.00,     0.00,  -999.99,  -999.99,  -999.99
cty,14075,KS: Hamilton County,1981,02,PRCP,     0.00,     0.00,     0.00,     0.00,     0.00,     0.00,     0.00,     0.00,     0.00,     0.00,     0.00,     0.00,     0.00,     0.00,     0.00,     0.00,     0.00,     0.00,     0.00,     0.00,     0.00,     0.00,     0.00,     0.00,     0.00,     0.00,     0.00,     0.00,  -999.99,  -999.99,  -999.99
cty,14077,KS: Harper County,1981,02,PRCP,     1.62,     0.00,     0.00,     0.00,     0.00,     0.00,     0.00,     0.00,     0.00,     1.76,     0.12,     0.00,     0.00,     0.00,     0.00,     0.00,     0.00,     0.00,     0.00,     0.00,     0.00,     0.49,     0.00,     0.00,     0.00,     0.00,     0.00,     0.00,  -999.99,  -999.99,  -999.99
cty,14079,KS: Harvey County,1981,02,PRCP,     5.32,     0.00,     0.00,     0.00,     0.00,     0.00,     0.00,     0.00,     0.00,     2.00,     0.94,     0.00,     0.00,     0.00,     0.00,     0.00,     0.00,     0.00,     0.00,     0.00,     0.00,     0.01,     0.00,     0.00,     0.00,     0.00,     0.00,     0.00,  -999.99,  -999.99,  -999.99
cty,14081,KS: Haskell County,1981,02,PRCP,     0.08,     0.00,     0.00,     0.00,     0.00,     0.00,     0.00,     0.00,     0.00,     0.35,     0.07,     0.00,     0.00,     0.00,     0.00,     0.00,     0.00,     0.00,     0.00,     0.00,     0.00,     0.00,     0.00,     0.00,     0.00,     0.00,     0.00,     0.00,  -999.99,  -999.99,  -999.99
cty,14083,KS: Hodgeman County,1981,02,PRCP,     0.29,     0.00,     0.00,     0.00,     0.00,     0.00,     0.00,     0.00,     0.00,     0.01,     0.00,     0.00,     0.00,     0.00,     0.00,     0.00,     0.00,     0.00,     0.00,     0.00,     0.00,     0.00,     0.00,     0.00,     0.00,     0.00,     0.00,     0.00,  -999.99,  -999.99,  -999.99
cty,14085,KS: Jackson County,1981,02,PRCP,    11.77,     0.00,     0.00,     0.00,     0.00,     0.00,     0.00,     0.00,     0.00,     2.08,     1.39,     0.00,     0.00,     0.00,     0.00,     0.00,     0.00,     0.00,     0.00,     0.00,     0.00,     0.25,     0.00,     0.00,     0.00,     0.00,     0.05,     0.00,  -999.99,  -999.99,  -999.99
cty,14087,KS: Jefferson County,1981,02,PRCP,     9.45,     0.00,     0.00,     0.00,     0.00,     0.00,     0.00,     0.00,     0.00,     3.80,     0.76,     0.00,     0.00,     0.00,     0.00,     0.00,     0.00,     0.00,     0.00,     0.00,     0.00,     1.11,     0.00,     0.00,     0.00,     0.00,     0.03,     0.00,  -999.99,  -999.99,  -999.99
cty,14089,KS: Jewell County,1981,02,PRCP,     3.79,     0.00,     0.00,     0.00,     0.00,     0.00,     0.00,     0.00,     0.00,     0.90,     0.97,     0.00,     0.00,     0.00,     0.00,     0.00,     0.00,     0.00,     0.00,     0.00,     0.00,     0.00,     0.00,     0.00,     0.00,     0.00,     0.00,     0.00,  -999.99,  -999.99,  -999.99
cty,14091,KS: Johnson County,1981,02,PRCP,    13.67,     0.00,     0.00,     0.00,     0.00,     0.00,     0.00,     0.00,     0.00,    10.09,     0.05,     0.00,     0.00,     0.00,     0.00,     0.00,     0.00,     0.00,     0.00,     0.00,     0.00,     2.91,     0.00,     0.00,     0.00,     0.00,     0.00,     0.00,  -999.99,  -999.99,  -999.99
cty,14093,KS: Kearny County,1981,02,PRCP,     0.00,     0.00,     0.00,     0.00,     0.00,     0.00,     0.00,     0.00,     0.00,     0.11,     0.00,     0.00,     0.00,     0.00,     0.00,     0.00,     0.00,     0.00,     0.00,     0.00,     0.00,     0.00,     0.00,     0.00,     0.00,     0.00,     0.00,     0.00,  -999.99,  -999.99,  -999.99
cty,14095,KS: Kingman County,1981,02,PRCP,     2.53,     0.00,     0.00,     0.00,     0.00,     0.00,     0.00,     0.00,     0.00,     0.88,     0.20,     0.00,     0.00,     0.00,     0.00,     0.00,     0.00,     0.00,     0.00,     0.00,     0.00,     0.04,     0.00,     0.00,     0.00,     0.00,     0.00,     0.00,  -999.99,  -999.99,  -999.99
cty,14097,KS: Kiowa County,1981,02,PRCP,     0.46,     0.00,     0.00,     0.00,     0.00,     0.00,     0.00,     0.00,     0.00,     0.00,     0.00,     0.00,     0.00,     0.00,     0.00,     0.00,     0.00,     0.00,     0.00,     0.00,     0.00,     0.00,     0.00,     0.00,     0.00,     0.00,     0.00,     0.00,  -999.99,  -999.99,  -999.99
cty,14099,KS: Labette County,1981,02,PRCP,    10.89,     0.00,     0.00,     0.00,     0.00,     0.50,     0.00,     0.00,     0.00,    15.69,     1.54,     0.00,     0.00,     0.00,     0.00,     0.00,     0.00,     0.00,     0.00,     0.00,     0.00,     5.11,     0.00,     0.00,     0.00,     0.00,     0.00,     0.46,  -999.99,  -999.99,  -999.99
cty,14101,KS: Lane County,1981,02,PRCP,     0.17,     0.00,     0.00,     0.00,     0.00,     0.00,     0.00,     0.00,     0.00,     0.21,     0.00,     0.00,     0.00,     0.00,     0.00,     0.00,     0.00,     0.00,     0.00,     0.00,     0.00,     0.00,     0.00,     0.00,     0.00,     0.00,     0.00,     0.00,  -999.99,  -999.99,  -999.99
cty,14103,KS: Leavenworth County,1981,02,PRCP,    10.41,     0.00,     0.00,     0.00,     0.00,     0.00,     0.00,     0.00,     0.00,     5.69,     0.66,     0.00,     0.00,     0.00,     0.00,     0.00,     0.00,     0.00,     0.00,     0.00,     0.00,     1.76,     0.00,     0.00,     0.00,     0.00,     0.00,     0.00,  -999.99,  -999.99,  -999.99
cty,14105,KS: Lincoln County,1981,02,PRCP,     2.89,     0.00,     0.00,     0.00,     0.00,     0.00,     0.00,     0.00,     0.00,     0.29,     0.27,     0.00,     0.00,     0.00,     0.00,     0.00,     0.00,     0.00,     0.00,     0.00,     0.00,     0.00,     0.00,     0.00,     0.00,     0.00,     0.00,     0.00,  -999.99,  -999.99,  -999.99
cty,14107,KS: Linn County,1981,02,PRCP,     8.88,     0.00,     0.00,     0.00,     0.00,     0.00,     0.00,     0.00,     0.00,    10.08,     0.83,     0.00,     0.00,     0.00,     0.00,     0.00,     0.00,     0.00,     0.00,     0.00,     0.00,     2.70,     0.00,     0.00,     0.00,     0.00,     0.00,     0.00,  -999.99,  -999.99,  -999.99
cty,14109,KS: Logan County,1981,02,PRCP,     1.04,     0.00,     0.00,     0.00,     0.00,     0.00,     0.00,     0.00,     0.00,     1.02,     0.00,     0.00,     0.00,     0.00,     0.00,     0.00,     0.00,     0.00,     0.00,     0.00,     0.00,     0.00,     0.00,     0.00,     0.00,     0.00,     0.00,     0.00,  -999.99,  -999.99,  -999.99
cty,14111,KS: Lyon County,1981,02,PRCP,     5.33,     0.00,     0.00,     0.00,     0.00,     0.00,     0.00,     0.00,     0.00,     2.28,     1.05,     0.00,     0.00,     0.00,     0.00,     0.00,     0.00,     0.00,     0.00,     0.00,     0.00,     0.00,     0.00,     0.00,     0.00,     0.00,     0.00,     0.00,  -999.99,  -999.99,  -999.99
cty,14113,KS: McPherson County,1981,02,PRCP,     4.67,     0.00,     0.00,     0.00,     0.00,     0.00,     0.00,     0.00,     0.00,     1.08,     0.81,     0.00,     0.00,     0.00,     0.00,     0.00,     0.00,     0.00,     0.00,     0.00,     0.00,     0.01,     0.00,     0.00,     0.00,     0.00,     0.00,     0.00,  -999.99,  -999.99,  -999.99
cty,14115,KS: Marion County,1981,02,PRCP,     4.75,     0.00,     0.00,     0.00,     0.00,     0.00,     0.00,     0.00,     0.00,     1.53,     1.20,     0.00,     0.00,     0.00,     0.00,     0.00,     0.00,     0.00,     0.00,     0.00,     0.00,     0.00,     0.00,     0.00,     0.00,     0.00,     0.00,     0.00,  -999.99,  -999.99,  -999.99
cty,14117,KS: Marshall County,1981,02,PRCP,    11.94,     0.00,     0.00,     0.00,     0.00,     0.00,     0.00,     0.00,     0.00,     0.79,     1.91,     0.00,     0.00,     0.00,     0.00,     0.00,     0.00,     0.00,     0.00,     0.00,     0.00,     0.03,     0.00,     0.00,     0.00,     0.00,     0.12,     0.00,  -999.99,  -999.99,  -999.99
cty,14119,KS: Meade County,1981,02,PRCP,     0.00,     0.00,     0.00,     0.00,     0.00,     0.00,     0.00,     0.00,     0.00,     0.00,     0.00,     0.00,     0.00,     0.00,     0.00,     0.00,     0.00,     0.00,     0.00,     0.00,     0.00,     0.00,     0.00,     0.00,     0.00,     0.00,     0.00,     0.00,  -999.99,  -999.99,  -999.99
cty,14121,KS: Miami County,1981,02,PRCP,    10.78,     0.00,     0.00,     0.00,     0.00,     0.00,     0.00,     0.00,     0.00,    10.37,     0.12,     0.00,     0.00,     0.00,     0.00,     0.00,     0.00,     0.00,     0.00,     0.00,     0.00,     2.30,     0.00,     0.00,     0.00,     0.00,     0.00,     0.00,  -999.99,  -999.99,  -999.99
cty,14123,KS: Mitchell County,1981,02,PRCP,     2.67,     0.00,     0.00,     0.00,     0.00,     0.00,     0.00,     0.00,     0.00,     0.58,     0.59,     0.00,     0.00,     0.00,     0.00,     0.00,     0.00,     0.00,     0.00,     0.00,     0.00,     0.00,     0.00,     0.00,     0.00,     0.00,     0.00,     0.00,  -999.99,  -999.99,  -999.99
cty,14125,KS: Montgomery County,1981,02,PRCP,     7.45,     0.00,     0.00,     0.00,     0.00,     0.32,     0.00,     0.00,     0.00,    10.79,     1.16,     0.00,     0.00,     0.00,     0.00,     0.00,     0.00,     0.00,     0.00,     0.00,     0.00,     2.74,     0.00,     0.00,     0.00,     0.00,     0.00,     0.01,  -999.99,  -999.99,  -999.99
cty,14127,KS: Morris County,1981,02,PRCP,     6.28,     0.00,     0.00,     0.00,     0.00,     0.00,     0.00,     0.00,     0.00,     1.56,     1.31,     0.00,     0.00,     0.00,     0.00,     0.00,     0.00,     0.00,     0.00,     0.00,     0.00,     0.00,     0.00,     0.00,     0.00,     0.00,     0.00,     0.00,  -999.99,  -999.99,  -999.99
cty,14129,KS: Morton County,1981,02,PRCP,     0.02,     0.00,     0.00,     0.00,     0.00,     0.00,     0.00,     0.00,     0.00,     0.01,     0.00,     0.00,     0.00,     0.00,     0.00,     0.00,     0.00,     0.00,     0.00,     0.00,     0.00,     0.00,     0.00,     0.00,     0.00,     0.00,     0.00,     0.00,  -999.99,  -999.99,  -999.99
cty,14131,KS: Nemaha County,1981,02,PRCP,    11.68,     0.00,     0.00,     0.00,     0.00,     0.00,     0.00,     0.00,     0.00,     0.98,     1.91,     0.00,     0.00,     0.00,     0.00,     0.00,     0.00,     0.00,     0.00,     0.00,     0.00,     0.15,     0.00,     0.00,     0.00,     0.00,     0.19,     0.00,  -999.99,  -999.99,  -999.99
cty,14133,KS: Neosho County,1981,02,PRCP,     6.92,     0.00,     0.00,     0.00,     0.02,     0.18,     0.00,     0.00,     0.00,    10.50,     1.07,     0.00,     0.00,     0.00,     0.00,     0.00,     0.00,     0.00,     0.00,     0.00,     0.00,     3.01,     0.00,     0.00,     0.00,     0.00,     0.00,     0.00,  -999.99,  -999.99,  -999.99
cty,14135,KS: Ness County,1981,02,PRCP,     0.13,     0.00,     0.00,     0.00,     0.00,     0.00,     0.00,     0.00,     0.00,     0.00,     0.00,     0.00,     0.00,     0.00,     0.00,     0.00,     0.00,     0.00,     0.00,     0.00,     0.00,     0.00,     0.00,     0.00,     0.00,     0.00,     0.00,     0.00,  -999.99,  -999.99,  -999.99
cty,14137,KS: Norton County,1981,02,PRCP,     2.39,     0.00,     0.00,     0.00,     0.00,     0.00,     0.00,     0.00,     0.00,     0.92,     0.04,     0.00,     0.00,     0.00,     0.00,     0.00,     0.00,     0.00,     0.00,     0.00,     0.00,     0.00,     0.00,     0.00,     0.00,     0.00,     0.00,     0.00,  -999.99,  -999.99,  -999.99
cty,14139,KS: Osage County,1981,02,PRCP,     6.63,     0.00,     0.00,     0.00,     0.00,     0.00,     0.00,     0.00,     0.00,     3.52,     0.73,     0.00,     0.00,     0.00,     0.00,     0.00,     0.00,     0.00,     0.00,     0.00,     0.00,     0.15,     0.00,     0.00,     0.00,     0.00,     0.00,     0.00,  -999.99,  -999.99,  -999.99
cty,14141,KS: Osborne County,1981,02,PRCP,     1.73,     0.00,     0.00,     0.00,     0.00,     0.00,     0.00,     0.00,     0.00,     0.54,     0.30,     0.00,     0.00,     0.00,     0.00,     0.00,     0.00,     0.00,     0.00,     0.00,     0.00,     0.00,     0.00,     0.00,     0.00,     0.00,     0.00,     0.00,  -999.99,  -999.99,  -999.99
cty,14143,KS: Ottawa County,1981,02,PRCP,     4.71,     0.00,     0.00,     0.00,     0.00,     0.00,     0.00,     0.00,     0.00,     0.68,     0.61,     0.00,     0.00,     0.00,     0.00,     0.00,     0.00,     0.00,     0.00,     0.00,     0.00,     0.00,     0.00,     0.00,     0.00,     0.00,     0.00,     0.00,  -999.99,  -999.99,  -999.99
cty,14145,KS: Pawnee County,1981,02,PRCP,     1.58,     0.00,     0.00,     0.00,     0.00,     0.00,     0.00,     0.00,     0.00,     0.00,     0.00,     0.00,     0.00,     0.00,     0.00,     0.00,     0.00,     0.00,     0.00,     0.00,     0.00,     0.00,     0.00,     0.00,     0.00,     0.00,     0.00,     0.00,  -999.99,  -999.99,  -999.99
cty,14147,KS: Phillips County,1981,02,PRCP,     1.13,     0.00,     0.00,     0.00,     0.00,     0.00,     0.00,     0.00,     0.00,     0.86,     0.08,     0.00,     0.00,     0.00,     0.00,     0.00,     0.00,     0.00,     0.00,     0.00,     0.00,     0.00,     0.00,     0.00,     0.00,     0.00,     0.00,     0.00,  -999.99,  -999.99,  -999.99
cty,14149,KS: Pottawatomie County,1981,02,PRCP,    11.45,     0.00,     0.00,     0.00,     0.00,     0.00,     0.00,     0.00,     0.00,     1.38,     1.52,     0.00,     0.00,     0.00,     0.00,     0.00,     0.00,     0.00,     0.00,     0.00,     0.00,     0.00,     0.00,     0.00,     0.00,     0.00,     0.01,     0.00,  -999.99,  -999.99,  -999.99
cty,14151,KS: Pratt County,1981,02,PRCP,     1.03,     0.00,     0.00,     0.00,     0.00,     0.00,     0.00,     0.00,     0.00,     0.00,     0.00,     0.00,     0.00,     0.00,     0.00,     0.00,     0.00,     0.00,     0.00,     0.00,     0.00,     0.00,     0.00,     0.00,     0.00,     0.00,     0.00,     0.00,  -999.99,  -999.99,  -999.99
cty,14153,KS: Rawlins County,1981,02,PRCP,     3.84,     0.00,     0.00,     0.00,     0.00,     0.00,     0.00,     0.00,     0.00,     1.72,     0.00,     0.00,     0.00,     0.00,     0.00,     0.00,     0.00,     0.00,     0.00,     0.00,     0.00,     0.00,     0.00,     0.00,     0.00,     0.00,     0.00,     0.00,  -999.99,  -999.99,  -999.99
cty,14155,KS: Reno County,1981,02,PRCP,     3.91,     0.00,     0.00,     0.00,     0.00,     0.00,     0.00,     0.00,     0.00,     0.46,     0.27,     0.00,     0.00,     0.00,     0.00,     0.00,     0.00,     0.00,     0.00,     0.00,     0.00,     0.00,     0.00,     0.00,     0.00,     0.00,     0.00,     0.00,  -999.99,  -999.99,  -999.99
cty,14157,KS: Republic County,1981,02,PRCP,     4.43,     0.00,     0.00,     0.00,     0.00,     0.00,     0.00,     0.00,     0.00,     0.76,     0.69,     0.00,     0.00,     0.00,     0.00,     0.00,     0.00,     0.00,     0.00,     0.00,     0.00,     0.00,     0.00,     0.00,     0.00,     0.00,     0.00,     0.00,  -999.99,  -999.99,  -999.99
cty,14159,KS: Rice County,1981,02,PRCP,     3.16,     0.00,     0.00,     0.00,     0.00,     0.00,     0.00,     0.00,     0.00,     0.00,     0.10,     0.00,     0.00,     0.00,     0.00,     0.00,     0.00,     0.00,     0.00,     0.00,     0.00,     0.00,     0.00,     0.00,     0.00,     0.00,     0.00,     0.00,  -999.99,  -999.99,  -999.99
cty,14161,KS: Riley County,1981,02,PRCP,    10.86,     0.00,     0.00,     0.00,     0.00,     0.00,     0.00,     0.00,     0.00,     1.31,     1.73,     0.00,     0.00,     0.00,     0.00,     0.00,     0.00,     0.00,     0.00,     0.00,     0.00,     0.00,     0.00,     0.00,     0.00,     0.00,     0.00,     0.00,  -999.99,  -999.99,  -999.99
cty,14163,KS: Rooks County,1981,02,PRCP,     1.70,     0.00,     0.00,     0.00,     0.00,     0.00,     0.00,     0.00,     0.00,     1.06,     0.00,     0.00,     0.00,     0.00,     0.00,     0.00,     0.00,     0.00,     0.00,     0.00,     0.00,     0.00,     0.00,     0.00,     0.00,     0.00,     0.00,     0.00,  -999.99,  -999.99,  -999.99
cty,14165,KS: Rush County,1981,02,PRCP,     1.45,     0.00,     0.00,     0.00,     0.00,     0.00,     0.00,     0.00,     0.00,     0.01,     0.01,     0.00,     0.00,     0.00,     0.00,     0.00,     0.00,     0.00,     0.00,     0.00,     0.00,     0.00,     0.00,     0.00,     0.00,     0.00,     0.00,     0.00,  -999.99,  -999.99,  -999.99
cty,14167,KS: Russell County,1981,02,PRCP,     1.81,     0.00,     0.00,     0.00,     0.00,     0.00,     0.00,     0.00,     0.00,     0.00,     0.00,     0.00,     0.00,     0.00,     0.00,     0.00,     0.00,     0.00,     0.00,     0.00,     0.00,     0.00,     0.00,     0.00,     0.00,     0.00,     0.00,     0.00,  -999.99,  -999.99,  -999.99
cty,14169,KS: Saline County,1981,02,PRCP,     3.40,     0.00,     0.00,     0.00,     0.00,     0.00,     0.00,     0.00,     0.00,     0.65,     0.50,     0.00,     0.00,     0.00,     0.00,     0.00,     0.00,     0.00,     0.00,     0.00,     0.00,     0.00,     0.00,     0.00,     0.00,     0.00,     0.00,     0.00,  -999.99,  -999.99,  -999.99
cty,14171,KS: Scott County,1981,02,PRCP,     0.88,     0.00,     0.00,     0.00,     0.00,     0.00,     0.00,     0.00,     0.00,     1.10,     0.00,     0.00,     0.00,     0.00,     0.00,     0.00,     0.00,     0.00,     0.00,     0.00,     0.00,     0.00,     0.00,     0.00,     0.00,     0.00,     0.00,     0.00,  -999.99,  -999.99,  -999.99
cty,14173,KS: Sedgwick County,1981,02,PRCP,     4.34,     0.00,     0.00,     0.00,     0.00,     0.00,     0.00,     0.00,     0.00,     2.39,     0.73,     0.00,     0.00,     0.00,     0.00,     0.00,     0.00,     0.00,     0.00,     0.00,     0.00,     0.26,     0.00,     0.00,     0.00,     0.00,     0.00,     0.00,  -999.99,  -999.99,  -999.99
cty,14175,KS: Seward County,1981,02,PRCP,     0.00,     0.00,     0.00,     0.00,     0.00,     0.00,     0.00,     0.00,     0.00,     0.32,     0.00,     0.00,     0.00,     0.00,     0.00,     0.00,     0.00,     0.00,     0.00,     0.00,     0.00,     0.00,     0.00,     0.00,     0.00,     0.00,     0.00,     0.00,  -999.99,  -999.99,  -999.99
cty,14177,KS: Shawnee County,1981,02,PRCP,     8.48,     0.00,     0.00,     0.00,     0.00,     0.00,     0.00,     0.00,     0.00,     2.78,     0.73,     0.00,     0.00,     0.00,     0.00,     0.00,     0.00,     0.00,     0.00,     0.00,     0.00,     0.30,     0.00,     0.00,     0.00,     0.00,     0.00,     0.00,  -999.99,  -999.99,  -999.99
cty,14179,KS: Sheridan County,1981,02,PRCP,     2.82,     0.00,     0.00,     0.00,     0.00,     0.00,     0.00,     0.00,     0.00,     1.31,     0.00,     0.00,     0.00,     0.00,     0.00,     0.00,     0.00,     0.00,     0.00,     0.00,     0.00,     0.00,     0.00,     0.00,     0.00,     0.00,     0.00,     0.00,  -999.99,  -999.99,  -999.99
cty,14181,KS: Sherman County,1981,02,PRCP,     0.64,     0.00,     0.00,     0.00,     0.00,     0.00,     0.00,     0.00,     0.00,     0.80,     0.00,     0.00,     0.00,     0.00,     0.00,     0.00,     0.00,     0.00,     0.00,     0.00,     0.00,     0.00,     0.00,     0.00,     0.00,     0.00,     0.00,     0.00,  -999.99,  -999.99,  -999.99
cty,14183,KS: Smith County,1981,02,PRCP,     1.85,     0.00,     0.00,     0.00,     0.00,     0.00,     0.00,     0.00,     0.00,     0.82,     0.77,     0.00,     0.00,     0.00,     0.00,     0.00,     0.00,     0.00,     0.00,     0.00,     0.00,     0.00,     0.00,     0.00,     0.00,     0.00,     0.00,     0.00,  -999.99,  -999.99,  -999.99
cty,14185,KS: Stafford County,1981,02,PRCP,     2.34,     0.00,     0.00,     0.00,     0.00,     0.00,     0.00,     0.00,     0.00,     0.00,     0.00,     0.00,     0.00,     0.00,     0.00,     0.00,     0.00,     0.00,     0.00,     0.00,     0.00,     0.00,     0.00,     0.00,     0.00,     0.00,     0.00,     0.00,  -999.99,  -999.99,  -999.99
cty,14187,KS: Stanton County,1981,02,PRCP,     0.00,     0.00,     0.00,     0.00,     0.00,     0.00,     0.00,     0.00,     0.00,     0.00,     0.00,     0.00,     0.00,     0.00,     0.00,     0.00,     0.00,     0.00,     0.00,     0.00,     0.00,     0.00,     0.00,     0.00,     0.00,     0.00,     0.00,     0.00,  -999.99,  -999.99,  -999.99
cty,14189,KS: Stevens County,1981,02,PRCP,     0.00,     0.00,     0.00,     0.00,     0.00,     0.00,     0.00,     0.00,     0.00,     0.00,     0.00,     0.00,     0.00,     0.00,     0.00,     0.00,     0.00,     0.00,     0.00,     0.00,     0.00,     0.00,     0.00,     0.00,     0.00,     0.00,     0.00,     0.00,  -999.99,  -999.99,  -999.99
cty,14191,KS: Sumner County,1981,02,PRCP,     3.80,     0.00,     0.00,     0.00,     0.00,     0.00,     0.00,     0.00,     0.00,     4.27,     0.62,     0.00,     0.00,     0.00,     0.00,     0.00,     0.00,     0.00,     0.00,     0.00,     0.00,     0.86,     0.00,     0.00,     0.00,     0.00,     0.00,     0.00,  -999.99,  -999.99,  -999.99
cty,14193,KS: Thomas County,1981,02,PRCP,     3.60,     0.00,     0.00,     0.00,     0.00,     0.00,     0.00,     0.00,     0.00,     2.35,     0.00,     0.00,     0.00,     0.00,     0.00,     0.00,     0.00,     0.00,     0.00,     0.00,     0.00,     0.00,     0.00,     0.00,     0.00,     0.00,     0.00,     0.00,  -999.99,  -999.99,  -999.99
cty,14195,KS: Trego County,1981,02,PRCP,     0.99,     0.00,     0.00,     0.00,     0.00,     0.00,     0.00,     0.00,     0.00,     0.32,     0.00,     0.00,     0.00,     0.00,     0.00,     0.00,     0.00,     0.00,     0.00,     0.00,     0.00,     0.00,     0.00,     0.00,     0.00,     0.00,     0.00,     0.00,  -999.99,  -999.99,  -999.99
cty,14197,KS: Wabaunsee County,1981,02,PRCP,     7.19,     0.00,     0.00,     0.00,     0.00,     0.00,     0.00,     0.00,     0.00,     1.67,     0.96,     0.00,     0.00,     0.00,     0.00,     0.00,     0.00,     0.00,     0.00,     0.00,     0.00,     0.01,     0.00,     0.00,     0.00,     0.00,     0.00,     0.00,  -999.99,  -999.99,  -999.99
cty,14199,KS: Wallace County,1981,02,PRCP,     0.69,     0.00,     0.00,     0.00,     0.00,     0.00,     0.00,     0.00,     0.00,     0.83,     0.00,     0.00,     0.00,     0.00,     0.00,     0.00,     0.00,     0.00,     0.00,     0.00,     0.00,     0.00,     0.00,     0.00,     0.00,     0.00,     0.00,     0.00,  -999.99,  -999.99,  -999.99
cty,14201,KS: Washington County,1981,02,PRCP,     7.82,     0.00,     0.00,     0.00,     0.00,     0.00,     0.00,     0.00,     0.00,     0.56,     1.27,     0.00,     0.00,     0.00,     0.00,     0.00,     0.00,     0.00,     0.00,     0.00,     0.00,     0.00,     0.00,     0.00,     0.00,     0.00,     0.02,     0.00,  -999.99,  -999.99,  -999.99
cty,14203,KS: Wichita County,1981,02,PRCP,     0.39,     0.00,     0.00,     0.00,     0.00,     0.00,     0.00,     0.00,     0.00,     0.66,     0.00,     0.00,     0.00,     0.00,     0.00,     0.00,     0.00,     0.00,     0.00,     0.00,     0.00,     0.00,     0.00,     0.00,     0.00,     0.00,     0.00,     0.00,  -999.99,  -999.99,  -999.99
cty,14205,KS: Wilson County,1981,02,PRCP,     5.34,     0.00,     0.00,     0.00,     0.00,     0.03,     0.00,     0.00,     0.00,     6.66,     1.05,     0.00,     0.00,     0.00,     0.00,     0.00,     0.00,     0.00,     0.00,     0.00,     0.00,     1.33,     0.00,     0.00,     0.00,     0.00,     0.00,     0.00,  -999.99,  -999.99,  -999.99
cty,14207,KS: Woodson County,1981,02,PRCP,     4.91,     0.00,     0.00,     0.00,     0.00,     0.00,     0.00,     0.00,     0.00,     4.22,     1.16,     0.00,     0.00,     0.00,     0.00,     0.00,     0.00,     0.00,     0.00,     0.00,     0.00,     0.48,     0.00,     0.00,     0.00,     0.00,     0.00,     0.00,  -999.99,  -999.99,  -999.99
cty,14209,KS: Wyandotte County,1981,02,PRCP,    11.54,     0.00,     0.00,     0.00,     0.00,     0.00,     0.00,     0.00,     0.00,     7.22,     0.21,     0.00,     0.00,     0.00,     0.00,     0.00,     0.00,     0.00,     0.00,     0.00,     0.00,     2.49,     0.00,     0.00,     0.00,     0.00,     0.00,     0.00,  -999.99,  -999.99,  -999.99
cty,15001,KY: Adair County,1981,02,PRCP,     7.76,    52.18,     0.00,     0.00,     0.00,     0.00,     0.00,     6.53,     0.00,     0.05,    17.04,     0.21,     0.00,     0.00,     0.00,     1.35,    30.49,     5.29,    12.58,     3.62,     0.00,     0.00,     3.77,     0.00,     0.00,     0.00,     0.00,     0.00,  -999.99,  -999.99,  -999.99
cty,15003,KY: Allen County,1981,02,PRCP,    16.31,    46.05,     0.00,     0.00,     0.00,     0.00,     0.00,     6.51,     0.00,     1.03,    11.36,     1.73,     0.00,     0.00,     0.00,     1.24,    26.75,     5.07,     5.58,     2.06,     0.00,     0.00,     0.84,     0.00,     0.00,     0.00,     0.00,     0.00,  -999.99,  -999.99,  -999.99
cty,15005,KY: Anderson County,1981,02,PRCP,     7.87,    38.88,     0.00,     0.00,     0.00,     0.00,     0.00,     1.08,     0.00,     0.91,    15.15,     0.95,     0.00,     0.00,     0.00,     0.67,    17.76,     6.01,    11.42,     3.56,     0.00,     0.00,     2.31,     0.33,     0.00,     0.00,     0.00,     0.06,  -999.99,  -999.99,  -999.99
cty,15007,KY: Ballard County,1981,02,PRCP,    24.91,     8.95,     0.00,     0.00,     0.00,     0.00,     0.00,     0.80,     0.00,    16.93,    21.82,     0.00,     0.00,     0.00,     0.00,     2.26,     4.64,     0.00,     0.00,     0.00,     0.00,     3.20,     0.66,     0.00,     0.00,     0.00,     0.00,     5.46,  -999.99,  -999.99,  -999.99
cty,15009,KY: Barren County,1981,02,PRCP,    16.28,    51.37,     0.00,     0.00,     0.00,     0.00,     0.00,     5.76,     0.00,     0.88,    14.52,     1.09,     0.00,     0.00,     0.00,     1.30,    33.77,     5.20,     6.95,     3.07,     0.00,     0.00,     1.18,     0.00,     0.00,     0.00,     0.00,     0.00,  -999.99,  -999.99,  -999.99
cty,15011,KY: Bath County,1981,02,PRCP,     0.24,    55.37,     0.00,     0.00,     0.00,     0.00,     0.00,     4.74,     0.00,     0.00,     7.15,     1.93,     0.00,     0.00,     0.00,     0.00,    17.73,     6.61,     6.63,     5.69,     0.00,     0.00,     7.80,     1.17,     0.00,     0.00,     0.00,     0.00,  -999.99,  -999.99,  -999.99
cty,15013,KY: Bell County,1981,02,PRCP,     0.00,    45.46,     0.94,     0.00,     0.00,     0.00,     0.00,     7.00,     0.03,     0.00,    24.32,     3.23,     0.00,     0.00,     0.00,     0.00,     9.63,     0.77,     4.09,     7.00,     0.00,     0.00,    12.96,     0.41,     0.00,     0.00,     0.00,     0.00,  -999.99,  -999.99,  -999.99
cty,15015,KY: Boone County,1981,02,PRCP,     9.39,    28.58,     0.00,     0.00,     0.00,     0.00,     0.00,     0.00,     0.00,     1.87,    20.26,     2.21,     0.00,     0.00,     0.00,     0.75,     4.74,     0.19,     8.70,     7.52,     0.00,     0.00,     5.73,     0.88,     0.00,     0.00,     0.00,     2.08,  -999.99,  -999.99,  -999.99
cty,15017,KY: Bourbon County,1981,02,PRCP,     3.03,    41.54,     0.00,     0.00,     0.00,     0.00,     0.00,     1.89,     0.00,     0.19,     8.64,     1.89,     0.00,     0.00,     0.00,     0.01,    11.37,     6.57,    10.82,     4.43,     0.00,     0.00,     4.47,     0.46,     0.00,     0.00,     0.00,     0.00,  -999.99,  -999.99,  -999.99
cty,15019,KY: Boyd County,1981,02,PRCP,     0.00,    54.64,     0.43,     0.00,     0.00,     0.00,     0.00,     3.33,     0.00,     0.00,     5.62,     2.28,     0.00,     0.00,     0.00,     0.00,    10.69,     2.78,     1.55,     6.20,     0.00,     0.00,    11.10,     1.95,     0.00,     0.00,     0.00,     0.00,  -999.99,  -999.99,  -999.99
cty,15021,KY: Boyle County,1981,02,PRCP,     5.44,    48.04,     0.00,     0.00,     0.00,     0.00,     0.00,     3.92,     0.00,     0.05,    14.95,     0.80,     0.00,     0.00,     0.00,     1.25,    32.88,     7.58,    12.41,     4.04,     0.00,     0.00,     3.57,     0.28,     0.00,     0.00,     0.00,     0.00,  -999.99,  -999.99,  -999.99
cty,15023,KY: Bracken County,1981,02,PRCP,     3.82,    39.94,     0.00,     0.00,     0.00,     0.00,     0.00,     0.44,     0.00,     0.68,     9.81,     2.74,     0.00,     0.00,     0.00,     0.00,     5.47,     1.64,    12.70,     8.35,     0.00,     0.00,     5.87,     0.79,     0.00,     0.00,     0.00,     0.99,  -999.99,  -999.99,  -999.99
cty,15025,KY: Breathitt County,1981,02,PRCP,     0.00,    54.41,     0.59,     0.00,     0.00,     0.00,     0.00,     7.99,     0.03,     0.00,    10.87,     2.67,     0.00,     0.00,     0.00,     0.00,    16.86,     6.89,     1.93,     6.56,     0.00,     0.00,    11.20,     0.83,     0.00,     0.00,     0.00,     0.00,  -999.99,  -999.99,  -999.99
cty,15027,KY: Breckinridge County,1981,02,PRCP,    12.94,    19.36,     0.00,     0.00,     0.00,     0.00,     0.00,     0.13,     0.00,     3.45,    14.02,     0.27,     0.00,     0.00,     0.00,     1.12,    23.37,     1.36,     0.11,     0.51,     0.00,     0.00,     0.62,     0.87,     0.00,     0.00,     0.00,     0.57,  -999.99,  -999.99,  -999.99
cty,15029,KY: Bullitt County,1981,02,PRCP,    12.51,    31.49,     0.00,     0.00,     0.00,     0.00,     0.00,     0.06,     0.00,     2.63,    15.09,     0.88,     0.00,     0.00,     0.00,     1.05,    18.01,     1.35,     3.35,     1.56,     0.00,     0.00,     1.26,     0.37,     0.00,     0.00,     0.00,     0.37,  -999.99,  -999.99,  -999.99
cty,15031,KY: Butler County,1981,02,PRCP,    19.98,    27.05,     0.00,     0.00,     0.00,     0.00,     0.00,     2.55,     0.00,     1.93,    16.35,     0.42,     0.00,     0.00,     0.00,     0.61,    33.58,     2.49,     0.63,     0.48,     0.00,     0.00,     0.62,     0.15,     0.00,     0.00,     0.00,     0.00,  -999.99,  -999.99,  -999.99
cty,15033,KY: Caldwell County,1981,02,PRCP,    22.61,    13.70,     0.00,     0.00,     0.00,     0.00,     0.00,     2.68,     0.00,     7.35,    18.57,     0.00,     0.00,     0.00,     0.00,     0.03,    20.76,     0.84,     0.00,     0.00,     0.00,     0.95,     1.65,     0.17,     0.00,     0.00,     0.00,     1.57,  -999.99,  -999.99,  -999.99
cty,15035,KY: Calloway County,1981,02,PRCP,    24.62,    12.73,     0.00,     0.00,     0.00,     0.00,     0.00,     3.35,     0.00,     6.89,    16.35,     0.00,     0.00,     0.00,     0.00,     0.05,    17.91,     0.46,     0.06,     0.00,     0.00,     2.05,     0.72,     0.00,     0.00,     0.00,     0.00,     0.91,  -999.99,  -999.99,  -999.99
cty,15037,KY: Campbell County,1981,02,PRCP,     6.53,    30.19,     0.00,     0.00,     0.00,     0.00,     0.00,     0.00,     0.00,     1.11,    14.57,     2.16,     0.00,     0.00,     0.00,     0.41,     4.87,     0.42,    10.15,     8.09,     0.00,     0.00,     5.82,     0.79,     0.00,     0.00,     0.00,     1.60,  -999.99,  -999.99,  -999.99
cty,15039,KY: Carlisle County,1981,02,PRCP,    26.64,     9.27,     0.00,     0.00,     0.00,     0.00,     0.00,     1.33,     0.00,    14.82,    20.83,     0.00,     0.00,     0.00,     0.00,     2.30,     6.23,     0.00,     0.00,     0.00,     0.00,     2.94,     0.50,     0.00,     0.00,     0.00,     0.00,     4.67,  -999.99,  -999.99,  -999.99
cty,15041,KY: Carroll County,1981,02,PRCP,     9.73,    24.37,     0.00,     0.00,     0.00,     0.00,     0.00,     0.00,     0.00,     2.20,    17.88,     1.67,     0.00,     0.00,     0.00,     0.61,     4.10,     0.61,     5.64,     5.22,     0.00,     0.00,     2.46,     0.88,     0.00,     0.00,     0.00,     1.66,  -999.99,  -999.99,  -999.99
cty,15043,KY: Carter County,1981,02,PRCP,     0.00,    53.85,     0.33,     0.00,     0.00,     0.00,     0.00,     3.89,     0.00,     0.00,     6.29,     1.24,     0.00,     0.00,     0.00,     0.00,    12.43,     3.24,     2.79,     5.33,     0.00,     0.00,     8.95,     1.30,     0.00,     0.00,     0.00,     0.00,  -999.99,  -999.99,  -999.99
cty,15045,KY: Casey County,1981,02,PRCP,     5.11,    49.56,     0.00,     0.00,     0.00,     0.00,     0.00,     5.86,     0.02,     0.05,    15.66,     0.44,     0.00,     0.00,     0.00,     1.47,    33.09,     6.07,    11.87,     4.23,     0.00,     0.00,     4.65,     0.19,     0.00,     0.00,     0.00,     0.00,  -999.99,  -999.99,  -999.99
cty,15047,KY: Christian County,1981,02,PRCP,    23.18,    17.63,     0.00,     0.00,     0.00,     0.00,     0.00,     4.30,     0.00,     4.59,    17.02,     0.05,     0.00,     0.00,     0.00,     0.09,    24.68,     0.87,     0.26,     0.00,     0.00,     0.63,     0.98,     0.08,     0.00,     0.00,     0.00,     0.23,  -999.99,  -999.99,  -999.99
cty,15049,KY: Clark County,1981,02,PRCP,     2.19,    49.71,     0.00,     0.00,     0.00,     0.00,     0.00,     3.83,     0.00,     0.00,     9.24,     2.01,     0.00,     0.00,     0.00,     0.00,    20.36,    11.42,    10.31,     3.38,     0.00,     0.00,     5.47,     0.49,     0.00,     0.00,     0.00,     0.00,  -999.99,  -999.99,  -999.99
cty,15051,KY: Clay County,1981,02,PRCP,     0.00,    47.88,     0.69,     0.00,     0.00,     0.00,     0.00,     7.70,     0.00,     0.00,    14.80,     2.90,     0.00,     0.00,     0.00,     0.00,    15.87,     1.63,     3.43,     7.36,     0.00,     0.00,    11.19,     0.11,     0.00,     0.00,     0.00,     0.00,  -999.99,  -999.99,  -999.99
cty,15053,KY: Clinton County,1981,02,PRCP,     4.10,    45.95,     0.00,     0.00,     0.00,     0.00,     0.00,     8.10,     0.00,     0.00,    15.54,     0.45,     0.00,     0.00,     0.00,     0.66,    16.24,     0.99,    11.73,     2.57,     0.00,     0.00,     5.85,     0.00,     0.00,     0.00,     0.00,     0.00,  -999.99,  -999.99,  -999.99
cty,15055,KY: Crittenden County,1981,02,PRCP,    20.02,    10.49,     0.00,     0.00,     0.00,     0.00,     0.00,     1.13,     0.00,    10.05,    18.53,     0.00,     0.00,     0.00,     0.00,     0.41,    12.47,     0.45,     0.00,     0.02,     0.00,     0.85,     1.89,     0.28,     0.00,     0.00,     0.00,     2.67,  -999.99,  -999.99,  -999.99
cty,15057,KY: Cumberland County,1981,02,PRCP,     9.19,    56.30,     0.00,     0.00,     0.00,     0.00,     0.00,     8.29,     0.00,     0.00,    19.15,     0.04,     0.00,     0.00,     0.00,     0.89,    22.46,     2.85,    14.24,     1.34,     0.00,     0.00,     4.48,     0.00,     0.00,     0.00,     0.00,     0.00,  -999.99,  -999.99,  -999.99
cty,15059,KY: Daviess County,1981,02,PRCP,    12.19,    12.57,     0.00,     0.00,     0.00,     0.00,     0.00,     0.12,     0.00,     5.50,    15.28,     0.00,     0.00,     0.00,     0.00,     0.50,    13.57,     0.65,     0.00,     0.01,     0.00,     0.00,     1.02,     1.47,     0.00,     0.00,     0.00,     1.34,  -999.99,  -999.99,  -999.99
cty,15061,KY: Edmonson County,1981,02,PRCP,    18.54,    38.02,     0.00,     0.00,     0.00,     0.00,     0.00,     2.77,     0.00,     1.04,    15.55,     0.69,     0.00,     0.00,     0.00,     1.16,    38.50,     4.27,     1.98,     3.03,     0.00,     0.00,     0.45,     0.00,     0.00,     0.00,     0.00,     0.00,  -999.99,  -999.99,  -999.99
cty,15063,KY: Elliott County,1981,02,PRCP,     0.00,    54.28,     0.37,     0.00,     0.00,     0.00,     0.00,     5.28,     0.00,     0.00,     6.37,     1.47,     0.00,     0.00,     0.00,     0.00,    14.44,     4.70,     2.11,     4.73,     0.00,     0.00,     9.26,     1.35,     0.02,     0.00,     0.00,     0.00,  -999.99,  -999.99,  -999.99
cty,15065,KY: Estill County,1981,02,PRCP,     0.05,    56.08,     0.03,     0.00,     0.00,     0.00,     0.00,     6.93,     0.00,     0.00,     9.08,     1.91,     0.00,     0.00,     0.00,     0.00,    25.07,     7.85,     6.41,     3.74,     0.00,     0.00,     7.71,     0.54,     0.00,     0.00,     0.00,     0.00,  -999.99,  -999.99,  -999.99
cty,15067,KY: Fayette County,1981,02,PRCP,     4.85,    46.85,     0.00,     0.00,     0.00,     0.00,     0.00,     2.40,     0.00,     0.03,    12.49,     1.49,     0.00,     0.00,     0.00,     0.06,    18.29,     9.77,    13.23,     3.86,     0.00,     0.00,     4.17,     0.42,     0.00,     0.00,     0.00,     0.00,  -999.99,  -999.99,  -999.99
cty,15069,KY: Fleming County,1981,02,PRCP,     0.95,    55.31,     0.02,     0.00,     0.00,     0.00,     0.00,     2.95,     0.00,     0.01,     7.66,     2.47,     0.00,     0.00,     0.00,     0.00,    12.49,     4.20,     9.02,     7.56,     0.00,     0.00,     8.04,     1.18,     0.00,     0.00,     0.00,     0.00,  -999.99,  -999.99,  -999.99
cty,15071,KY: Floyd County,1981,02,PRCP,     0.00,    44.29,     0.66,     0.00,     0.00,     0.00,     0.00,     6.74,     0.00,     0.00,     8.72,     3.07,     0.00,     0.00,     0.00,     0.00,    17.10,     5.75,     1.40,     7.85,     0.00,     0.00,    11.82,     0.84,     0.00,     0.00,     0.00,     0.00,  -999.99,  -999.99,  -999.99
cty,15073,KY: Franklin County,1981,02,PRCP,     7.67,    34.72,     0.01,     0.00,     0.00,     0.00,     0.00,     0.57,     0.00,     0.95,    14.21,     1.05,     0.00,     0.00,     0.00,     0.39,     8.90,     3.68,    10.82,     4.10,     0.00,     0.00,     2.29,     0.42,     0.00,     0.00,     0.00,     0.93,  -999.99,  -999.99,  -999.99
cty,15075,KY: Fulton County,1981,02,PRCP,    24.43,     6.62,     0.00,     0.00,     0.00,     0.00,     0.00,     1.41,     0.00,    11.20,    16.24,     0.00,     0.00,     0.00,     0.00,     2.06,     5.82,     0.00,     0.02,     0.00,     0.00,     2.46,     0.00,     0.00,     0.00,     0.00,     0.00,     2.79,  -999.99,  -999.99,  -999.99
cty,15077,KY: Gallatin County,1981,02,PRCP,     8.91,    27.75,     0.00,     0.00,     0.00,     0.00,     0.00,     0.00,     0.00,     1.69,    17.06,     1.77,     0.00,     0.00,     0.00,     0.43,     2.32,     0.35,     8.83,     6.07,     0.00,     0.00,     3.04,     0.73,     0.00,     0.00,     0.00,     2.12,  -999.99,  -999.99,  -999.99
cty,15079,KY: Garrard County,1981,02,PRCP,     3.46,    50.34,     0.00,     0.00,     0.00,     0.00,     0.00,     5.21,     0.00,     0.00,    12.48,     1.08,     0.00,     0.00,     0.00,     0.99,    31.65,     7.68,    11.27,     4.06,     0.00,     0.00,     4.86,     0.33,     0.00,     0.00,     0.00,     0.00,  -999.99,  -999.99,  -999.99
cty,15081,KY: Grant County,1981,02,PRCP,     7.21,    33.55,     0.00,     0.00,     0.00,     0.00,     0.00,     0.00,     0.00,     1.09,    14.70,     1.87,     0.00,     0.00,     0.00,     0.24,     2.94,     0.96,    11.64,     6.40,     0.00,     0.00,     3.49,     0.64,     0.00,     0.00,     0.00,     1.86,  -999.99,  -999.99,  -999.99
cty,15083,KY: Graves County,1981,02,PRCP,    26.02,    10.88,     0.00,     0.00,     0.00,     0.00,     0.00,     2.23,     0.00,    10.64,    19.16,     0.00,     0.00,     0.00,     0.00,     0.87,    11.66,     0.14,     0.00,     0.00,     0.00,     2.34,     0.73,     0.00,     0.00,     0.00,     0.00,     2.69,  -999.99,  -999.99,  -999.99
cty,15085,KY: Grayson County,1981,02,PRCP,    14.93,    26.88,     0.00,     0.00,     0.00,     0.00,     0.00,     1.17,     0.00,     1.59,    14.29,     0.37,     0.00,     0.00,     0.00,     0.95,    33.79,     2.66,     0.55,     1.60,     0.00,     0.00,     0.44,     0.29,     0.00,     0.00,     0.00,     0.01,  -999.99,  -999.99,  -999.99
cty,15087,KY: Green County,1981,02,PRCP,    10.08,    47.88,     0.00,     0.00,     0.00,     0.00,     0.00,     4.35,     0.00,     0.78,    15.11,     0.42,     0.00,     0.00,     0.00,     1.57,    35.66,     6.33,     9.89,     4.61,     0.00,     0.00,     1.88,     0.00,     0.00,     0.00,     0.00,     0.00,  -999.99,  -999.99,  -999.99
cty,15089,KY: Greenup County,1981,02,PRCP,     0.01,    59.79,     0.35,     0.00,     0.00,     0.00,     0.00,     2.62,     0.00,     0.01,     7.22,     1.31,     0.00,     0.00,     0.00,     0.00,    12.21,     2.24,     3.89,     8.52,     0.00,     0.00,    10.37,     1.62,     0.00,     0.00,     0.00,     0.00,  -999.99,  -999.99,  -999.99
cty,15091,KY: Hancock County,1981,02,PRCP,    11.85,    14.06,     0.00,     0.00,     0.00,     0.00,     0.00,     0.00,     0.00,     4.98,    14.50,     0.02,     0.00,     0.00,     0.00,     0.79,    16.57,     0.93,     0.00,     0.00,     0.00,     0.00,     0.73,     1.44,     0.00,     0.00,     0.00,     1.21,  -999.99,  -999.99,  -999.99
cty,15093,KY: Hardin County,1981,02,PRCP,    14.42,    32.78,     0.00,     0.00,     0.00,     0.00,     0.00,     0.60,     0.00,     2.21,    14.86,     0.66,     0.00,     0.00,     0.00,     1.30,    30.34,     1.47,     1.82,     1.17,     0.00,     0.00,     0.79,     0.23,     0.00,     0.00,     0.00,     0.03,  -999.99,  -999.99,  -999.99
cty,15095,KY: Harlan County,1981,02,PRCP,     0.00,    45.68,     1.51,     0.01,     0.00,     0.00,     0.00,     5.88,     0.11,     0.00,    30.42,     4.59,     0.01,     0.00,     0.00,     0.00,    11.28,     2.49,     1.79,    10.71,     0.50,     0.00,    15.06,     0.86,     0.00,     0.00,     0.00,     0.00,  -999.99,  -999.99,  -999.99
cty,15097,KY: Harrison County,1981,02,PRCP,     4.81,    41.94,     0.00,     0.00,     0.00,     0.00,     0.00,     0.79,     0.00,     0.61,    10.89,     2.14,     0.00,     0.00,     0.00,     0.00,     6.86,     3.63,    13.26,     6.39,     0.00,     0.00,     4.59,     0.54,     0.00,     0.00,     0.00,     0.42,  -999.99,  -999.99,  -999.99
cty,15099,KY: Hart County,1981,02,PRCP,    14.48,    42.50,     0.00,     0.00,     0.00,     0.00,     0.00,     2.85,     0.00,     0.95,    14.61,     0.59,     0.00,     0.00,     0.00,     1.36,    36.37,     4.38,     4.68,     3.13,     0.00,     0.00,     0.90,     0.00,     0.00,     0.00,     0.00,     0.00,  -999.99,  -999.99,  -999.99
cty,15101,KY: Henderson County,1981,02,PRCP,    14.53,    10.68,     0.00,     0.00,     0.00,     0.00,     0.00,     0.05,     0.00,     9.87,    19.29,     0.00,     0.00,     0.00,     0.00,     0.75,     9.06,     0.32,     0.00,     0.05,     0.00,     0.00,     2.02,     1.65,     0.00,     0.00,     0.00,     2.32,  -999.99,  -999.99,  -999.99
cty,15103,KY: Henry County,1981,02,PRCP,     8.25,    25.50,     0.00,     0.00,     0.00,     0.00,     0.00,     0.00,     0.00,     1.58,    14.77,     1.29,     0.00,     0.00,     0.00,     0.48,     5.12,     1.28,     6.28,     4.01,     0.00,     0.00,     1.87,     0.60,     0.00,     0.00,     0.00,     1.28,  -999.99,  -999.99,  -999.99
cty,15105,KY: Hickman County,1981,02,PRCP,    26.06,     8.77,     0.00,     0.00,     0.00,     0.00,     0.00,     1.71,     0.00,    12.37,    18.84,     0.00,     0.00,     0.00,     0.00,     2.00,     7.12,     0.00,     0.00,     0.00,     0.00,     2.66,     0.18,     0.00,     0.00,     0.00,     0.00,     3.57,  -999.99,  -999.99,  -999.99
cty,15107,KY: Hopkins County,1981,02,PRCP,    16.76,    12.55,     0.00,     0.00,     0.00,     0.00,     0.00,     1.91,     0.00,     4.94,    15.47,     0.00,     0.00,     0.00,     0.00,     0.10,    16.60,     0.65,     0.00,     0.00,     0.00,     0.21,     1.30,     0.51,     0.00,     0.00,     0.00,     1.13,  -999.99,  -999.99,  -999.99
cty,15109,KY: Jackson County,1981,02,PRCP,     0.00,    57.00,     0.32,     0.00,     0.00,     0.00,     0.00,     7.99,     0.00,     0.00,    13.03,     2.15,     0.00,     0.00,     0.00,     0.00,    26.92,     5.26,     6.24,     5.14,     0.00,     0.00,     9.69,     0.40,     0.00,     0.00,     0.00,     0.00,  -999.99,  -999.99,  -999.99
cty,15111,KY: Jefferson County,1981,02,PRCP,    12.25,    27.83,     0.00,     0.00,     0.00,     0.00,     0.00,     0.00,     0.00,     3.31,    17.16,     1.02,     0.00,     0.00,     0.00,     1.01,     9.99,     1.44,     2.68,     2.86,     0.00,     0.00,     1.71,     0.75,     0.00,     0.00,     0.00,     1.19,  -999.99,  -999.99,  -999.99
cty,15113,KY: Jessamine County,1981,02,PRCP,     4.81,    47.42,     0.01,     0.00,     0.00,     0.00,     0.00,     3.08,     0.00,     0.00,    13.19,     1.13,     0.00,     0.00,     0.00,     0.49,    24.07,     9.84,    12.92,     3.61,     0.00,     0.00,     3.96,     0.36,     0.00,     0.00,     0.00,     0.00,  -999.99,  -999.99,  -999.99
cty,15115,KY: Johnson County,1981,02,PRCP,     0.00,    49.46,     0.48,     0.00,     0.00,     0.00,     0.00,     6.18,     0.00,     0.00,     6.36,     2.29,     0.00,     0.00,     0.00,     0.00,    14.77,     5.42,     1.15,     5.31,     0.00,     0.00,    10.71,     1.36,     0.00,     0.00,     0.00,     0.00,  -999.99,  -999.99,  -999.99
cty,15117,KY: Kenton County,1981,02,PRCP,     7.76,    31.11,     0.00,     0.00,     0.00,     0.00,     0.00,     0.00,     0.00,     1.35,    17.23,     2.26,     0.00,     0.00,     0.00,     0.52,     4.62,     0.34,    10.33,     7.92,     0.00,     0.00,     5.83,     0.81,     0.00,     0.00,     0.00,     1.90,  -999.99,  -999.99,  -999.99
cty,15119,KY: Knott County,1981,02,PRCP,     0.00,    41.44,     0.78,     0.00,     0.00,     0.00,     0.00,     6.30,     0.01,     0.00,    12.77,     3.03,     0.00,     0.00,     0.00,     0.00,    13.84,     4.67,     1.74,     8.98,     0.00,     0.00,    11.41,     0.49,     0.00,     0.00,     0.00,     0.00,  -999.99,  -999.99,  -999.99
cty,15121,KY: Knox County,1981,02,PRCP,     0.00,    45.16,     0.91,     0.00,     0.00,     0.00,     0.00,     7.85,     0.00,     0.00,    17.54,     3.29,     0.00,     0.00,     0.00,     0.00,    12.39,     0.26,     5.35,     7.37,     0.00,     0.00,    11.80,     0.04,     0.00,     0.00,     0.00,     0.00,  -999.99,  -999.99,  -999.99
cty,15123,KY: Larue County,1981,02,PRCP,    12.02,    40.31,     0.00,     0.00,     0.00,     0.00,     0.00,     1.71,     0.00,     1.26,    14.43,     0.64,     0.00,     0.00,     0.00,     1.30,    33.74,     3.18,     5.74,     2.12,     0.00,     0.00,     1.13,     0.00,     0.00,     0.00,     0.00,     0.00,  -999.99,  -999.99,  -999.99
cty,15125,KY: Laurel County,1981,02,PRCP,     0.05,    50.32,     0.72,     0.00,     0.00,     0.00,     0.00,     8.29,     0.00,     0.02,    15.41,     1.63,     0.00,     0.00,     0.00,     0.31,    21.81,     2.36,     7.86,     6.05,     0.00,     0.00,    10.80,     0.15,     0.00,     0.00,     0.00,     0.00,  -999.99,  -999.99,  -999.99
cty,15127,KY: Lawrence County,1981,02,PRCP,     0.00,    52.51,     0.49,     0.00,     0.00,     0.00,     0.00,     5.12,     0.01,     0.00,     5.73,     2.64,     0.00,     0.00,     0.00,     0.00,    12.76,     4.19,     1.16,     5.17,     0.00,     0.00,    11.30,     1.69,     0.00,     0.00,     0.00,     0.00,  -999.99,  -999.99,  -999.99
cty,15129,KY: Lee County,1981,02,PRCP,     0.00,    55.38,     0.27,     0.00,     0.00,     0.00,     0.00,     7.68,     0.00,     0.00,     9.65,     2.00,     0.00,     0.00,     0.00,     0.00,    22.22,     6.96,     3.74,     4.55,     0.00,     0.00,     9.30,     0.69,     0.00,     0.00,     0.00,     0.00,  -999.99,  -999.99,  -999.99
cty,15131,KY: Leslie County,1981,02,PRCP,     0.00,    42.99,     0.87,     0.00,     0.00,     0.00,     0.00,     6.47,     0.01,     0.00,    17.53,     3.14,     0.00,     0.00,     0.00,     0.00,    11.05,     1.73,     2.28,     9.83,     0.03,     0.00,    11.61,     0.05,     0.00,     0.00,     0.00,     0.00,  -999.99,  -999.99,  -999.99
cty,15133,KY: Letcher County,1981,02,PRCP,     0.00,    36.84,     1.07,     0.00,     0.00,     0.00,     0.00,     5.02,     0.14,     0.01,    18.43,     5.34,     0.00,     0.00,     0.00,     0.00,    12.73,     3.70,     2.64,    12.85,     0.09,     0.00,    12.51,     0.19,     0.00,     0.00,     0.00,     0.00,  -999.99,  -999.99,  -999.99
cty,15135,KY: Lewis County,1981,02,PRCP,     0.40,    60.26,     0.21,     0.00,     0.00,     0.00,     0.00,     2.59,     0.00,     0.09,     8.12,     2.03,     0.00,     0.00,     0.00,     0.00,    12.50,     2.37,     8.01,     9.23,     0.00,     0.00,     9.39,     1.44,     0.00,     0.00,     0.00,     0.03,  -999.99,  -999.99,  -999.99
cty,15137,KY: Lincoln County,1981,02,PRCP,     3.26,    47.48,     0.00,     0.00,     0.00,     0.00,     0.00,     5.91,     0.00,     0.00,    13.04,     0.70,     0.00,     0.00,     0.00,     1.47,    34.20,     5.73,    10.09,     4.20,     0.00,     0.00,     4.91,     0.34,     0.00,     0.00,     0.00,     0.00,  -999.99,  -999.99,  -999.99
cty,15139,KY: Livingston County,1981,02,PRCP,    20.55,     9.61,     0.00,     0.00,     0.00,     0.00,     0.00,     1.00,     0.00,    11.19,    18.11,     0.00,     0.00,     0.00,     0.00,     0.71,    10.59,     0.20,     0.00,     0.00,     0.00,     1.17,     1.58,     0.00,     0.00,     0.00,     0.00,     3.33,  -999.99,  -999.99,  -999.99
cty,15141,KY: Logan County,1981,02,PRCP,    20.39,    27.05,     0.00,     0.00,     0.00,     0.00,     0.00,     4.35,     0.00,     2.29,    16.14,     0.42,     0.00,     0.00,     0.00,     0.96,    29.58,     1.58,     1.50,     0.10,     0.00,     0.00,     0.85,     0.00,     0.00,     0.00,     0.00,     0.00,  -999.99,  -999.99,  -999.99
cty,15143,KY: Lyon County,1981,02,PRCP,    23.71,    12.77,     0.00,     0.00,     0.00,     0.00,     0.00,     2.50,     0.00,     8.37,    17.97,     0.00,     0.00,     0.00,     0.00,     0.07,    20.71,     0.82,     0.01,     0.00,     0.00,     1.34,     1.48,     0.00,     0.00,     0.00,     0.00,     1.65,  -999.99,  -999.99,  -999.99
cty,15145,KY: McCracken County,1981,02,PRCP,    22.07,     8.96,     0.00,     0.00,     0.00,     0.00,     0.00,     0.95,     0.00,    13.08,    18.88,     0.00,     0.00,     0.00,     0.00,     1.36,     7.07,     0.01,     0.00,     0.00,     0.00,     1.98,     0.93,     0.00,     0.00,     0.00,     0.00,     4.20,  -999.99,  -999.99,  -999.99
cty,15147,KY: McCreary County,1981,02,PRCP,     0.23,    43.11,     1.12,     0.00,     0.00,     0.00,     0.00,     7.78,     0.00,     0.05,    16.19,     0.77,     0.00,     0.00,     0.00,     0.78,    11.97,     0.51,     8.23,     5.73,     0.00,     0.00,     9.89,     0.01,     0.00,     0.00,     0.00,     0.00,  -999.99,  -999.99,  -999.99
cty,15149,KY: McLean County,1981,02,PRCP,    13.97,    12.88,     0.00,     0.00,     0.00,     0.00,     0.00,     0.89,     0.00,     4.80,    15.39,     0.02,     0.00,     0.00,     0.00,     0.27,    14.88,     0.66,     0.01,     0.02,     0.00,     0.00,     1.12,     0.99,     0.00,     0.00,     0.00,     1.13,  -999.99,  -999.99,  -999.99
cty,15151,KY: Madison County,1981,02,PRCP,     2.12,    55.75,     0.02,     0.00,     0.00,     0.00,     0.00,     5.88,     0.00,     0.01,    11.04,     1.80,     0.00,     0.00,     0.00,     0.13,    29.36,    10.18,    10.84,     3.79,     0.00,     0.00,     6.14,     0.36,     0.00,     0.00,     0.00,     0.00,  -999.99,  -999.99,  -999.99
cty,15153,KY: Magoffin County,1981,02,PRCP,     0.00,    50.57,     0.51,     0.00,     0.00,     0.00,     0.00,     7.08,     0.00,     0.00,     7.91,     2.23,     0.00,     0.00,     0.00,     0.00,    16.04,     6.56,     1.38,     5.79,     0.00,     0.00,    10.26,     1.14,     0.00,     0.00,     0.00,     0.00,  -999.99,  -999.99,  -999.99
cty,15155,KY: Marion County,1981,02,PRCP,     8.50,    45.24,     0.00,     0.00,     0.00,     0.00,     0.00,     2.96,     0.00,     0.91,    15.46,     0.68,     0.00,     0.00,     0.00,     1.34,    34.12,     7.48,    12.04,     3.66,     0.00,     0.00,     2.25,     0.04,     0.00,     0.00,     0.00,     0.00,  -999.99,  -999.99,  -999.99
cty,15157,KY: Marshall County,1981,02,PRCP,    23.83,    11.47,     0.00,     0.00,     0.00,     0.00,     0.00,     2.22,     0.00,     9.14,    17.53,     0.00,     0.00,     0.00,     0.00,     0.33,    15.56,     0.41,     0.00,     0.00,     0.00,     1.68,     1.08,     0.00,     0.00,     0.00,     0.00,     2.14,  -999.99,  -999.99,  -999.99
cty,15159,KY: Martin County,1981,02,PRCP,     0.00,    44.37,     0.77,     0.00,     0.00,     0.00,     0.00,     5.39,     0.00,     0.00,     5.93,     4.67,     0.00,     0.00,     0.00,     0.00,    14.20,     4.06,     1.17,     7.18,     0.00,     0.00,    13.21,     1.75,     0.00,     0.00,     0.00,     0.00,  -999.99,  -999.99,  -999.99
cty,15161,KY: Mason County,1981,02,PRCP,     2.58,    51.22,     0.00,     0.00,     0.00,     0.00,     0.00,     1.19,     0.00,     0.60,     8.97,     3.06,     0.00,     0.00,     0.00,     0.00,     8.27,     2.41,    12.83,     9.39,     0.00,     0.00,     7.58,     1.05,     0.00,     0.00,     0.00,     0.32,  -999.99,  -999.99,  -999.99
cty,15163,KY: Meade County,1981,02,PRCP,    15.56,    24.47,     0.00,     0.00,     0.00,     0.00,     0.00,     0.00,     0.00,     5.01,    17.19,     0.55,     0.00,     0.00,     0.00,     1.96,    21.99,     1.09,     0.38,     0.80,     0.00,     0.00,     1.04,     1.13,     0.00,     0.00,     0.00,     1.03,  -999.99,  -999.99,  -999.99
cty,15165,KY: Menifee County,1981,02,PRCP,     0.00,    55.01,     0.32,     0.00,     0.00,     0.00,     0.00,     6.74,     0.00,     0.00,     7.04,     1.52,     0.00,     0.00,     0.00,     0.01,    22.27,     7.00,     3.19,     4.90,     0.00,     0.00,     8.57,     1.45,     0.00,     0.00,     0.00,     0.00,  -999.99,  -999.99,  -999.99
cty,15167,KY: Mercer County,1981,02,PRCP,     6.21,    43.90,     0.00,     0.00,     0.00,     0.00,     0.00,     2.42,     0.00,     0.24,    14.59,     0.84,     0.00,     0.00,     0.00,     0.87,    25.49,     7.64,    12.42,     3.68,     0.00,     0.00,     2.96,     0.29,     0.00,     0.00,     0.00,     0.00,  -999.99,  -999.99,  -999.99
cty,15169,KY: Metcalfe County,1981,02,PRCP,    11.75,    54.74,     0.00,     0.00,     0.00,     0.00,     0.00,     6.48,     0.00,     0.30,    17.07,     0.38,     0.00,     0.00,     0.00,     1.30,    31.31,     4.77,    10.76,     2.91,     0.00,     0.00,     2.47,     0.00,     0.00,     0.00,     0.00,     0.00,  -999.99,  -999.99,  -999.99
cty,15171,KY: Monroe County,1981,02,PRCP,    12.62,    58.63,     0.00,     0.00,     0.00,     0.00,     0.00,     8.03,     0.00,     0.30,    17.64,     0.39,     0.00,     0.00,     0.00,     1.05,    24.81,     3.64,    12.40,     1.86,     0.00,     0.00,     2.75,     0.00,     0.00,     0.00,     0.00,     0.00,  -999.99,  -999.99,  -999.99
cty,15173,KY: Montgomery County,1981,02,PRCP,     0.66,    53.56,     0.00,     0.00,     0.00,     0.00,     0.00,     4.61,     0.00,     0.00,     8.02,     2.01,     0.00,     0.00,     0.00,     0.00,    19.22,     8.43,     7.89,     4.64,     0.00,     0.00,     6.95,     0.88,     0.00,     0.00,     0.00,     0.00,  -999.99,  -999.99,  -999.99
cty,15175,KY: Morgan County,1981,02,PRCP,     0.00,    54.62,     0.42,     0.00,     0.00,     0.00,     0.00,     6.56,     0.00,     0.00,     6.96,     1.80,     0.00,     0.00,     0.00,     0.00,    17.23,     6.46,     2.10,     5.01,     0.00,     0.00,     9.46,     1.36,     0.00,     0.00,     0.00,     0.00,  -999.99,  -999.99,  -999.99
cty,15177,KY: Muhlenberg County,1981,02,PRCP,    19.15,    18.90,     0.00,     0.00,     0.00,     0.00,     0.00,     2.51,     0.00,     3.32,    16.94,     0.11,     0.00,     0.00,     0.00,     0.26,    24.84,     1.13,     0.20,     0.00,     0.00,     0.00,     0.98,     0.44,     0.00,     0.00,     0.00,     0.13,  -999.99,  -999.99,  -999.99
cty,15179,KY: Nelson County,1981,02,PRCP,    10.98,    38.28,     0.00,     0.00,     0.00,     0.00,     0.00,     1.03,     0.00,     1.59,    15.08,     0.87,     0.00,     0.00,     0.00,     1.06,    25.88,     4.01,     7.91,     2.21,     0.00,     0.00,     1.44,     0.14,     0.00,     0.00,     0.00,     0.00,  -999.99,  -999.99,  -999.99
cty,15181,KY: Nicholas County,1981,02,PRCP,     2.39,    46.03,     0.03,     0.00,     0.00,     0.00,     0.00,     1.93,     0.00,     0.34,     8.00,     2.67,     0.00,     0.00,     0.00,     0.00,     9.23,     4.96,    11.27,     6.47,     0.00,     0.00,     5.95,     0.66,     0.00,     0.00,     0.00,     0.00,  -999.99,  -999.99,  -999.99
cty,15183,KY: Ohio County,1981,02,PRCP,    17.01,    20.03,     0.00,     0.00,     0.00,     0.00,     0.00,     1.15,     0.00,     3.36,    16.96,     0.01,     0.00,     0.00,     0.00,     0.28,    26.13,     1.62,     0.08,     0.01,     0.00,     0.00,     0.78,     0.83,     0.00,     0.00,     0.00,     0.37,  -999.99,  -999.99,  -999.99
cty,15185,KY: Oldham County,1981,02,PRCP,    11.79,    26.66,     0.00,     0.00,     0.00,     0.00,     0.00,     0.00,     0.00,     3.02,    18.63,     1.47,     0.00,     0.00,     0.00,     0.92,     7.65,     1.31,     3.98,     4.11,     0.00,     0.00,     1.92,     0.95,     0.00,     0.00,     0.00,     1.39,  -999.99,  -999.99,  -999.99
cty,15187,KY: Owen County,1981,02,PRCP,     7.35,    28.85,     0.00,     0.00,     0.00,     0.00,     0.00,     0.05,     0.00,     1.14,    13.82,     1.36,     0.00,     0.00,     0.00,     0.27,     2.93,     1.19,     9.55,     4.80,     0.00,     0.00,     2.18,     0.56,     0.00,     0.00,     0.00,     1.59,  -999.99,  -999.99,  -999.99
cty,15189,KY: Owsley County,1981,02,PRCP,     0.00,    52.69,     0.52,     0.00,     0.00,     0.00,     0.00,     7.82,     0.00,     0.00,    11.61,     2.30,     0.00,     0.00,     0.00,     0.00,    19.66,     4.77,     3.22,     5.70,     0.00,     0.00,    10.20,     0.41,     0.00,     0.00,     0.00,     0.00,  -999.99,  -999.99,  -999.99
cty,15191,KY: Pendleton County,1981,02,PRCP,     4.97,    33.31,     0.00,     0.00,     0.00,     0.00,     0.00,     0.03,     0.00,     0.73,    10.84,     2.03,     0.00,     0.00,     0.00,     0.07,     4.07,     1.25,    11.30,     6.75,     0.00,     0.00,     4.44,     0.58,     0.00,     0.00,     0.00,     1.26,  -999.99,  -999.99,  -999.99
cty,15193,KY: Perry County,1981,02,PRCP,     0.00,    43.58,     0.76,     0.00,     0.00,     0.00,     0.00,     6.57,     0.06,     0.00,    14.87,     2.72,     0.00,     0.00,     0.00,     0.00,    11.92,     3.45,     2.19,     9.29,     0.02,     0.00,    11.32,     0.26,     0.00,     0.00,     0.00,     0.00,  -999.99,  -999.99,  -999.99
cty,15195,KY: Pike County,1981,02,PRCP,     0.00,    34.44,     1.02,     0.00,     0.00,     0.00,     0.00,     5.27,     0.11,     0.02,     9.02,     6.69,     0.00,     0.00,     0.00,     0.00,    16.07,     4.71,     1.40,    10.94,     0.09,     0.00,    13.41,     0.96,     0.00,     0.00,     0.00,     0.00,  -999.99,  -999.99,  -999.99
cty,15197,KY: Powell County,1981,02,PRCP,     0.00,    55.74,     0.07,     0.00,     0.00,     0.00,     0.00,     6.60,     0.00,     0.00,     8.24,     1.80,     0.00,     0.00,     0.00,     0.00,    23.32,     8.46,     5.47,     4.14,     0.00,     0.00,     7.99,     0.96,     0.00,     0.00,     0.00,     0.00,  -999.99,  -999.99,  -999.99
cty,15199,KY: Pulaski County,1981,02,PRCP,     2.38,    49.41,     0.07,     0.00,     0.00,     0.00,     0.00,     7.96,     0.00,     0.00,    14.76,     0.40,     0.00,     0.00,     0.00,     1.34,    26.17,     3.29,     9.85,     4.79,     0.00,     0.00,     7.81,     0.11,     0.00,     0.00,     0.00,     0.00,  -999.99,  -999.99,  -999.99
cty,15201,KY: Robertson County,1981,02,PRCP,     3.19,    44.88,     0.00,     0.00,     0.00,     0.00,     0.00,     1.03,     0.00,     0.57,     8.86,     3.03,     0.00,     0.00,     0.00,     0.00,     6.41,     3.03,    13.18,     8.10,     0.00,     0.00,     6.04,     0.68,     0.00,     0.00,     0.00,     0.00,  -999.99,  -999.99,  -999.99
cty,15203,KY: Rockcastle County,1981,02,PRCP,     1.02,    49.04,     0.00,     0.00,     0.00,     0.00,     0.00,     7.19,     0.00,     0.00,    12.17,     1.19,     0.00,     0.00,     0.00,     0.69,    28.66,     4.58,     8.39,     4.58,     0.00,     0.00,     7.42,     0.33,     0.00,     0.00,     0.00,     0.00,  -999.99,  -999.99,  -999.99
cty,15205,KY: Rowan County,1981,02,PRCP,     0.00,    57.32,     0.29,     0.00,     0.00,     0.00,     0.00,     4.84,     0.00,     0.00,     7.07,     1.78,     0.00,     0.00,     0.00,     0.00,    16.40,     5.01,     4.49,     6.01,     0.00,     0.00,     8.99,     1.49,     0.00,     0.00,     0.00,     0.00,  -999.99,  -999.99,  -999.99
cty,15207,KY: Russell County,1981,02,PRCP,     5.01,    48.34,     0.00,     0.00,     0.00,     0.00,     0.00,     7.31,     0.00,     0.00,    15.66,     0.27,     0.00,     0.00,     0.00,     1.09,    23.72,     3.02,    11.07,     3.20,     0.00,     0.00,     5.14,     0.00,     0.00,     0.00,     0.00,     0.00,  -999.99,  -999.99,  -999.99
cty,15209,KY: Scott County,1981,02,PRCP,     6.70,    40.48,     0.00,     0.00,     0.00,     0.00,     0.00,     0.95,     0.03,     0.69,    13.33,     1.30,     0.00,     0.00,     0.00,     0.15,     8.86,     4.51,    13.14,     4.99,     0.00,     0.00,     3.33,     0.48,     0.00,     0.00,     0.00,     0.42,  -999.99,  -999.99,  -999.99
cty,15211,KY: Shelby County,1981,02,PRCP,     8.51,    29.48,     0.00,     0.00,     0.00,     0.00,     0.00,     0.19,     0.00,     1.45,    14.87,     1.05,     0.00,     0.00,     0.00,     0.58,     9.77,     2.81,     7.14,     3.37,     0.00,     0.00,     1.84,     0.47,     0.00,     0.00,     0.00,     0.74,  -999.99,  -999.99,  -999.99
cty,15213,KY: Simpson County,1981,02,PRCP,    18.74,    34.57,     0.00,     0.00,     0.00,     0.00,     0.00,     5.19,     0.00,     1.57,    13.08,     0.87,     0.00,     0.00,     0.00,     1.48,    27.34,     2.65,     3.23,     1.10,     0.00,     0.00,     0.72,     0.00,     0.00,     0.00,     0.00,     0.00,  -999.99,  -999.99,  -999.99
cty,15215,KY: Spencer County,1981,02,PRCP,     8.97,    30.51,     0.00,     0.00,     0.00,     0.00,     0.00,     0.46,     0.00,     1.49,    14.14,     0.87,     0.00,     0.00,     0.00,     0.72,    14.30,     3.52,     6.92,     2.67,     0.00,     0.00,     1.56,     0.33,     0.00,     0.00,     0.00,     0.11,  -999.99,  -999.99,  -999.99
cty,15217,KY: Taylor County,1981,02,PRCP,     8.58,    50.56,     0.00,     0.00,     0.00,     0.00,     0.00,     4.58,     0.00,     0.75,    16.57,     0.47,     0.00,     0.00,     0.00,     1.60,    37.02,     7.50,    12.53,     4.79,     0.00,     0.00,     2.75,     0.01,     0.00,     0.00,     0.00,     0.00,  -999.99,  -999.99,  -999.99
cty,15219,KY: Todd County,1981,02,PRCP,    22.26,    22.22,     0.00,     0.00,     0.00,     0.00,     0.00,     4.55,     0.00,     3.47,    17.21,     0.26,     0.00,     0.00,     0.00,     0.48,    26.92,     1.01,     0.74,     0.00,     0.00,     0.10,     0.89,     0.00,     0.00,     0.00,     0.00,     0.00,  -999.99,  -999.99,  -999.99
cty,15221,KY: Trigg County,1981,02,PRCP,    23.62,    14.45,     0.00,     0.00,     0.00,     0.00,     0.00,     3.98,     0.00,     5.69,    15.71,     0.00,     0.00,     0.00,     0.00,     0.00,    23.39,     0.87,     0.16,     0.00,     0.00,     1.28,     0.96,     0.00,     0.00,     0.00,     0.00,     0.59,  -999.99,  -999.99,  -999.99
cty,15223,KY: Trimble County,1981,02,PRCP,    11.32,    23.72,     0.00,     0.00,     0.00,     0.00,     0.00,     0.00,     0.00,     2.95,    19.73,     1.82,     0.00,     0.00,     0.00,     0.85,     5.78,     0.73,     3.85,     4.99,     0.00,     0.00,     2.22,     1.12,     0.00,     0.00,     0.00,     1.55,  -999.99,  -999.99,  -999.99
cty,15225,KY: Union County,1981,02,PRCP,    16.56,     8.87,     0.00,     0.00,     0.00,     0.00,     0.00,     0.25,     0.00,    10.40,    17.95,     0.00,     0.00,     0.00,     0.00,     0.58,     8.44,     0.33,     0.01,     0.10,     0.00,     0.36,     2.04,     0.70,     0.00,     0.00,     0.00,     2.52,  -999.99,  -999.99,  -999.99
cty,15227,KY: Warren County,1981,02,PRCP,    20.76,    38.55,     0.00,     0.00,     0.00,     0.00,     0.00,     4.35,     0.00,     1.32,    14.70,     0.99,     0.00,     0.00,     0.00,     1.15,    35.12,     4.21,     2.41,     1.83,     0.00,     0.00,     0.59,     0.00,     0.00,     0.00,     0.00,     0.00,  -999.99,  -999.99,  -999.99
cty,15229,KY: Washington County,1981,02,PRCP,     8.47,    42.43,     0.00,     0.00,     0.00,     0.00,     0.00,     1.90,     0.00,     1.02,    15.63,     0.91,     0.00,     0.00,     0.00,     1.06,    28.89,     7.96,    12.52,     3.31,     0.00,     0.00,     2.13,     0.17,     0.00,     0.00,     0.00,     0.00,  -999.99,  -999.99,  -999.99
cty,15231,KY: Wayne County,1981,02,PRCP,     2.16,    44.12,     0.00,     0.00,     0.00,     0.00,     0.00,     7.87,     0.00,     0.00,    14.79,     0.45,     0.00,     0.00,     0.00,     0.84,    15.33,     0.93,     8.28,     3.86,     0.00,     0.00,     7.26,     0.00,     0.00,     0.00,     0.00,     0.00,  -999.99,  -999.99,  -999.99
cty,15233,KY: Webster County,1981,02,PRCP,    16.50,    11.18,     0.00,     0.00,     0.00,     0.00,     0.00,     1.04,     0.01,     7.54,    17.39,     0.00,     0.00,     0.00,     0.00,     0.22,    12.63,     0.49,     0.00,     0.02,     0.00,     0.11,     1.80,     0.80,     0.00,     0.00,     0.00,     1.85,  -999.99,  -999.99,  -999.99
cty,15235,KY: Whitley County,1981,02,PRCP,     0.03,    45.40,     1.09,     0.00,     0.00,     0.00,     0.00,     8.04,     0.00,     0.01,    18.11,     1.89,     0.00,     0.00,     0.00,     0.40,    12.11,     0.44,     8.02,     6.80,     0.00,     0.00,    11.48,     0.00,     0.00,     0.00,     0.00,     0.00,  -999.99,  -999.99,  -999.99
cty,15237,KY: Wolfe County,1981,02,PRCP,     0.00,    55.97,     0.48,     0.00,     0.00,     0.00,     0.00,     7.41,     0.00,     0.00,     8.81,     2.05,     0.00,     0.00,     0.00,     0.00,    20.44,     7.85,     2.58,     4.98,     0.00,     0.00,     9.75,     1.21,     0.00,     0.00,     0.00,     0.00,  -999.99,  -999.99,  -999.99
cty,15239,KY: Woodford County,1981,02,PRCP,     6.82,    42.86,     0.00,     0.00,     0.00,     0.00,     0.00,     1.58,     0.00,     0.45,    14.51,     0.99,     0.00,     0.00,     0.00,     0.50,    16.94,     6.90,    13.05,     4.06,     0.00,     0.00,     3.06,     0.39,     0.00,     0.00,     0.00,     0.00,  -999.99,  -999.99,  -999.99
cty,16001,LA: Acadia Parish,1981,02,PRCP,     1.47,    23.75,     0.00,     0.00,     1.31,    62.33,     0.00,     0.00,     0.00,    13.65,     6.28,     0.00,     0.00,     0.00,     2.46,     0.44,     0.00,     0.00,     1.94,     0.00,     0.00,     4.85,     0.00,     0.00,     0.00,     0.00,     0.00,     0.00,  -999.99,  -999.99,  -999.99
cty,16003,LA: Allen Parish,1981,02,PRCP,     5.51,    19.14,     0.00,     0.00,     1.33,    29.92,     0.00,     0.00,     0.00,     8.27,     1.32,     0.00,     0.00,     0.00,     0.10,     0.03,     0.01,     0.00,     0.00,     0.00,     0.00,     4.83,     0.00,     0.00,     0.00,     0.00,     0.00,     0.00,  -999.99,  -999.99,  -999.99
cty,16005,LA: Ascension Parish,1981,02,PRCP,     0.21,    25.66,     0.00,     0.00,     0.00,    65.60,     0.00,     0.04,     0.00,    49.06,    27.97,     0.00,     0.00,     0.00,     6.99,    14.89,     0.98,     0.02,     0.07,     0.00,     0.00,     3.54,     0.00,     0.00,     0.00,     0.00,     0.00,     0.00,  -999.99,  -999.99,  -999.99
cty,16007,LA: Assumption Parish,1981,02,PRCP,     0.00,    25.78,     0.00,     0.00,     0.00,    64.18,     0.01,     0.00,     0.00,    48.16,    34.15,     0.00,     0.03,     0.00,    10.29,    10.97,     0.27,     0.00,     0.20,     0.00,     0.01,     2.77,     0.05,     0.00,     0.00,     0.00,     0.00,     0.00,  -999.99,  -999.99,  -999.99
cty,16009,LA: Avoyelles Parish,1981,02,PRCP,     4.37,    22.48,     0.00,     0.00,     0.28,    26.51,     0.00,     0.15,     0.00,    10.18,     2.66,     0.00,     0.00,     0.00,     2.21,     2.72,     0.71,     0.00,     0.00,     0.00,     0.00,     4.96,     0.00,     0.00,     0.00,     0.00,     0.00,     0.00,  -999.99,  -999.99,  -999.99
cty,16011,LA: Beauregard Parish,1981,02,PRCP,    15.04,    17.31,     0.00,     0.00,     2.44,    33.17,     0.00,     0.00,     0.00,     8.97,     0.18,     0.00,     0.00,     0.00,     0.00,     0.00,     0.00,     0.00,     0.00,     0.00,     0.00,     7.04,     0.00,     0.00,     0.00,     0.00,     0.00,     0.00,  -999.99,  -999.99,  -999.99
cty,16013,LA: Bienville Parish,1981,02,PRCP,    15.85,     2.48,     0.00,     0.00,     1.00,     9.23,     0.00,     0.46,     0.00,    28.54,     0.03,     0.00,     0.00,     0.00,     0.00,     0.32,     1.02,     0.00,     0.00,     0.00,     0.00,    10.49,     0.00,     0.00,     0.00,     0.00,     0.00,     0.00,  -999.99,  -999.99,  -999.99
cty,16015,LA: Bossier Parish,1981,02,PRCP,    18.87,     0.68,     0.00,     0.00,     1.84,     5.96,     0.00,     0.69,     0.00,    35.20,     0.00,     0.00,     0.00,     0.00,     0.00,     0.00,     0.00,     0.00,     0.00,     0.00,     0.00,    16.18,     0.00,     0.00,     0.00,     0.00,     0.00,     0.00,  -999.99,  -999.99,  -999.99
cty,16017,LA: Caddo Parish,1981,02,PRCP,    17.57,     0.40,     0.00,     0.00,     3.06,     5.71,     0.00,     0.24,     0.00,    32.48,     0.00,     0.00,     0.00,     0.00,     0.00,     0.00,     0.00,     0.00,     0.00,     0.00,     0.00,    14.71,     0.00,     0.00,     0.00,     0.00,     0.00,     0.00,  -999.99,  -999.99,  -999.99
cty,16019,LA: Calcasieu Parish,1981,02,PRCP,     6.47,    17.97,     0.00,     0.00,     4.14,    51.42,     0.00,     0.00,     0.00,     9.60,     1.01,     0.00,     0.00,     0.00,     0.00,     0.00,     0.00,     0.10,     0.08,     0.00,     0.00,     6.27,     0.00,     0.00,     0.00,     0.02,     0.00,     0.00,  -999.99,  -999.99,  -999.99
cty,16021,LA: Caldwell Parish,1981,02,PRCP,    34.39,    17.75,     0.00,     0.00,     0.53,    14.67,     0.00,     0.80,     0.00,    23.44,     0.43,     0.00,     0.00,     0.00,     0.00,     2.24,     1.67,     0.00,     0.00,     0.00,     0.00,     6.64,     0.00,     0.00,     0.00,     0.00,     0.00,     0.00,  -999.99,  -999.99,  -999.99
cty,16023,LA: Cameron Parish,1981,02,PRCP,     1.73,    13.21,     0.00,     0.00,     3.68,    47.95,     0.06,     0.00,     0.00,     7.75,     2.45,     0.00,     0.00,     0.00,     0.03,     0.00,     0.00,     0.57,     0.68,     0.00,     0.01,     3.83,     0.00,     0.00,     0.00,     0.16,     0.00,     0.00,  -999.99,  -999.99,  -999.99
cty,16025,LA: Catahoula Parish,1981,02,PRCP,    19.67,    22.47,     0.00,     0.00,     0.22,    18.24,     0.01,     0.60,     0.00,    15.50,     1.55,     0.00,     0.00,     0.00,     0.34,     2.20,     1.24,     0.00,     0.00,     0.00,     0.00,     4.74,     0.00,     0.00,     0.00,     0.00,     0.00,     0.00,  -999.99,  -999.99,  -999.99
cty,16027,LA: Claiborne Parish,1981,02,PRCP,    18.19,     1.10,     0.00,     0.00,     0.58,     5.11,     0.00,     0.62,     0.00,    33.91,     0.00,     0.00,     0.00,     0.00,     0.00,     0.67,     1.30,     0.20,     0.00,     0.00,     0.00,    14.37,     0.00,     0.00,     0.00,     0.00,     0.00,     0.00,  -999.99,  -999.99,  -999.99
cty,16029,LA: Concordia Parish,1981,02,PRCP,    10.55,    22.85,     0.00,     0.00,     0.02,    23.73,     0.00,     0.58,     0.00,    15.55,     2.12,     0.00,     0.00,     0.00,     1.73,     2.61,     1.16,     0.00,     0.00,     0.00,     0.00,     4.56,     0.00,     0.00,     0.00,     0.00,     0.00,     0.00,  -999.99,  -999.99,  -999.99
cty,16031,LA: De Soto Parish,1981,02,PRCP,    19.98,     1.75,     0.00,     0.00,     3.96,    10.95,     0.00,     0.00,     0.00,    34.51,     0.01,     0.00,     0.00,     0.00,     0.00,     0.00,     0.00,     0.00,     0.00,     0.00,     0.00,    13.66,     0.00,     0.00,     0.00,     0.00,     0.00,     0.00,  -999.99,  -999.99,  -999.99
cty,16033,LA: East Baton Rouge Parish,1981,02,PRCP,     0.63,    26.30,     0.00,     0.00,     0.00,    67.95,     0.00,     0.14,     0.00,    33.52,    17.75,     0.00,     0.00,     0.00,    10.28,     9.23,     0.76,     0.00,     0.00,     0.00,     0.00,     4.99,     0.00,     0.00,     0.00,     0.00,     0.00,     0.00,  -999.99,  -999.99,  -999.99
cty,16035,LA: East Carroll Parish,1981,02,PRCP,    50.01,    17.36,     0.00,     0.00,     0.01,     3.97,     0.00,     0.72,     0.00,    20.09,     1.38,     0.00,     0.00,     0.00,     0.00,     3.79,     0.09,     0.00,     0.00,     0.00,     0.00,     2.79,     0.00,     0.00,     0.00,     0.00,     0.00,     0.00,  -999.99,  -999.99,  -999.99
cty,16037,LA: East Feliciana Parish,1981,02,PRCP,     1.09,    23.14,     0.00,     0.00,     0.01,    52.52,     0.00,     0.36,     0.00,    24.21,    10.90,     0.00,     0.00,     0.00,     8.13,     4.87,     1.21,     0.00,     0.00,     0.00,     0.00,     4.93,     0.00,     0.00,     0.00,     0.00,     0.00,     0.00,  -999.99,  -999.99,  -999.99
cty,16039,LA: Evangeline Parish,1981,02,PRCP,     3.30,    23.91,     0.00,     0.00,     0.77,    36.53,     0.00,     0.00,     0.00,     9.57,     3.12,     0.00,     0.00,     0.00,     1.83,     1.00,     0.11,     0.00,     0.22,     0.00,     0.00,     5.04,     0.00,     0.00,     0.00,     0.00,     0.00,     0.00,  -999.99,  -999.99,  -999.99
cty,16041,LA: Franklin Parish,1981,02,PRCP,    37.06,    20.23,     0.00,     0.00,     0.24,    12.50,     0.00,     0.68,     0.00,    19.37,     1.48,     0.00,     0.00,     0.00,     0.00,     2.85,     0.65,     0.00,     0.00,     0.00,     0.00,     3.70,     0.00,     0.00,     0.00,     0.00,     0.00,     0.00,  -999.99,  -999.99,  -999.99
cty,16043,LA: Grant Parish,1981,02,PRCP,    23.36,    21.71,     0.00,     0.00,     0.97,    21.83,     0.00,     0.34,     0.00,    20.82,     0.03,     0.00,     0.00,     0.00,     0.02,     0.85,     1.89,     0.00,     0.00,     0.00,     0.00,     8.74,     0.00,     0.00,     0.00,     0.00,     0.00,     0.00,  -999.99,  -999.99,  -999.99
cty,16045,LA: Iberia Parish,1981,02,PRCP,     0.07,    15.68,     0.00,     0.00,     0.36,    50.25,     0.01,     0.00,     0.00,    15.47,    13.88,     0.00,     0.00,     0.03,     7.54,     2.21,     0.01,     0.00,     0.64,     0.00,     0.01,     2.08,     0.00,     0.00,     0.00,     0.00,     0.00,     0.00,  -999.99,  -999.99,  -999.99
cty,16047,LA: Iberville Parish,1981,02,PRCP,     0.13,    25.74,     0.00,     0.00,     0.03,    68.33,     0.01,     0.00,     0.00,    30.99,    20.17,     0.00,     0.00,     0.00,    11.16,     8.39,     0.31,     0.00,     0.24,     0.00,     0.00,     3.82,     0.00,     0.00,     0.00,     0.00,     0.00,     0.00,  -999.99,  -999.99,  -999.99
cty,16049,LA: Jackson Parish,1981,02,PRCP,    18.94,     5.19,     0.00,     0.00,     0.52,     9.61,     0.00,     0.58,     0.00,    25.29,     0.00,     0.00,     0.00,     0.00,     0.00,     1.65,     1.88,     0.00,     0.00,     0.00,     0.00,     7.54,     0.00,     0.00,     0.00,     0.00,     0.00,     0.00,  -999.99,  -999.99,  -999.99
cty,16051,LA: Jefferson Parish,1981,02,PRCP,     1.81,    21.33,     0.00,     0.00,     0.00,    54.87,     0.32,     0.29,     0.00,    73.68,    56.23,     0.00,     0.00,     0.00,     2.40,    21.63,     2.31,     0.25,     0.03,     0.00,     0.33,     3.53,     0.70,     0.00,     0.00,     0.00,     0.00,     0.00,  -999.99,  -999.99,  -999.99
cty,16053,LA: Jefferson Davis Parish,1981,02,PRCP,     3.00,    22.04,     0.00,     0.00,     2.46,    59.26,     0.00,     0.00,     0.00,    13.74,     3.48,     0.00,     0.00,     0.00,     0.16,     0.00,     0.00,     0.00,     0.88,     0.00,     0.00,     5.42,     0.00,     0.00,     0.00,     0.00,     0.00,     0.00,  -999.99,  -999.99,  -999.99
cty,16055,LA: Lafayette Parish,1981,02,PRCP,     0.28,    18.55,     0.00,     0.00,     0.60,    54.22,     0.00,     0.00,     0.00,    11.07,     8.66,     0.00,     0.00,     0.00,     5.82,     1.22,     0.00,     0.00,     1.77,     0.00,     0.00,     3.26,     0.00,     0.00,     0.00,     0.00,     0.00,     0.00,  -999.99,  -999.99,  -999.99
cty,16057,LA: Lafourche Parish,1981,02,PRCP,     0.21,    25.44,     0.00,     0.00,     0.00,    61.91,     0.42,     0.25,     0.00,    72.31,    68.66,     0.00,     0.00,     0.00,     6.16,    24.36,     0.57,     0.47,     0.05,     0.00,     0.62,     3.48,     1.00,     0.00,     0.00,     0.00,     0.00,     0.00,  -999.99,  -999.99,  -999.99
cty,16059,LA: La Salle Parish,1981,02,PRCP,    23.30,    23.23,     0.00,     0.00,     0.46,    19.12,     0.00,     0.62,     0.00,    17.21,     0.77,     0.00,     0.00,     0.00,     0.07,     1.55,     1.79,     0.02,     0.00,     0.00,     0.00,     6.56,     0.00,     0.00,     0.00,     0.00,     0.00,     0.00,  -999.99,  -999.99,  -999.99
cty,16061,LA: Lincoln Parish,1981,02,PRCP,    16.45,     1.99,     0.00,     0.00,     0.46,     7.22,     0.00,     0.66,     0.00,    30.43,     0.00,     0.00,     0.00,     0.00,     0.00,     2.16,     2.05,     0.00,     0.00,     0.00,     0.00,     9.64,     0.00,     0.00,     0.00,     0.00,     0.00,     0.00,  -999.99,  -999.99,  -999.99
cty,16063,LA: Livingston Parish,1981,02,PRCP,     0.95,    28.00,     0.00,     0.00,     0.00,    71.27,     0.00,     0.06,     0.00,    55.37,    27.42,     0.00,     0.00,     0.00,     5.70,    10.96,     3.27,     0.00,     0.01,     0.00,     0.00,     4.57,     0.00,     0.00,     0.00,     0.00,     0.00,     0.00,  -999.99,  -999.99,  -999.99
cty,16065,LA: Madison Parish,1981,02,PRCP,    41.41,    21.00,     0.00,     0.00,     0.00,     8.68,     0.00,     0.51,     0.00,    19.88,     1.63,     0.00,     0.00,     0.00,     0.01,     3.15,     0.10,     0.00,     0.00,     0.00,     0.00,     2.62,     0.00,     0.00,     0.00,     0.00,     0.00,     0.00,  -999.99,  -999.99,  -999.99
cty,16067,LA: Morehouse Parish,1981,02,PRCP,    28.82,     5.93,     0.00,     0.00,     0.21,     2.99,     0.00,     0.68,     0.00,    23.06,     0.15,     0.00,     0.00,     0.00,     0.00,     3.71,     0.15,     0.00,     0.00,     0.00,     0.00,     4.76,     0.00,     0.00,     0.00,     0.00,     0.00,     0.00,  -999.99,  -999.99,  -999.99
cty,16069,LA: Natchitoches Parish,1981,02,PRCP,    21.38,     9.97,     0.00,     0.00,     1.76,    16.80,     0.00,     0.04,     0.00,    23.76,     0.01,     0.00,     0.00,     0.00,     0.00,     0.03,     1.09,     0.00,     0.00,     0.00,     0.00,     9.28,     0.00,     0.00,     0.00,     0.00,     0.00,     0.00,  -999.99,  -999.99,  -999.99
cty,16071,LA: Orleans Parish,1981,02,PRCP,     2.53,    17.46,     0.00,     0.00,     0.00,    48.62,     0.25,     0.31,     0.00,    73.65,    41.21,     0.00,     0.00,     0.00,     2.38,    15.39,     5.53,     0.00,     0.00,     0.00,     0.00,     3.51,     0.34,     0.00,     0.00,     0.00,     0.00,     0.00,  -999.99,  -999.99,  -999.99
cty,16073,LA: Ouachita Parish,1981,02,PRCP,    27.67,     7.11,     0.00,     0.00,     0.55,     7.51,     0.00,     0.73,     0.00,    27.45,     0.01,     0.00,     0.00,     0.00,     0.00,     3.55,     0.91,     0.00,     0.00,     0.00,     0.00,     6.76,     0.00,     0.00,     0.00,     0.00,     0.00,     0.00,  -999.99,  -999.99,  -999.99
cty,16075,LA: Plaquemines Parish,1981,02,PRCP,     3.96,    16.81,     0.00,     0.00,     0.00,    44.71,     0.76,     0.52,     0.00,    52.57,    46.98,     0.00,     0.00,     0.00,     4.38,    28.91,     1.82,     0.44,     0.00,     0.00,     0.47,     2.75,     1.25,     0.00,     0.00,     0.00,     0.00,     0.00,  -999.99,  -999.99,  -999.99
cty,16077,LA: Pointe Coupee Parish,1981,02,PRCP,     1.32,    23.34,     0.00,     0.00,     0.09,    48.47,     0.00,     0.10,     0.00,    16.59,     8.22,     0.00,     0.00,     0.00,     7.67,     4.56,     0.42,     0.00,     0.10,     0.00,     0.00,     4.51,     0.00,     0.00,     0.00,     0.00,     0.00,     0.00,  -999.99,  -999.99,  -999.99
cty,16079,LA: Rapides Parish,1981,02,PRCP,    12.62,    23.10,     0.00,     0.00,     0.90,    23.52,     0.00,     0.07,     0.00,    12.53,     0.58,     0.00,     0.00,     0.00,     0.22,     0.87,     0.86,     0.00,     0.00,     0.00,     0.00,     6.89,     0.00,     0.00,     0.00,     0.00,     0.00,     0.00,  -999.99,  -999.99,  -999.99
cty,16081,LA: Red River Parish,1981,02,PRCP,    16.09,     2.72,     0.00,     0.00,     1.79,    10.18,     0.00,     0.05,     0.00,    26.55,     0.00,     0.01,     0.00,     0.00,     0.00,     0.00,     0.32,     0.00,     0.00,     0.00,     0.00,    10.09,     0.00,     0.00,     0.00,     0.00,     0.00,     0.00,  -999.99,  -999.99,  -999.99
cty,16083,LA: Richland Parish,1981,02,PRCP,    38.87,    13.68,     0.00,     0.00,     0.56,     8.40,     0.00,     0.70,     0.00,    23.04,     0.48,     0.00,     0.00,     0.00,     0.00,     3.67,     0.35,     0.00,     0.00,     0.00,     0.00,     4.35,     0.00,     0.00,     0.00,     0.00,     0.00,     0.00,  -999.99,  -999.99,  -999.99
cty,16085,LA: Sabine Parish,1981,02,PRCP,    24.40,     4.98,     0.00,     0.00,     3.19,    14.25,     0.00,     0.00,     0.00,    22.44,     0.00,     0.00,     0.00,     0.00,     0.00,     0.00,     0.03,     0.00,     0.00,     0.00,     0.00,    10.18,     0.00,     0.00,     0.00,     0.00,     0.00,     0.00,  -999.99,  -999.99,  -999.99
cty,16087,LA: St. Bernard Parish,1981,02,PRCP,     4.59,    18.90,     0.00,     0.00,     0.00,    53.15,     0.58,     0.51,     0.00,    78.23,    50.96,     0.00,     0.00,     0.00,     4.68,    25.78,     4.40,     0.08,     0.00,     0.00,     0.17,     3.60,     0.92,     0.00,     0.00,     0.00,     0.00,     0.00,  -999.99,  -999.99,  -999.99
cty,16089,LA: St. Charles Parish,1981,02,PRCP,     0.76,    22.42,     0.00,     0.00,     0.00,    55.67,     0.10,     0.05,     0.00,    70.44,    47.15,     0.00,     0.00,     0.00,     1.77,    16.73,     1.80,     0.03,     0.07,     0.00,     0.12,     3.22,     0.28,     0.00,     0.00,     0.00,     0.00,     0.00,  -999.99,  -999.99,  -999.99
cty,16091,LA: St. Helena Parish,1981,02,PRCP,     1.67,    29.17,     0.00,     0.00,     0.00,    61.62,     0.00,     0.44,     0.00,    39.32,    17.84,     0.00,     0.00,     0.00,     5.57,     5.28,     5.46,     0.00,     0.00,     0.00,     0.00,     5.16,     0.00,     0.00,     0.00,     0.00,     0.00,     0.00,  -999.99,  -999.99,  -999.99
cty,16093,LA: St. James Parish,1981,02,PRCP,     0.02,    25.60,     0.00,     0.00,     0.00,    62.90,     0.00,     0.00,     0.00,    58.25,    34.94,     0.00,     0.00,     0.00,     5.67,    15.05,     0.87,     0.00,     0.09,     0.00,     0.00,     3.11,     0.00,     0.00,     0.00,     0.00,     0.00,     0.00,  -999.99,  -999.99,  -999.99
cty,16095,LA: St. John the Baptist Parish,1981,02,PRCP,     0.65,    25.35,     0.00,     0.00,     0.00,    62.86,     0.00,     0.00,     0.00,    70.93,    38.63,     0.00,     0.00,     0.00,     2.61,    14.03,     2.55,     0.00,     0.11,     0.00,     0.00,     3.40,     0.00,     0.00,     0.00,     0.00,     0.00,     0.00,  -999.99,  -999.99,  -999.99
cty,16097,LA: St. Landry Parish,1981,02,PRCP,     1.36,    23.53,     0.00,     0.00,     0.45,    49.14,     0.00,     0.00,     0.00,    11.96,     7.02,     0.00,     0.00,     0.00,     6.40,     2.87,     0.14,     0.00,     1.14,     0.00,     0.00,     4.44,     0.00,     0.00,     0.00,     0.00,     0.00,     0.00,  -999.99,  -999.99,  -999.99
cty,16099,LA: St. Martin Parish,1981,02,PRCP,     0.10,    21.94,     0.00,     0.00,     0.27,    61.04,     0.00,     0.00,     0.00,    22.49,    17.40,     0.00,     0.03,     0.02,    10.24,     4.23,     0.02,     0.00,     0.72,     0.00,     0.00,     3.05,     0.01,     0.00,     0.00,     0.00,     0.00,     0.00,  -999.99,  -999.99,  -999.99
cty,16101,LA: St. Mary Parish,1981,02,PRCP,     0.01,    20.20,     0.00,     0.00,     0.09,    56.95,     0.17,     0.00,     0.00,    28.68,    25.15,     0.00,     0.09,     0.18,    10.77,     4.04,     0.00,     0.00,     0.37,     0.00,     0.00,     2.06,     0.13,     0.02,     0.02,     0.00,     0.00,     0.00,  -999.99,  -999.99,  -999.99
cty,16103,LA: St. Tammany Parish,1981,02,PRCP,     3.63,    24.27,     0.00,     0.00,     0.00,    62.18,     0.08,     0.19,     0.00,    92.74,    41.66,     0.00,     0.00,     0.00,     3.68,    11.65,     9.27,     0.00,     0.01,     0.00,     0.00,     4.55,     0.02,     0.00,     0.00,     0.00,     0.00,     0.00,  -999.99,  -999.99,  -999.99
cty,16105,LA: Tangipahoa Parish,1981,02,PRCP,     2.16,    28.23,     0.00,     0.00,     0.00,    64.24,     0.00,     0.14,     0.00,    62.30,    28.43,     0.00,     0.00,     0.00,     2.90,     6.42,     8.61,     0.00,     0.01,     0.00,     0.00,     4.36,     0.00,     0.00,     0.00,     0.00,     0.00,     0.00,  -999.99,  -999.99,  -999.99
cty,16107,LA: Tensas Parish,1981,02,PRCP,    27.75,    22.01,     0.00,     0.00,     0.01,    14.34,     0.00,     0.56,     0.00,    18.98,     1.85,     0.00,     0.00,     0.00,     0.08,     2.26,     0.53,     0.00,     0.00,     0.00,     0.00,     3.07,     0.00,     0.00,     0.00,     0.00,     0.00,     0.00,  -999.99,  -999.99,  -999.99
cty,16109,LA: Terrebonne Parish,1981,02,PRCP,     0.00,    25.30,     0.00,     0.00,     0.00,    62.56,     0.44,     0.02,     0.00,    56.79,    55.39,     0.00,     0.03,     0.01,     9.79,    14.69,     0.10,     0.25,     0.25,     0.00,     0.45,     2.73,     0.82,     0.00,     0.00,     0.00,     0.00,     0.00,  -999.99,  -999.99,  -999.99
cty,16111,LA: Union Parish,1981,02,PRCP,    19.77,     2.07,     0.00,     0.00,     0.31,     3.68,     0.00,     0.69,     0.00,    31.50,     0.00,     0.00,     0.00,     0.00,     0.00,     3.50,     1.13,     0.00,     0.00,     0.00,     0.00,     9.29,     0.00,     0.00,     0.00,     0.00,     0.00,     0.00,  -999.99,  -999.99,  -999.99
cty,16113,LA: Vermilion Parish,1981,02,PRCP,     0.15,    13.06,     0.00,     0.00,     0.96,    46.32,     0.00,     0.00,     0.00,     8.50,     7.06,     0.00,     0.00,     0.00,     2.11,     0.16,     0.00,     0.00,     1.76,     0.00,     0.00,     2.53,     0.00,     0.00,     0.00,     0.00,     0.00,     0.00,  -999.99,  -999.99,  -999.99
cty,16115,LA: Vernon Parish,1981,02,PRCP,    28.19,    18.93,     0.00,     0.00,     2.66,    28.46,     0.00,     0.00,     0.00,    15.74,     0.00,     0.00,     0.00,     0.00,     0.00,     0.02,     0.13,     0.00,     0.00,     0.00,     0.00,    10.18,     0.00,     0.00,     0.00,     0.00,     0.00,     0.00,  -999.99,  -999.99,  -999.99
cty,16117,LA: Washington Parish,1981,02,PRCP,     4.46,    31.57,     0.00,     0.00,     0.00,    59.57,     0.01,     0.04,     0.00,    80.42,    33.82,     0.00,     0.00,     0.00,     3.72,     6.76,     8.05,     0.00,     0.00,     0.00,     0.00,     4.41,     0.01,     0.00,     0.00,     0.00,     0.00,     0.00,  -999.99,  -999.99,  -999.99
cty,16119,LA: Webster Parish,1981,02,PRCP,    18.86,     1.00,     0.00,     0.00,     1.19,     6.41,     0.00,     0.68,     0.00,    35.18,     0.00,     0.00,     0.00,     0.00,     0.00,     0.00,     0.17,     0.15,     0.00,     0.00,     0.00,    16.10,     0.00,     0.00,     0.00,     0.00,     0.00,     0.00,  -999.99,  -999.99,  -999.99
cty,16121,LA: West Baton Rouge Parish,1981,02,PRCP,     0.68,    28.30,     0.00,     0.00,     0.00,    72.30,     0.00,     0.00,     0.00,    30.25,    17.31,     0.00,     0.00,     0.00,    11.97,     8.60,     0.45,     0.00,     0.00,     0.00,     0.00,     4.99,     0.00,     0.00,     0.00,     0.00,     0.00,     0.00,  -999.99,  -999.99,  -999.99
cty,16123,LA: West Carroll Parish,1981,02,PRCP,    42.79,    11.89,     0.00,     0.00,     0.07,     3.47,     0.00,     0.76,     0.00,    21.59,     0.99,     0.00,     0.00,     0.00,     0.00,     3.78,     0.00,     0.00,     0.00,     0.00,     0.00,     3.45,     0.00,     0.00,     0.00,     0.00,     0.00,     0.00,  -999.99,  -999.99,  -999.99
cty,16125,LA: West Feliciana Parish,1981,02,PRCP,     1.93,    24.93,     0.00,     0.00,     0.00,    47.40,     0.00,     0.38,     0.00,    19.00,     7.54,     0.00,     0.00,     0.00,     7.24,     4.51,     0.69,     0.00,     0.00,     0.00,     0.00,     5.12,     0.00,     0.00,     0.00,     0.00,     0.00,     0.00,  -999.99,  -999.99,  -999.99
cty,16127,LA: Winn Parish,1981,02,PRCP,    23.17,    11.58,     0.00,     0.00,     0.80,    14.62,     0.00,     0.48,     0.00,    23.74,     0.05,     0.00,     0.00,     0.00,     0.00,     0.82,     1.98,     0.00,     0.00,     0.00,     0.00,     8.04,     0.00,     0.00,     0.00,     0.00,     0.00,     0.00,  -999.99,  -999.99,  -999.99
cty,17001,ME: Androscoggin County,1981,02,PRCP,     0.00,     7.18,    19.20,     0.00,     0.00,     0.00,     0.00,     0.00,    19.05,     0.08,     1.67,    19.39,     0.00,     0.00,     0.00,     0.00,     0.00,     0.01,     0.00,     2.75,    21.04,     4.43,     0.00,     0.00,    14.20,    15.00,     6.34,     0.00,  -999.99,  -999.99,  -999.99
cty,17003,ME: Aroostook County,1981,02,PRCP,     0.00,     6.00,    22.35,     0.00,     0.00,     0.00,     0.01,     0.21,    12.26,     0.01,     0.59,    13.61,     0.15,     0.00,     0.04,     0.00,     0.06,     0.00,     0.00,     0.41,     1.17,     0.70,     0.00,     0.00,     0.00,     0.01,     7.31,     0.00,  -999.99,  -999.99,  -999.99
cty,17005,ME: Cumberland County,1981,02,PRCP,     0.00,     7.04,    19.47,     0.00,     0.00,     0.00,     0.00,     0.28,    21.54,     0.20,     1.18,    15.79,     0.00,     0.00,     0.00,     0.00,     0.00,     0.13,     0.00,     3.20,    23.91,     4.37,     0.01,     0.28,    36.23,    34.50,     7.45,     0.04,  -999.99,  -999.99,  -999.99
cty,17007,ME: Franklin County,1981,02,PRCP,     0.00,     8.25,    19.83,     0.02,     0.10,     0.00,     0.08,     0.21,    13.84,     0.08,     2.60,    29.30,     0.00,     0.00,     0.02,     0.00,     0.01,     0.00,     0.00,     1.31,    16.57,     3.86,     0.01,     0.18,     4.23,     1.75,     5.62,     0.00,  -999.99,  -999.99,  -999.99
cty,17009,ME: Hancock County,1981,02,PRCP,     0.00,     7.81,    24.62,     0.00,     0.01,     0.00,     0.40,     0.00,    26.41,     0.00,     0.00,    15.37,     0.00,     0.00,     0.01,     0.00,     1.19,     0.00,     0.00,     1.53,     2.27,     0.96,     0.00,     0.00,     0.10,     1.48,     2.70,     0.00,  -999.99,  -999.99,  -999.99
cty,17011,ME: Kennebec County,1981,02,PRCP,     0.00,     6.11,    20.53,     0.00,     0.00,     0.00,     0.00,     0.00,    18.38,     0.01,     0.67,    17.00,     0.00,     0.00,     0.00,     0.00,     0.14,     0.00,     0.00,     2.45,    12.58,     3.03,     0.00,     0.00,     2.91,     5.19,     5.87,     0.00,  -999.99,  -999.99,  -999.99
cty,17013,ME: Knox County,1981,02,PRCP,     0.00,     7.00,    20.50,     0.00,     0.00,     0.00,     0.17,     0.00,    20.40,     0.00,     0.00,     9.49,     0.00,     0.00,     0.00,     0.00,     0.99,     0.00,     0.00,     3.09,     7.45,     1.73,     0.00,     0.00,     2.61,     4.26,     4.50,     0.00,  -999.99,  -999.99,  -999.99
cty,17015,ME: Lincoln County,1981,02,PRCP,     0.00,     5.54,    19.51,     0.00,     0.00,     0.00,     0.00,     0.00,    18.94,     0.11,     0.00,     9.37,     0.00,     0.00,     0.00,     0.00,     0.49,     0.00,     0.00,     2.37,     9.92,     2.30,     0.00,     0.00,     3.72,     7.47,     5.68,     0.00,  -999.99,  -999.99,  -999.99
cty,17017,ME: Oxford County,1981,02,PRCP,     0.00,    12.10,    21.17,     0.01,     0.04,     0.00,     0.07,     0.31,    17.13,     0.05,     3.09,    28.99,     0.00,     0.00,     0.00,     0.00,     0.00,     0.00,     0.00,     2.38,    22.96,     3.74,     0.02,     0.51,    21.50,    10.13,     5.76,     0.00,  -999.99,  -999.99,  -999.99
cty,17019,ME: Penobscot County,1981,02,PRCP,     0.00,     8.24,    26.58,     0.00,     0.00,     0.00,     0.08,     0.00,    20.64,     0.00,     0.15,    19.68,     0.00,     0.00,     0.05,     0.00,     0.59,     0.00,     0.00,     1.62,     3.16,     1.22,     0.00,     0.00,     0.00,     0.39,     5.36,     0.00,  -999.99,  -999.99,  -999.99
cty,17021,ME: Piscataquis County,1981,02,PRCP,     0.00,     6.60,    21.22,     0.00,     0.00,     0.00,     0.02,     0.00,    12.62,     0.01,     1.06,    20.04,     0.00,     0.00,     0.00,     0.00,     0.03,     0.00,     0.00,     0.88,     5.19,     1.67,     0.00,     0.00,     0.00,     0.00,     7.12,     0.00,  -999.99,  -999.99,  -999.99
cty,17023,ME: Sagadahoc County,1981,02,PRCP,     0.00,     4.52,    18.80,     0.00,     0.00,     0.00,     0.00,     0.00,    18.57,     0.52,     0.08,     9.67,     0.00,     0.00,     0.00,     0.00,     0.01,     0.20,     0.00,     1.80,    14.13,     3.34,     0.00,     0.00,     6.45,    13.30,     6.65,     0.00,  -999.99,  -999.99,  -999.99
cty,17025,ME: Somerset County,1981,02,PRCP,     0.00,     5.48,    18.40,     0.00,     0.01,     0.00,     0.00,     0.02,    12.43,     0.00,     1.36,    20.88,     0.00,     0.00,     0.00,     0.00,     0.01,     0.00,     0.00,     0.76,     6.46,     1.90,     0.00,     0.01,     0.27,     0.17,     5.74,     0.00,  -999.99,  -999.99,  -999.99
cty,17027,ME: Waldo County,1981,02,PRCP,     0.00,     7.47,    22.89,     0.00,     0.00,     0.00,     0.03,     0.00,    21.54,     0.00,     0.00,    14.62,     0.00,     0.00,     0.00,     0.00,     0.82,     0.00,     0.00,     2.82,     6.56,     1.91,     0.00,     0.00,     0.81,     2.36,     4.62,     0.00,  -999.99,  -999.99,  -999.99
cty,17029,ME: Washington County,1981,02,PRCP,     0.00,     5.95,    25.99,     0.00,     0.00,     0.00,     0.70,     0.00,    26.37,     0.00,     0.00,    15.45,     0.00,     0.00,     0.03,     0.00,     1.37,     0.00,     0.00,     2.84,     1.16,     0.59,     0.00,     0.00,     0.10,     0.51,     1.95,     0.00,  -999.99,  -999.99,  -999.99
cty,17031,ME: York County,1981,02,PRCP,     0.00,     6.18,    20.04,     0.00,     0.00,     0.00,     0.00,     1.84,    21.31,     0.06,     0.88,    15.98,     0.00,     0.00,     0.00,     0.00,     0.11,     0.03,     0.00,     4.76,    34.06,     4.06,     0.00,     1.03,    62.38,    54.96,     7.51,     0.03,  -999.99,  -999.99,  -999.99
cty,18001,MD: Allegany County,1981,02,PRCP,     0.00,    26.60,     1.39,     0.00,     0.00,     0.00,     0.00,     0.00,     4.43,     0.00,    12.94,     1.73,     0.00,     0.00,     0.00,     0.00,     0.06,     0.01,     0.00,    14.61,     8.60,     1.25,     2.39,     8.84,     0.99,     0.00,     0.00,     0.00,  -999.99,  -999.99,  -999.99
cty,18003,MD: Anne Arundel County,1981,02,PRCP,     0.00,     8.74,     9.86,     0.00,     0.00,     0.00,     0.00,     1.09,     6.32,     0.00,    10.20,     9.50,     0.00,     0.00,     0.00,     0.00,     0.05,     0.00,     0.00,    10.05,    10.99,     2.04,     6.76,    13.47,     0.05,     0.00,     0.00,     0.00,  -999.99,  -999.99,  -999.99
cty,18005,MD: Baltimore County,1981,02,PRCP,     0.00,    17.92,    11.92,     0.00,     0.00,     0.00,     0.00,     0.09,     6.20,     0.00,    18.22,    10.10,     0.00,     0.00,     0.00,     0.00,     0.37,     0.00,     0.00,    16.37,    13.09,     1.70,    10.93,    20.07,     0.00,     0.00,     0.00,     0.00,  -999.99,  -999.99,  -999.99
cty,18009,MD: Calvert County,1981,02,PRCP,     0.00,     7.15,     9.81,     0.00,     0.00,     0.00,     0.00,     3.99,     7.43,     0.00,    10.07,    12.13,     0.00,     0.00,     0.00,     0.00,     0.00,     0.00,     0.00,     6.41,    18.68,     3.46,     4.94,    12.75,     0.30,     0.00,     0.00,     0.00,  -999.99,  -999.99,  -999.99
cty,18011,MD: Caroline County,1981,02,PRCP,     0.00,     3.90,    11.64,     0.00,     0.00,     0.00,     0.00,     4.65,     4.89,     0.00,     2.92,    13.52,     0.00,     0.00,     0.00,     0.00,     0.00,     0.00,     0.00,     4.73,    16.83,     3.45,     2.14,    11.99,     0.22,     0.00,     0.00,     0.00,  -999.99,  -999.99,  -999.99
cty,18013,MD: Carroll County,1981,02,PRCP,     0.00,    19.44,    10.46,     0.00,     0.00,     0.00,     0.00,     0.00,     5.32,     0.00,    21.05,     6.79,     0.00,     0.00,     0.00,     0.00,     0.61,     0.00,     0.00,    20.77,    13.27,     0.96,    10.98,    21.15,     0.00,     0.00,     0.00,     0.00,  -999.99,  -999.99,  -999.99
cty,18015,MD: Cecil County,1981,02,PRCP,     0.00,     9.62,    12.65,     0.00,     0.00,     0.00,     0.00,     1.28,     5.67,     0.00,     6.37,    15.17,     0.00,     0.00,     0.00,     0.00,     0.20,     0.00,     0.00,     7.64,     9.02,     2.64,     5.17,    16.41,     0.05,     0.00,     0.00,     0.00,  -999.99,  -999.99,  -999.99
cty,18017,MD: Charles County,1981,02,PRCP,     0.00,     9.33,     7.00,     0.00,     0.00,     0.00,     0.00,     2.76,     6.19,     0.00,    13.09,    10.01,     0.00,     0.00,     0.00,     0.00,     0.25,     0.00,     0.01,     9.72,    14.74,     2.06,     5.73,     9.91,     0.27,     0.00,     0.00,     0.00,  -999.99,  -999.99,  -999.99
cty,18019,MD: Dorchester County,1981,02,PRCP,     0.00,     4.57,    13.37,     0.00,     0.00,     0.00,     0.00,     7.43,     6.75,     0.00,     4.92,    15.49,     0.00,     0.00,     0.00,     0.00,     0.00,     0.00,     0.00,     4.63,    25.05,     4.75,     2.61,    13.58,     0.33,     0.00,     0.00,     0.00,  -999.99,  -999.99,  -999.99
cty,18021,MD: Frederick County,1981,02,PRCP,     0.00,    23.05,     7.88,     0.00,     0.00,     0.00,     0.00,     0.00,     5.43,     0.00,    21.83,     3.62,     0.00,     0.00,     0.00,     0.00,     0.81,     0.00,     0.00,    26.60,    11.03,     0.93,    11.61,    19.41,     0.03,     0.00,     0.00,     0.00,  -999.99,  -999.99,  -999.99
cty,18023,MD: Garrett County,1981,02,PRCP,     0.00,    24.84,     2.69,     0.29,     0.07,     0.00,     0.14,     0.66,     5.92,     0.00,     8.23,     4.90,     0.00,     0.00,     0.00,     0.00,     0.98,     1.14,     0.00,     9.01,    18.12,     1.59,     0.39,    10.97,     1.64,     0.00,     0.00,     0.01,  -999.99,  -999.99,  -999.99
cty,18025,MD: Harford County,1981,02,PRCP,     0.00,    15.95,    13.02,     0.00,     0.00,     0.00,     0.00,     0.51,     5.73,     0.00,    13.45,    12.98,     0.00,     0.00,     0.00,     0.00,     0.32,     0.00,     0.00,    11.57,    11.84,     2.31,     9.49,    19.31,     0.00,     0.00,     0.00,     0.00,  -999.99,  -999.99,  -999.99
cty,18027,MD: Howard County,1981,02,PRCP,     0.00,    15.17,     9.66,     0.00,     0.00,     0.00,     0.00,     0.00,     6.60,     0.00,    17.05,     7.06,     0.00,     0.00,     0.00,     0.00,     0.38,     0.00,     0.00,    17.89,    10.21,     1.33,     9.79,    16.50,     0.00,     0.00,     0.00,     0.00,  -999.99,  -999.99,  -999.99
cty,18029,MD: Kent County,1981,02,PRCP,     0.00,     6.40,    11.59,     0.00,     0.00,     0.00,     0.00,     2.07,     4.96,     0.00,     4.91,    12.52,     0.00,     0.00,     0.00,     0.00,     0.05,     0.00,     0.00,     5.99,    10.61,     2.56,     4.14,    13.54,     0.11,     0.00,     0.00,     0.00,  -999.99,  -999.99,  -999.99
cty,18031,MD: Montgomery County,1981,02,PRCP,     0.00,    15.50,     8.22,     0.00,     0.00,     0.00,     0.00,     0.00,     6.34,     0.00,    16.99,     5.31,     0.00,     0.00,     0.00,     0.00,     0.62,     0.00,     0.00,    19.39,     8.87,     1.17,     9.49,    14.21,     0.00,     0.00,     0.00,     0.00,  -999.99,  -999.99,  -999.99
cty,18033,MD: Prince George's County,1981,02,PRCP,     0.00,     9.17,     8.81,     0.00,     0.00,     0.00,     0.00,     1.14,     6.94,     0.00,    11.76,     8.98,     0.00,     0.00,     0.00,     0.00,     0.12,     0.00,     0.00,    11.28,    10.49,     1.90,     6.89,    12.33,     0.10,     0.00,     0.00,     0.00,  -999.99,  -999.99,  -999.99
cty,18035,MD: Queen Anne's County,1981,02,PRCP,     0.00,     5.24,    11.20,     0.00,     0.00,     0.00,     0.00,     2.80,     4.99,     0.00,     4.27,    12.40,     0.00,     0.00,     0.00,     0.00,     0.00,     0.00,     0.00,     5.37,    12.51,     2.81,     3.38,    12.60,     0.17,     0.00,     0.00,     0.00,  -999.99,  -999.99,  -999.99
cty,18037,MD: St. Mary's County,1981,02,PRCP,     0.00,     6.81,     9.44,     0.00,     0.00,     0.00,     0.00,     5.78,     7.17,     0.00,    10.37,    13.05,     0.00,     0.00,     0.00,     0.00,     0.00,     0.00,     0.00,     5.36,    21.33,     3.76,     4.07,    11.45,     0.35,     0.00,     0.00,     0.00,  -999.99,  -999.99,  -999.99
cty,18039,MD: Somerset County,1981,02,PRCP,     0.00,     2.44,    12.84,     0.00,     0.00,     0.00,     0.00,     9.02,     5.54,     0.00,     2.46,    14.12,     0.00,     0.00,     0.00,     0.00,     0.00,     0.00,     0.00,     2.83,    22.77,     4.55,     1.15,     9.73,     0.27,     0.00,     0.00,     0.00,  -999.99,  -999.99,  -999.99
cty,18041,MD: Talbot County,1981,02,PRCP,     0.00,     4.76,    10.96,     0.00,     0.00,     0.00,     0.00,     4.18,     5.49,     0.00,     4.63,    12.29,     0.00,     0.00,     0.00,     0.00,     0.00,     0.00,     0.00,     4.86,    16.73,     3.30,     3.01,    12.16,     0.22,     0.00,     0.00,     0.00,  -999.99,  -999.99,  -999.99
cty,18043,MD: Washington County,1981,02,PRCP,     0.00,    24.93,     5.37,     0.00,     0.00,     0.00,     0.00,     0.00,     4.52,     0.00,    17.38,     2.70,     0.00,     0.00,     0.00,     0.00,     0.60,     0.00,     0.00,    25.17,     7.55,     0.98,     9.72,    16.53,     0.36,     0.00,     0.00,     0.00,  -999.99,  -999.99,  -999.99
cty,18045,MD: Wicomico County,1981,02,PRCP,     0.00,     2.86,    14.57,     0.00,     0.00,     0.00,     0.00,     9.63,     5.74,     0.00,     2.25,    16.34,     0.00,     0.00,     0.00,     0.00,     0.00,     0.00,     0.00,     4.20,    26.84,     5.04,     1.23,    12.07,     0.31,     0.00,     0.00,     0.00,  -999.99,  -999.99,  -999.99
cty,18047,MD: Worcester County,1981,02,PRCP,     0.00,     1.95,    15.42,     0.00,     0.00,     0.00,     0.00,    10.60,     5.89,     0.00,     1.27,    16.77,     0.00,     0.00,     0.00,     0.00,     0.00,     0.00,     0.00,     3.58,    24.44,     5.22,     0.75,    10.63,     0.31,     0.00,     0.00,     0.00,  -999.99,  -999.99,  -999.99
cty,18510,MD: Baltimore city,1981,02,PRCP,     0.00,    12.91,    10.55,     0.00,     0.00,     0.00,     0.00,     0.00,     5.86,     0.00,    13.35,     8.97,     0.00,     0.00,     0.00,     0.00,     0.24,     0.00,     0.00,    13.07,    10.32,     1.60,     8.74,    16.11,     0.00,     0.00,     0.00,     0.00,  -999.99,  -999.99,  -999.99
cty,18511,DC: District of Columbia,1981,02,PRCP,     0.00,    10.32,     8.10,     0.00,     0.00,     0.00,     0.00,     0.20,     6.81,     0.00,    12.93,     7.34,     0.00,     0.00,     0.00,     0.00,     0.26,     0.00,     0.00,    13.98,     7.79,     1.41,     7.63,    11.83,     0.00,     0.00,     0.00,     0.00,  -999.99,  -999.99,  -999.99
cty,19001,MA: Barnstable County,1981,02,PRCP,     0.00,     0.56,    13.28,     0.00,     0.98,     0.00,     0.47,    12.68,    11.59,     0.00,     0.00,     5.60,     0.00,     0.00,     0.00,     0.00,     0.85,     0.00,     0.00,     2.30,    20.68,     0.62,     0.00,     0.76,    27.76,    41.00,     4.55,     0.00,  -999.99,  -999.99,  -999.99
cty,19003,MA: Berkshire County,1981,02,PRCP,     0.00,    21.58,    23.21,     0.00,     0.29,     0.00,     0.17,     3.19,    15.68,     0.00,     5.32,    35.02,     0.00,     0.00,     0.00,     0.00,     4.61,     0.00,     0.00,    12.34,    34.19,     3.87,     0.00,    26.01,     5.38,    20.54,     3.86,     0.00,  -999.99,  -999.99,  -999.99
cty,19005,MA: Bristol County,1981,02,PRCP,     0.00,     0.87,    15.48,     0.00,     0.57,     0.00,     0.00,    10.14,    10.56,     0.00,     0.03,     7.46,     0.00,     0.00,     0.00,     0.00,     0.98,     0.00,     0.00,     3.70,    22.87,     1.23,     0.00,     5.09,    26.29,    35.79,     4.06,     0.00,  -999.99,  -999.99,  -999.99
cty,19007,MA: Dukes County,1981,02,PRCP,     0.00,     0.36,    10.63,     0.00,     1.10,     0.00,     0.59,    13.39,     8.31,     0.00,     0.05,     3.58,     0.00,     0.00,     0.00,     0.00,     0.61,     0.00,     0.00,     2.20,    18.41,     0.64,     0.00,     1.31,    20.73,    23.58,     2.93,     0.00,  -999.99,  -999.99,  -999.99
cty,19009,MA: Essex County,1981,02,PRCP,     0.00,     1.41,    15.60,     0.00,     0.00,     0.00,     0.00,     5.62,    13.29,     0.00,     0.00,    11.27,     0.00,     0.00,     0.00,     0.00,     0.96,     0.00,     0.00,     4.65,    24.83,     1.11,     0.05,     2.16,    49.54,    62.38,     5.76,     0.00,  -999.99,  -999.99,  -999.99
cty,19011,MA: Franklin County,1981,02,PRCP,     0.00,    16.09,    25.97,     0.00,     0.10,     0.00,     0.13,     4.58,    11.20,     0.00,     3.67,    35.12,     0.00,     0.00,     0.00,     0.00,     2.37,     0.00,     0.00,    12.32,    35.05,     4.66,     0.00,    29.34,    18.73,    31.82,     3.39,     0.00,  -999.99,  -999.99,  -999.99
cty,19013,MA: Hampden County,1981,02,PRCP,     0.00,    11.18,    26.09,     0.00,     0.33,     0.00,     0.04,     7.21,     8.54,     0.00,     3.36,    31.51,     0.00,     0.00,     0.00,     0.00,     2.43,     0.00,     0.00,    16.69,    48.05,     5.95,     0.00,    34.92,     9.75,    25.52,     2.25,     0.00,  -999.99,  -999.99,  -999.99
cty,19015,MA: Hampshire County,1981,02,PRCP,     0.00,    13.29,    25.69,     0.00,     0.15,     0.00,     0.08,     5.76,     9.75,     0.00,     3.66,    33.75,     0.00,     0.00,     0.00,     0.00,     2.41,     0.00,     0.00,    14.38,    42.38,     5.51,     0.00,    32.83,    12.38,    29.46,     2.79,     0.00,  -999.99,  -999.99,  -999.99
cty,19017,MA: Middlesex County,1981,02,PRCP,     0.00,     2.48,    18.55,     0.00,     0.00,     0.00,     0.00,     7.10,     9.91,     0.00,     0.07,    15.61,     0.00,     0.00,     0.00,     0.00,     1.32,     0.00,     0.00,     4.92,    24.60,     1.78,     0.03,     9.36,    35.55,    50.42,     5.53,     0.00,  -999.99,  -999.99,  -999.99
cty,19019,MA: Nantucket County,1981,02,PRCP,     0.00,     0.33,    10.65,     0.00,     1.05,     0.00,     0.82,    12.19,     8.94,     0.00,     0.00,     3.55,     0.00,     0.00,     0.00,     0.00,     0.69,     0.00,     0.00,     2.07,    16.53,     0.60,     0.00,     0.44,    18.35,    23.60,     3.00,     0.00,  -999.99,  -999.99,  -999.99
cty,19021,MA: Norfolk County,1981,02,PRCP,     0.00,     1.27,    17.83,     0.00,     0.27,     0.00,     0.00,     9.10,    10.59,     0.00,     0.01,    13.42,     0.00,     0.00,     0.00,     0.00,     1.40,     0.00,     0.00,     4.38,    26.12,     1.25,     0.00,     7.56,    30.68,    51.58,     5.19,     0.00,  -999.99,  -999.99,  -999.99
cty,19023,MA: Plymouth County,1981,02,PRCP,     0.00,     0.69,    14.61,     0.00,     0.61,     0.00,     0.01,    10.75,    11.77,     0.00,     0.00,     7.72,     0.00,     0.00,     0.00,     0.00,     0.91,     0.00,     0.00,     2.93,    21.14,     0.66,     0.00,     2.09,    31.89,    53.43,     5.37,     0.00,  -999.99,  -999.99,  -999.99
cty,19025,MA: Suffolk County,1981,02,PRCP,     0.00,     0.96,    16.21,     0.00,     0.09,     0.00,     0.00,     8.27,    11.23,     0.00,     0.00,    12.21,     0.00,     0.00,     0.00,     0.00,     1.14,     0.00,     0.00,     3.88,    22.47,     0.74,     0.00,     4.09,    36.33,    61.95,     5.75,     0.00,  -999.99,  -999.99,  -999.99
cty,19027,MA: Worcester County,1981,02,PRCP,     0.00,     6.42,    24.83,     0.00,     0.13,     0.00,     0.00,     7.23,     8.73,     0.00,     0.46,    21.03,     0.00,     0.00,     0.00,     0.00,     2.26,     0.00,     0.00,     9.19,    30.47,     3.70,     0.07,    21.77,    25.09,    32.63,     4.58,     0.00,  -999.99,  -999.99,  -999.99
cty,20001,MI: Alcona County,1981,02,PRCP,     2.11,     2.83,     0.00,     0.00,     0.00,     0.65,     0.48,     3.50,     0.03,     0.06,    19.62,     0.00,     0.00,     0.00,     0.00,     0.00,     0.00,     0.00,     0.00,     0.00,     0.00,     0.00,     6.40,     0.85,     0.28,     0.00,     0.00,    15.32,  -999.99,  -999.99,  -999.99
cty,20003,MI: Alger County,1981,02,PRCP,     2.06,     6.64,     1.45,     0.96,     0.00,     0.99,     1.37,     9.61,     1.52,     0.00,     7.91,     0.52,     0.06,     0.18,     0.00,     0.00,     0.45,     0.00,     0.56,     0.00,     0.00,     0.00,     9.58,     1.86,     1.50,     0.00,     0.00,    10.20,  -999.99,  -999.99,  -999.99
cty,20005,MI: Allegan County,1981,02,PRCP,     4.85,     2.80,     2.43,     1.08,     0.70,     0.98,     0.25,     0.56,     2.04,     2.43,    16.43,     2.01,     0.00,     0.00,     0.00,     0.00,     0.00,     0.00,     0.00,     0.00,     0.00,     0.00,     3.21,     2.96,     0.00,     0.00,     0.00,     5.73,  -999.99,  -999.99,  -999.99
cty,20007,MI: Alpena County,1981,02,PRCP,     1.90,     2.91,     0.00,     0.00,     0.00,     0.77,     0.46,     3.86,     0.00,     0.01,    15.13,     0.00,     0.00,     0.00,     0.00,     0.00,     0.00,     0.00,     0.00,     0.00,     0.00,     0.00,     4.63,     0.55,     0.21,     0.00,     0.00,    16.17,  -999.99,  -999.99,  -999.99
cty,20009,MI: Antrim County,1981,02,PRCP,     3.28,     2.76,     1.40,     1.09,     0.00,     1.85,     0.89,     6.91,     1.01,     1.22,    11.14,     1.44,     0.30,     0.00,     0.00,     0.00,     0.00,     0.00,     0.00,     0.00,     0.00,     0.00,     3.07,     0.99,     1.57,     0.00,     0.00,    19.16,  -999.99,  -999.99,  -999.99
cty,20011,MI: Arenac County,1981,02,PRCP,     3.12,     2.44,     0.00,     0.00,     0.00,     0.75,     0.31,     3.88,     0.00,     0.27,    27.74,     0.00,     0.59,     0.00,     0.00,     0.00,     0.00,     0.00,     0.00,     0.00,     0.00,     0.00,     9.47,     1.83,     0.02,     0.00,     0.00,    14.88,  -999.99,  -999.99,  -999.99
cty,20013,MI: Baraga County,1981,02,PRCP,     2.27,     6.67,     1.70,     0.80,     0.41,     1.38,     1.65,     6.31,     1.15,     0.82,     4.35,     1.11,     0.00,     0.00,     0.00,     0.02,     0.00,     0.00,     2.48,     0.00,     0.00,     1.97,    13.57,     7.14,     0.92,     0.00,     0.00,     8.52,  -999.99,  -999.99,  -999.99
cty,20015,MI: Barry County,1981,02,PRCP,     4.86,     2.65,     1.47,     0.54,     0.13,     0.53,     0.24,     0.34,     0.72,     2.29,    20.13,     0.73,     0.00,     0.00,     0.00,     0.00,     0.00,     0.00,     0.00,     0.00,     0.00,     0.00,     2.59,     3.27,     0.00,     0.00,     0.00,     5.54,  -999.99,  -999.99,  -999.99
cty,20017,MI: Bay County,1981,02,PRCP,     3.36,     2.15,     0.13,     0.00,     0.00,     0.53,     0.14,     2.44,     0.00,     0.96,    25.88,     0.00,     0.00,     0.00,     0.00,     0.00,     0.00,     0.00,     0.00,     0.00,     0.00,     0.00,     7.57,     2.15,     0.05,     0.00,     0.00,    12.56,  -999.99,  -999.99,  -999.99
cty,20019,MI: Benzie County,1981,02,PRCP,     4.36,     3.14,     1.73,     1.33,     0.00,     3.24,     1.35,     7.61,     0.71,     1.39,    12.48,     1.10,     1.11,     0.00,     0.00,     0.00,     0.00,     0.00,     0.00,     0.00,     0.00,     0.00,     5.16,     0.96,     0.00,     0.00,     0.00,    17.67,  -999.99,  -999.99,  -999.99
cty,20021,MI: Berrien County,1981,02,PRCP,     6.59,     3.99,     1.85,     0.70,     0.45,     1.59,     0.00,     0.18,     1.63,     4.63,    17.18,     1.96,     0.00,     0.00,     0.00,     0.00,     0.00,     0.00,     0.00,     0.00,     0.00,     0.00,     4.19,     5.18,     0.00,     0.00,     0.01,     5.85,  -999.99,  -999.99,  -999.99
cty,20023,MI: Branch County,1981,02,PRCP,     5.60,     3.90,     0.56,     0.18,     0.00,     0.65,     0.00,     0.00,     0.09,     2.58,    22.16,     0.00,     0.00,     0.00,     0.00,     0.86,     0.18,     0.00,     0.03,     0.27,     0.00,     0.00,     2.23,     5.55,     0.00,     0.00,     0.00,     2.05,  -999.99,  -999.99,  -999.99
cty,20025,MI: Calhoun County,1981,02,PRCP,     5.63,     3.93,     0.92,     0.33,     0.00,     0.48,     0.13,     0.00,     0.29,     2.50,    24.48,     0.17,     0.00,     0.00,     0.00,     0.25,     0.09,     0.00,     0.05,     0.02,     0.00,     0.00,     2.62,     5.43,     0.00,     0.00,     0.00,     3.27,  -999.99,  -999.99,  -999.99
cty,20027,MI: Cass County,1981,02,PRCP,     6.23,     4.30,     1.81,     0.80,     0.63,     1.27,     0.00,     0.12,     1.55,     3.60,    19.92,     1.96,     0.00,     0.00,     0.00,     0.00,     0.00,     0.00,     0.00,     0.00,     0.00,     0.00,     2.98,     5.31,     0.00,     0.00,     0.00,     4.55,  -999.99,  -999.99,  -999.99
cty,20029,MI: Charlevoix County,1981,02,PRCP,     2.58,     2.47,     1.02,     0.95,     0.00,     1.47,     0.80,     6.40,     0.66,     1.10,     9.56,     0.91,     0.63,     0.00,     0.00,     0.00,     0.01,     0.00,     0.00,     0.00,     0.00,     0.00,     2.42,     0.64,     1.46,     0.01,     0.00,    15.64,  -999.99,  -999.99,  -999.99
cty,20031,MI: Cheboygan County,1981,02,PRCP,     2.44,     2.93,     0.08,     0.38,     0.00,     0.91,     0.86,     4.83,     0.04,     0.77,     9.78,     0.05,     0.03,     0.00,     0.00,     0.00,     0.00,     0.00,     0.00,     0.00,     0.00,     0.00,     2.05,     0.34,     0.62,     0.00,     0.00,    15.36,  -999.99,  -999.99,  -999.99
cty,20033,MI: Chippewa County,1981,02,PRCP,     4.08,     5.83,     0.56,     0.45,     0.56,     2.12,     2.33,     7.15,     1.68,     0.85,    10.51,     0.81,     1.28,     0.22,     0.00,     0.06,     0.14,     0.03,     0.05,     0.00,     0.00,     0.03,     7.28,     1.93,     2.97,     0.00,     0.00,    16.25,  -999.99,  -999.99,  -999.99
cty,20035,MI: Clare County,1981,02,PRCP,     4.13,     1.53,     0.36,     0.03,     0.03,     1.18,     0.96,     2.44,     0.09,     3.20,    13.01,     0.20,     0.00,     0.00,     0.00,     0.00,     0.00,     0.00,     0.00,     0.00,     0.00,     0.00,     4.44,     5.16,     0.02,     0.00,     0.00,    14.02,  -999.99,  -999.99,  -999.99
cty,20037,MI: Clinton County,1981,02,PRCP,     2.65,     2.42,     0.72,     0.08,     0.00,     0.24,     0.19,     0.43,     0.05,     1.39,    17.71,     0.05,     0.00,     0.00,     0.00,     0.02,     0.00,     0.00,     0.00,     0.01,     0.00,     0.00,     2.15,     2.98,     0.00,     0.00,     0.00,     5.21,  -999.99,  -999.99,  -999.99
cty,20039,MI: Crawford County,1981,02,PRCP,     3.35,     1.70,     0.40,     0.29,     0.00,     0.79,     0.89,     3.77,     0.48,     1.36,    14.15,     0.63,     0.00,     0.00,     0.00,     0.00,     0.00,     0.00,     0.00,     0.00,     0.00,     0.00,     3.95,     1.22,     1.41,     0.00,     0.00,    15.86,  -999.99,  -999.99,  -999.99
cty,20041,MI: Delta County,1981,02,PRCP,     2.26,     4.71,     0.70,     0.45,     0.00,     0.63,     1.26,     7.03,     0.00,     0.00,     5.83,     0.00,     0.00,     0.00,     0.00,     0.03,     0.56,     0.01,     0.05,     0.00,     0.00,     0.00,    10.78,     2.09,     0.00,     0.00,     0.02,    10.03,  -999.99,  -999.99,  -999.99
cty,20043,MI: Dickinson County,1981,02,PRCP,     2.64,     3.37,     0.07,     0.00,     0.00,     0.50,     1.53,     4.39,     0.00,     0.00,     4.31,     0.00,     0.00,     0.00,     0.00,     0.45,     0.00,     0.00,     0.70,     0.00,     0.00,     1.28,    14.94,     6.06,     0.00,     0.00,     0.00,     8.78,  -999.99,  -999.99,  -999.99
cty,20045,MI: Eaton County,1981,02,PRCP,     4.16,     3.33,     1.04,     0.28,     0.03,     0.33,     0.22,     0.18,     0.27,     1.96,    21.28,     0.23,     0.00,     0.00,     0.00,     0.00,     0.00,     0.00,     0.00,     0.00,     0.00,     0.00,     2.16,     3.71,     0.00,     0.00,     0.00,     4.11,  -999.99,  -999.99,  -999.99
cty,20047,MI: Emmet County,1981,02,PRCP,     2.36,     2.85,     0.70,     0.70,     0.00,     1.23,     0.92,     5.56,     0.55,     1.03,     8.91,     0.64,     0.69,     0.00,     0.00,     0.00,     0.00,     0.00,     0.00,     0.00,     0.00,     0.00,     2.34,     0.51,     1.38,     0.02,     0.00,    13.23,  -999.99,  -999.99,  -999.99
cty,20049,MI: Genesee County,1981,02,PRCP,     3.22,     3.98,     1.04,     0.00,     0.00,     0.39,     0.12,     0.34,     0.26,     0.88,    25.23,     0.44,     0.00,     0.00,     0.00,     0.00,     0.00,     0.00,     0.00,     0.00,     0.00,     0.00,     6.92,     2.42,     0.05,     0.00,     0.00,     6.74,  -999.99,  -999.99,  -999.99
cty,20051,MI: Gladwin County,1981,02,PRCP,     3.93,     1.50,     0.00,     0.00,     0.00,     0.73,     0.50,     3.10,     0.00,     2.02,    19.10,     0.00,     0.00,     0.00,     0.00,     0.00,     0.00,     0.00,     0.00,     0.00,     0.00,     0.00,     6.07,     4.66,     0.00,     0.00,     0.00,    13.82,  -999.99,  -999.99,  -999.99
cty,20053,MI: Gogebic County,1981,02,PRCP,     4.15,     5.35,     0.78,     0.23,     0.01,     1.52,     2.15,     3.79,     0.35,     0.89,     3.25,     0.02,     0.00,     0.00,     0.00,     0.00,     0.00,     0.02,     3.69,     0.00,     0.00,     9.12,    17.66,     6.28,     0.13,     0.00,     0.04,     9.68,  -999.99,  -999.99,  -999.99
cty,20055,MI: Grand Traverse County,1981,02,PRCP,     3.31,     2.36,     1.30,     0.96,     0.00,     2.28,     0.81,     6.28,     0.83,     1.23,    11.36,     1.13,     0.39,     0.00,     0.00,     0.00,     0.00,     0.00,     0.00,     0.00,     0.00,     0.00,     3.25,     1.05,     0.49,     0.00,     0.00,    19.26,  -999.99,  -999.99,  -999.99
cty,20057,MI: Gratiot County,1981,02,PRCP,     3.10,     1.86,     0.49,     0.00,     0.00,     0.41,     0.32,     1.28,     0.00,     1.71,    20.44,     0.00,     0.00,     0.00,     0.00,     0.00,     0.00,     0.00,     0.00,     0.00,     0.00,     0.00,     3.38,     4.35,     0.00,     0.00,     0.00,     9.58,  -999.99,  -999.99,  -999.99
cty,20059,MI: Hillsdale County,1981,02,PRCP,     4.19,     6.90,     0.70,     0.04,     0.01,     0.64,     0.10,     0.00,     0.03,     2.19,    27.57,     0.14,     0.00,     0.00,     0.00,     0.47,     0.77,     0.00,     0.04,     1.24,     0.00,     0.00,     3.36,     5.21,     0.00,     0.00,     0.00,     1.75,  -999.99,  -999.99,  -999.99
cty,20061,MI: Houghton County,1981,02,PRCP,     2.68,     8.25,     1.94,     0.78,     0.32,     1.80,     1.71,     5.96,     1.46,     1.22,     4.96,     1.33,     0.00,     0.00,     0.00,     0.00,     0.00,     0.00,     3.85,     0.00,     0.00,     2.45,    16.79,     9.12,     0.98,     0.00,     0.00,     9.83,  -999.99,  -999.99,  -999.99
cty,20063,MI: Huron County,1981,02,PRCP,     1.70,     5.00,     0.74,     0.07,     0.02,     0.49,     0.32,     1.42,     0.51,     0.06,    23.01,     0.37,     0.00,     0.00,     0.00,     0.00,     0.00,     0.00,     0.09,     0.25,     0.00,     0.01,     9.91,     1.51,     0.95,     0.00,     0.00,    10.21,  -999.99,  -999.99,  -999.99
cty,20065,MI: Ingham County,1981,02,PRCP,     3.20,     4.91,     1.19,     0.07,     0.00,     0.26,     0.28,     0.02,     0.37,     1.62,    24.72,     0.39,     0.00,     0.00,     0.00,     0.01,     0.01,     0.00,     0.00,     0.00,     0.00,     0.00,     3.09,     4.39,     0.00,     0.00,     0.00,     3.47,  -999.99,  -999.99,  -999.99
cty,20067,MI: Ionia County,1981,02,PRCP,     3.97,     2.16,     1.04,     0.28,     0.00,     0.48,     0.40,     0.61,     0.29,     2.09,    19.15,     0.31,     0.00,     0.00,     0.00,     0.00,     0.00,     0.00,     0.00,     0.00,     0.00,     0.00,     2.61,     2.90,     0.00,     0.00,     0.00,     7.38,  -999.99,  -999.99,  -999.99
cty,20069,MI: Iosco County,1981,02,PRCP,     2.63,     3.17,     0.00,     0.00,     0.00,     0.74,     0.43,     3.65,     0.06,     0.00,    25.82,     0.00,     0.00,     0.00,     0.00,     0.00,     0.00,     0.00,     0.00,     0.00,     0.00,     0.00,     9.21,     1.31,     0.19,     0.00,     0.00,    15.31,  -999.99,  -999.99,  -999.99
cty,20071,MI: Iron County,1981,02,PRCP,     3.72,     3.81,     0.05,     0.00,     0.00,     0.98,     2.24,     3.38,     0.03,     0.20,     4.29,     0.00,     0.00,     0.00,     0.00,     0.13,     0.00,     0.00,     1.39,     0.00,     0.00,     4.18,    18.04,     8.75,     0.10,     0.00,     0.00,     8.87,  -999.99,  -999.99,  -999.99
cty,20073,MI: Isabella County,1981,02,PRCP,     4.38,     1.69,     0.47,     0.00,     0.00,     1.03,     0.83,     2.20,     0.03,     3.27,    17.66,     0.07,     0.00,     0.00,     0.00,     0.03,     0.00,     0.00,     0.00,     0.00,     0.00,     0.00,     4.47,     6.23,     0.00,     0.00,     0.00,    14.08,  -999.99,  -999.99,  -999.99
cty,20075,MI: Jackson County,1981,02,PRCP,     3.42,     5.61,     1.02,     0.10,     0.00,     0.36,     0.26,     0.00,     0.37,     1.72,    24.44,     0.36,     0.00,     0.00,     0.00,     0.14,     0.29,     0.00,     0.01,     0.40,     0.00,     0.00,     3.06,     4.44,     0.00,     0.00,     0.00,     2.20,  -999.99,  -999.99,  -999.99
cty,20077,MI: Kalamazoo County,1981,02,PRCP,     4.97,     2.87,     1.30,     0.57,     0.31,     0.63,     0.04,     0.14,     0.83,     2.37,    18.77,     0.81,     0.00,     0.00,     0.00,     0.01,     0.00,     0.00,     0.00,     0.00,     0.00,     0.00,     2.40,     4.09,     0.00,     0.00,     0.00,     3.75,  -999.99,  -999.99,  -999.99
cty,20079,MI: Kalkaska County,1981,02,PRCP,     3.72,     2.42,     1.25,     0.80,     0.00,     1.63,     0.93,     5.29,     1.01,     1.45,    11.95,     1.67,     0.02,     0.00,     0.00,     0.00,     0.02,     0.00,     0.02,     0.00,     0.00,     0.00,     3.48,     1.62,     1.61,     0.00,     0.00,    18.80,  -999.99,  -999.99,  -999.99
cty,20081,MI: Kent County,1981,02,PRCP,     4.85,     2.44,     1.91,     0.65,     0.15,     1.09,     0.71,     1.17,     1.10,     2.49,    18.19,     0.90,     0.10,     0.00,     0.00,     0.00,     0.00,     0.00,     0.00,     0.00,     0.00,     0.00,     3.37,     2.82,     0.00,     0.00,     0.00,     8.26,  -999.99,  -999.99,  -999.99
cty,20083,MI: Keweenaw County,1981,02,PRCP,     1.83,     9.61,     2.23,     1.06,     0.51,     1.65,     1.18,     7.16,     1.93,     1.34,     5.28,     1.97,     0.00,     0.15,     0.00,     0.36,     0.00,     0.00,     4.42,     0.00,     0.00,     0.25,    11.05,     8.79,     1.01,     0.00,     0.00,     7.23,  -999.99,  -999.99,  -999.99
cty,20085,MI: Lake County,1981,02,PRCP,     5.94,     3.62,     2.35,     1.28,     0.12,     3.89,     1.79,     5.37,     1.03,     2.88,    14.79,     1.41,     1.57,     0.00,     0.00,     0.00,     0.00,     0.00,     0.00,     0.00,     0.00,     0.00,     4.70,     2.88,     0.00,     0.00,     0.00,    13.86,  -999.99,  -999.99,  -999.99
cty,20087,MI: Lapeer County,1981,02,PRCP,     3.34,     4.89,     1.09,     0.00,     0.00,     0.65,     0.17,     0.37,     0.38,     0.42,    25.16,     0.74,     0.00,     0.00,     0.00,     0.00,     0.10,     0.00,     0.05,     0.05,     0.00,     0.00,    10.85,     2.52,     0.62,     0.00,     0.00,     7.33,  -999.99,  -999.99,  -999.99
cty,20089,MI: Leelanau County,1981,02,PRCP,     3.04,     2.55,     1.10,     0.96,     0.00,     2.33,     0.90,     7.17,     0.72,     1.04,    10.98,     0.72,     0.43,     0.00,     0.00,     0.00,     0.00,     0.00,     0.00,     0.00,     0.00,     0.00,     4.19,     0.65,     0.19,     0.00,     0.00,    18.86,  -999.99,  -999.99,  -999.99
cty,20091,MI: Lenawee County,1981,02,PRCP,     3.30,     8.81,     0.92,     0.00,     0.00,     0.71,     0.19,     0.00,     0.01,     1.86,    31.01,     0.31,     0.00,     0.00,     0.00,     0.15,     1.39,     0.00,     0.00,     3.14,     0.00,     0.00,     5.49,     4.16,     0.00,     0.00,     0.00,     1.57,  -999.99,  -999.99,  -999.99
cty,20093,MI: Livingston County,1981,02,PRCP,     3.16,     6.28,     1.59,     0.00,     0.00,     0.34,     0.34,     0.00,     0.31,     1.41,    29.44,     0.72,     0.00,     0.00,     0.00,     0.00,     0.13,     0.00,     0.00,     0.00,     0.00,     0.00,     5.83,     5.02,     0.00,     0.00,     0.00,     3.48,  -999.99,  -999.99,  -999.99
cty,20095,MI: Luce County,1981,02,PRCP,     1.99,     5.39,     1.53,     0.89,     0.00,     1.21,     1.10,     7.49,     5.08,     0.00,    11.36,     2.33,     0.91,     0.80,     0.00,     0.00,     0.49,     0.00,     0.59,     0.00,     0.00,     0.00,     7.80,     0.63,     6.21,     0.00,     0.00,    10.28,  -999.99,  -999.99,  -999.99
cty,20097,MI: Mackinac County,1981,02,PRCP,     2.69,     4.42,     0.69,     0.58,     0.07,     1.36,     1.40,     5.77,     2.09,     0.44,    10.05,     1.10,     0.90,     0.32,     0.00,     0.00,     0.29,     0.00,     0.04,     0.00,     0.00,     0.00,     5.90,     0.79,     3.14,     0.00,     0.00,    11.63,  -999.99,  -999.99,  -999.99
cty,20099,MI: Macomb County,1981,02,PRCP,     3.44,     8.43,     1.33,     0.00,     0.00,     0.85,     0.29,     0.00,     0.22,     0.96,    29.33,     1.12,     0.00,     0.00,     0.00,     0.00,     0.92,     0.00,     0.45,     1.10,     0.01,     0.00,    13.04,     5.55,     0.91,     0.00,     0.00,     4.37,  -999.99,  -999.99,  -999.99
cty,20101,MI: Manistee County,1981,02,PRCP,     5.26,     3.40,     2.16,     1.45,     0.00,     3.91,     1.60,     6.87,     0.75,     1.83,    13.70,     1.30,     1.77,     0.00,     0.00,     0.00,     0.00,     0.00,     0.00,     0.00,     0.00,     0.00,     5.22,     1.32,     0.00,     0.00,     0.00,    14.80,  -999.99,  -999.99,  -999.99
cty,20103,MI: Marquette County,1981,02,PRCP,     1.48,     5.44,     1.15,     0.28,     0.20,     0.70,     1.07,     6.87,     0.76,     0.03,     4.91,     0.65,     0.00,     0.00,     0.00,     0.15,     0.17,     0.00,     1.16,     0.00,     0.00,     0.32,    10.08,     5.24,     0.89,     0.00,     0.00,     6.92,  -999.99,  -999.99,  -999.99
cty,20105,MI: Mason County,1981,02,PRCP,     5.97,     3.70,     2.63,     1.63,     0.00,     4.14,     2.13,     6.40,     1.28,     1.95,    16.12,     1.37,     2.06,     0.00,     0.00,     0.00,     0.00,     0.00,     0.00,     0.00,     0.00,     0.00,     6.19,     2.03,     0.00,     0.00,     0.00,    14.01,  -999.99,  -999.99,  -999.99
cty,20107,MI: Mecosta County,1981,02,PRCP,     5.15,     2.42,     1.12,     0.39,     0.07,     2.08,     1.53,     2.30,     0.57,     4.21,    14.14,     0.55,     0.14,     0.00,     0.00,     0.00,     0.00,     0.00,     0.00,     0.00,     0.00,     0.00,     4.36,     5.28,     0.00,     0.00,     0.00,    13.07,  -999.99,  -999.99,  -999.99
cty,20109,MI: Menominee County,1981,02,PRCP,     2.89,     2.61,     0.11,     0.00,     0.00,     0.39,     1.83,     5.20,     0.00,     0.00,     4.87,     0.00,     0.00,     0.00,     0.00,     0.02,     0.30,     0.00,     0.06,     0.00,     0.00,     0.36,    16.08,     3.22,     0.00,     0.00,     0.00,    11.29,  -999.99,  -999.99,  -999.99
cty,20111,MI: Midland County,1981,02,PRCP,     3.65,     1.52,     0.21,     0.00,     0.00,     0.53,     0.30,     2.33,     0.00,     1.84,    20.85,     0.00,     0.00,     0.00,     0.00,     0.00,     0.00,     0.00,     0.00,     0.00,     0.00,     0.00,     4.98,     4.66,     0.00,     0.00,     0.00,    12.63,  -999.99,  -999.99,  -999.99
cty,20113,MI: Missaukee County,1981,02,PRCP,     3.80,     1.79,     0.69,     0.39,     0.00,     1.45,     0.97,     3.34,     0.52,     2.28,    11.30,     1.00,     0.08,     0.00,     0.00,     0.00,     0.00,     0.00,     0.00,     0.00,     0.00,     0.00,     3.52,     2.81,     0.88,     0.00,     0.00,    15.79,  -999.99,  -999.99,  -999.99
cty,20115,MI: Monroe County,1981,02,PRCP,     4.11,     8.27,     1.45,     0.00,     0.00,     0.97,     0.10,     0.00,     0.00,     2.24,    32.46,     0.31,     0.00,     0.00,     0.00,     0.29,     1.56,     0.00,     0.08,     7.08,     0.00,     0.00,     8.43,     3.46,     0.00,     0.00,     0.00,     1.46,  -999.99,  -999.99,  -999.99
cty,20117,MI: Montcalm County,1981,02,PRCP,     4.26,     2.09,     1.01,     0.23,     0.00,     1.01,     0.83,     1.47,     0.33,     2.73,    17.63,     0.29,     0.05,     0.00,     0.00,     0.00,     0.00,     0.00,     0.00,     0.00,     0.00,     0.00,     3.50,     4.19,     0.00,     0.00,     0.00,    10.22,  -999.99,  -999.99,  -999.99
cty,20119,MI: Montmorency County,1981,02,PRCP,     2.23,     2.10,     0.00,     0.09,     0.00,     0.61,     0.64,     3.98,     0.00,     0.59,    13.69,     0.00,     0.00,     0.00,     0.00,     0.00,     0.00,     0.00,     0.00,     0.01,     0.00,     0.00,     3.04,     0.39,     0.50,     0.00,     0.00,    16.49,  -999.99,  -999.99,  -999.99
cty,20121,MI: Muskegon County,1981,02,PRCP,     5.63,     3.42,     2.66,     1.18,     0.58,     2.59,     1.46,     2.95,     1.93,     2.36,    17.59,     1.19,     0.95,     0.00,     0.00,     0.00,     0.00,     0.00,     0.00,     0.00,     0.00,     0.00,     5.14,     3.34,     0.00,     0.00,     0.00,     9.01,  -999.99,  -999.99,  -999.99
cty,20123,MI: Newaygo County,1981,02,PRCP,     6.07,     3.68,     2.53,     1.04,     0.30,     3.14,     1.87,     4.06,     1.50,     3.10,    17.83,     0.94,     1.16,     0.00,     0.00,     0.00,     0.00,     0.01,     0.01,     0.00,     0.00,     0.00,     4.97,     4.25,     0.00,     0.00,     0.00,    11.49,  -999.99,  -999.99,  -999.99
cty,20125,MI: Oakland County,1981,02,PRCP,     3.90,     6.86,     1.40,     0.00,     0.00,     0.74,     0.23,     0.00,     0.14,     1.21,    30.04,     0.60,     0.00,     0.00,     0.00,     0.00,     0.63,     0.00,     0.17,     0.25,     0.00,     0.00,    10.54,     3.80,     0.01,     0.00,     0.00,     4.18,  -999.99,  -999.99,  -999.99
cty,20127,MI: Oceana County,1981,02,PRCP,     5.76,     3.76,     2.76,     1.48,     0.47,     3.58,     2.05,     4.60,     1.83,     2.00,    16.70,     1.38,     1.78,     0.00,     0.00,     0.00,     0.00,     0.00,     0.00,     0.00,     0.00,     0.00,     5.70,     2.86,     0.00,     0.00,     0.00,    10.67,  -999.99,  -999.99,  -999.99
cty,20129,MI: Ogemaw County,1981,02,PRCP,     3.46,     2.10,     0.00,     0.00,     0.01,     0.75,     0.64,     3.77,     0.01,     1.10,    22.75,     0.00,     0.00,     0.00,     0.00,     0.00,     0.00,     0.00,     0.00,     0.00,     0.00,     0.00,     7.42,     2.27,     0.20,     0.00,     0.00,    15.59,  -999.99,  -999.99,  -999.99
cty,20131,MI: Ontonagon County,1981,02,PRCP,     3.70,     6.90,     1.72,     0.70,     0.17,     1.84,     1.95,     4.67,     0.79,     0.90,     3.66,     0.51,     0.00,     0.00,     0.00,     0.00,     0.00,     0.00,     3.90,     0.00,     0.00,     5.95,    17.73,     7.38,     0.68,     0.00,     0.00,     9.74,  -999.99,  -999.99,  -999.99
cty,20133,MI: Osceola County,1981,02,PRCP,     4.97,     2.42,     0.93,     0.42,     0.16,     2.47,     1.66,     2.72,     0.54,     4.39,    11.05,     0.88,     0.23,     0.00,     0.00,     0.00,     0.00,     0.00,     0.00,     0.00,     0.00,     0.00,     4.46,     4.84,     0.00,     0.00,     0.00,    14.78,  -999.99,  -999.99,  -999.99
cty,20135,MI: Oscoda County,1981,02,PRCP,     2.89,     1.79,     0.00,     0.01,     0.00,     0.61,     0.75,     3.86,     0.00,     0.85,    18.26,     0.00,     0.00,     0.00,     0.00,     0.00,     0.00,     0.00,     0.00,     0.00,     0.00,     0.00,     4.81,     0.94,     0.61,     0.00,     0.00,    16.74,  -999.99,  -999.99,  -999.99
cty,20137,MI: Otsego County,1981,02,PRCP,     2.75,     2.30,     0.41,     0.55,     0.00,     0.79,     0.93,     4.93,     0.30,     1.01,    12.98,     0.43,     0.00,     0.00,     0.00,     0.00,     0.00,     0.00,     0.00,     0.00,     0.00,     0.00,     2.69,     0.63,     1.32,     0.00,     0.00,    17.16,  -999.99,  -999.99,  -999.99
cty,20139,MI: Ottawa County,1981,02,PRCP,     5.66,     3.22,     2.84,     1.20,     0.70,     1.76,     0.80,     1.65,     2.20,     2.67,    18.69,     1.67,     0.19,     0.00,     0.00,     0.00,     0.00,     0.00,     0.00,     0.00,     0.00,     0.00,     4.46,     3.32,     0.00,     0.00,     0.00,     8.28,  -999.99,  -999.99,  -999.99
cty,20141,MI: Presque Isle County,1981,02,PRCP,     2.01,     3.14,     0.00,     0.02,     0.00,     0.93,     0.55,     4.43,     0.00,     0.16,    11.86,     0.00,     0.00,     0.00,     0.00,     0.00,     0.00,     0.00,     0.00,     0.00,     0.00,     0.00,     3.22,     0.38,     0.18,     0.00,     0.00,    16.75,  -999.99,  -999.99,  -999.99
cty,20143,MI: Roscommon County,1981,02,PRCP,     3.97,     1.59,     0.31,     0.10,     0.00,     0.92,     0.86,     3.47,     0.18,     2.02,    15.83,     0.31,     0.00,     0.00,     0.00,     0.00,     0.00,     0.00,     0.00,     0.00,     0.00,     0.00,     4.94,     2.98,     0.76,     0.00,     0.00,    15.98,  -999.99,  -999.99,  -999.99
cty,20145,MI: Saginaw County,1981,02,PRCP,     2.95,     2.37,     0.45,     0.00,     0.00,     0.30,     0.06,     0.97,     0.01,     1.07,    23.25,     0.00,     0.00,     0.00,     0.00,     0.00,     0.00,     0.00,     0.00,     0.00,     0.00,     0.00,     5.18,     2.23,     0.06,     0.00,     0.00,     8.97,  -999.99,  -999.99,  -999.99
cty,20147,MI: St. Clair County,1981,02,PRCP,     2.45,     9.11,     1.38,     0.00,     0.00,     0.71,     0.45,     0.12,     0.40,     0.51,    27.79,     2.28,     0.00,     0.00,     0.00,     0.00,     0.80,     0.00,     0.68,     1.18,     0.76,     0.00,    13.80,     8.02,     3.75,     0.00,     0.00,     5.64,  -999.99,  -999.99,  -999.99
cty,20149,MI: St. Joseph County,1981,02,PRCP,     5.36,     3.18,     0.79,     0.37,     0.09,     0.79,     0.00,     0.01,     0.46,     2.69,    19.36,     0.38,     0.00,     0.00,     0.00,     0.27,     0.01,     0.00,     0.00,     0.00,     0.00,     0.00,     2.07,     4.87,     0.00,     0.00,     0.00,     2.62,  -999.99,  -999.99,  -999.99
cty,20151,MI: Sanilac County,1981,02,PRCP,     1.92,     6.64,     1.06,     0.00,     0.00,     0.54,     0.37,     0.68,     0.51,     0.03,    25.01,     1.09,     0.00,     0.00,     0.00,     0.00,     0.13,     0.00,     0.29,     0.48,     0.06,     0.00,    11.97,     3.76,     2.15,     0.00,     0.00,     8.01,  -999.99,  -999.99,  -999.99
cty,20153,MI: Schoolcraft County,1981,02,PRCP,     2.63,     5.68,     1.05,     1.06,     0.00,     1.08,     1.60,     8.21,     1.14,     0.00,     9.74,     0.45,     0.11,     0.29,     0.00,     0.00,     0.47,     0.00,     0.12,     0.00,     0.00,     0.00,     9.11,     0.70,     1.62,     0.00,     0.00,    11.49,  -999.99,  -999.99,  -999.99
cty,20155,MI: Shiawassee County,1981,02,PRCP,     2.41,     3.57,     0.85,     0.02,     0.00,     0.20,     0.15,     0.25,     0.06,     1.17,    23.16,     0.13,     0.00,     0.00,     0.00,     0.09,     0.00,     0.00,     0.00,     0.00,     0.00,     0.00,     3.69,     3.08,     0.00,     0.00,     0.00,     5.73,  -999.99,  -999.99,  -999.99
cty,20157,MI: Tuscola County,1981,02,PRCP,     2.75,     3.69,     0.72,     0.00,     0.00,     0.53,     0.09,     1.01,     0.37,     0.12,    23.94,     0.24,     0.00,     0.00,     0.00,     0.00,     0.00,     0.00,     0.00,     0.00,     0.00,     0.00,     9.08,     1.20,     0.45,     0.00,     0.00,     9.51,  -999.99,  -999.99,  -999.99
cty,20159,MI: Van Buren County,1981,02,PRCP,     5.22,     3.32,     2.24,     1.03,     0.79,     1.08,     0.00,     0.39,     1.98,     2.79,    17.40,     2.27,     0.00,     0.00,     0.00,     0.00,     0.00,     0.00,     0.00,     0.00,     0.00,     0.00,     3.08,     3.84,     0.00,     0.00,     0.00,     5.32,  -999.99,  -999.99,  -999.99
cty,20161,MI: Washtenaw County,1981,02,PRCP,     3.13,     6.98,     1.30,     0.00,     0.00,     0.53,     0.26,     0.00,     0.10,     1.59,    28.31,     0.42,     0.00,     0.00,     0.00,     0.05,     0.71,     0.00,     0.05,     1.12,     0.00,     0.00,     6.33,     4.17,     0.00,     0.00,     0.00,     1.91,  -999.99,  -999.99,  -999.99
cty,20163,MI: Wayne County,1981,02,PRCP,     3.99,     7.88,     1.51,     0.00,     0.00,     0.87,     0.20,     0.00,     0.02,     1.67,    30.61,     0.47,     0.00,     0.00,     0.00,     0.09,     1.12,     0.01,     0.24,     2.71,     0.00,     0.02,    10.29,     4.01,     0.00,     0.00,     0.00,     2.38,  -999.99,  -999.99,  -999.99
cty,20165,MI: Wexford County,1981,02,PRCP,     4.14,     2.64,     1.51,     0.94,     0.00,     2.58,     1.10,     4.79,     0.69,     1.89,    11.38,     1.45,     0.83,     0.00,     0.00,     0.00,     0.00,     0.00,     0.00,     0.00,     0.00,     0.00,     3.31,     1.93,     0.27,     0.00,     0.00,    14.91,  -999.99,  -999.99,  -999.99
cty,21001,MN: Aitkin County,1981,02,PRCP,     8.54,     0.00,     0.00,     0.00,     0.00,     0.16,     1.76,     1.57,     0.18,     0.20,     0.06,     0.00,     0.00,     0.00,     0.00,     0.00,     0.00,     0.73,     0.00,     0.00,     0.00,     9.68,     0.15,     0.06,     0.00,     0.00,     0.25,     9.39,  -999.99,  -999.99,  -999.99
cty,21003,MN: Anoka County,1981,02,PRCP,     7.61,     0.00,     0.00,     0.00,     0.00,     0.03,     5.03,     1.45,     0.36,     1.07,     0.80,     0.18,     0.00,     0.00,     0.00,     0.00,     0.00,     1.21,     0.00,     0.00,     0.00,     9.91,     1.69,     0.00,     0.00,     0.00,     2.29,    13.72,  -999.99,  -999.99,  -999.99
cty,21005,MN: Becker County,1981,02,PRCP,     2.74,     0.00,     0.00,     0.00,     0.01,     0.06,     3.06,     0.93,     0.00,     0.00,     0.00,     0.00,     0.00,     0.00,     0.00,     0.00,     0.00,     0.00,     0.00,     0.00,     0.00,     0.00,     0.00,     0.00,     0.00,     0.00,     2.65,     6.35,  -999.99,  -999.99,  -999.99
cty,21007,MN: Beltrami County,1981,02,PRCP,     2.99,     0.00,     0.00,     0.00,     0.00,     0.35,     2.22,     0.72,     0.05,     0.00,     0.00,     0.00,     0.00,     0.00,     0.00,     0.00,     0.00,     0.00,     0.00,     0.00,     0.39,     0.02,     0.00,     0.00,     0.00,     0.00,     0.28,     2.45,  -999.99,  -999.99,  -999.99
cty,21009,MN: Benton County,1981,02,PRCP,     7.92,     0.00,     0.00,     0.00,     0.00,     0.00,     2.86,     1.44,     0.08,     0.50,     0.44,     0.00,     0.00,     0.00,     0.00,     0.00,     0.00,     0.71,     0.00,     0.00,     0.00,     6.82,     0.00,     0.00,     0.00,     0.00,     1.01,    10.75,  -999.99,  -999.99,  -999.99
cty,21011,MN: Big Stone County,1981,02,PRCP,     4.19,     0.00,     0.00,     0.00,     0.00,     0.19,     2.92,     0.18,     0.64,     1.11,     0.00,     0.00,     0.00,     0.00,     0.00,     0.00,     0.00,     0.00,     0.00,     0.00,     0.00,     0.00,     0.00,     0.00,     0.00,     0.00,     7.77,     7.91,  -999.99,  -999.99,  -999.99
cty,21013,MN: Blue Earth County,1981,02,PRCP,     6.91,     0.00,     0.00,     0.00,     0.00,     0.58,     1.23,     0.37,     0.92,     1.47,     2.17,     0.00,     0.00,     0.00,     0.00,     0.00,     0.00,     0.00,     0.02,     0.00,     0.00,     3.76,     0.00,     0.00,     0.00,     0.00,    20.95,     1.17,  -999.99,  -999.99,  -999.99
cty,21015,MN: Brown County,1981,02,PRCP,     7.63,     0.00,     0.00,     0.00,     0.00,     0.31,     0.80,     0.19,     0.73,     1.06,     1.60,     0.00,     0.00,     0.00,     0.00,     0.00,     0.00,     0.00,     0.03,     0.00,     0.00,     1.74,     0.00,     0.00,     0.00,     0.00,    19.96,     2.12,  -999.99,  -999.99,  -999.99
cty,21017,MN: Carlton County,1981,02,PRCP,     9.13,     0.00,     0.00,     0.00,     0.00,     0.22,     1.54,     2.03,     0.11,     0.61,     0.49,     0.00,     0.00,     0.00,     0.00,     0.00,     0.00,     1.67,     0.09,     0.00,     0.00,    13.64,     2.39,     0.76,     0.00,     0.00,     0.00,    10.38,  -999.99,  -999.99,  -999.99
cty,21019,MN: Carver County,1981,02,PRCP,     8.51,     0.00,     0.00,     0.00,     0.00,     0.43,     5.46,     1.40,     0.63,     1.21,     1.53,     0.19,     0.00,     0.00,     0.00,     0.00,     0.00,     0.44,     0.00,     0.00,     0.00,     5.82,     0.00,     0.00,     0.00,     0.00,    18.23,     7.07,  -999.99,  -999.99,  -999.99
cty,21021,MN: Cass County,1981,02,PRCP,     6.19,     0.00,     0.00,     0.00,     0.00,     0.24,     1.82,     1.64,     0.22,     0.00,     0.00,     0.00,     0.00,     0.00,     0.00,     0.00,     0.00,     0.12,     0.00,     0.00,     0.00,     3.11,     0.00,     0.00,     0.00,     0.00,     0.01,     8.82,  -999.99,  -999.99,  -999.99
cty,21023,MN: Chippewa County,1981,02,PRCP,     9.29,     0.00,     0.00,     0.00,     0.00,     1.19,     3.50,     0.58,     0.39,     1.95,     0.00,     0.00,     0.00,     0.00,     0.00,     0.00,     0.00,     0.00,     0.03,     0.00,     0.78,     0.93,     0.00,     0.00,     0.00,     0.00,    19.86,     8.06,  -999.99,  -999.99,  -999.99
cty,21025,MN: Chisago County,1981,02,PRCP,     8.23,     0.00,     0.00,     0.00,     0.00,     0.02,     4.77,     1.97,     0.18,     1.16,     0.89,     0.17,     0.00,     0.00,     0.00,     0.00,     0.00,     1.02,     0.00,     0.00,     0.00,    14.39,     3.61,     0.03,     0.00,     0.00,     1.45,    17.45,  -999.99,  -999.99,  -999.99
cty,21027,MN: Clay County,1981,02,PRCP,     1.43,     0.03,     0.00,     0.00,     0.00,     0.00,     1.87,     1.21,     0.01,     0.00,     0.00,     0.00,     0.00,     0.00,     0.00,     0.00,     0.00,     0.00,     0.00,     0.00,     0.00,     0.00,     0.00,     0.00,     0.00,     0.00,     1.12,     8.44,  -999.99,  -999.99,  -999.99
cty,21029,MN: Clearwater County,1981,02,PRCP,     3.65,     0.00,     0.00,     0.00,     0.00,     0.30,     3.59,     0.92,     0.00,     0.00,     0.00,     0.00,     0.00,     0.00,     0.00,     0.00,     0.00,     0.00,     0.00,     0.00,     0.06,     0.00,     0.00,     0.00,     0.00,     0.00,     0.63,     4.47,  -999.99,  -999.99,  -999.99
cty,21031,MN: Cook County,1981,02,PRCP,     6.93,     6.25,     0.15,     0.01,     0.05,     1.87,     1.52,     3.43,     0.40,     0.83,     2.94,     0.04,     0.00,     0.00,     0.00,     0.00,     0.00,     0.50,     2.60,     0.00,     0.00,     8.43,    12.56,     5.93,     0.04,     0.00,     0.00,     7.81,  -999.99,  -999.99,  -999.99
cty,21033,MN: Cottonwood County,1981,02,PRCP,     6.66,     0.00,     0.00,     0.00,     0.00,     0.00,     0.00,     0.00,     0.26,     1.11,     1.22,     0.00,     0.00,     0.00,     0.00,     0.00,     0.00,     0.00,     0.00,     0.00,     0.00,     1.15,     0.00,     0.00,     0.00,     0.00,    15.92,     1.62,  -999.99,  -999.99,  -999.99
cty,21035,MN: Crow Wing County,1981,02,PRCP,     9.43,     0.00,     0.00,     0.00,     0.00,     0.09,     1.93,     2.47,     0.09,     0.04,     0.00,     0.00,     0.00,     0.00,     0.00,     0.00,     0.00,     0.36,     0.00,     0.00,     0.00,     7.30,     0.00,     0.00,     0.00,     0.00,     0.11,    13.67,  -999.99,  -999.99,  -999.99
cty,21037,MN: Dakota County,1981,02,PRCP,     7.80,     0.00,     0.00,     0.00,     0.00,     0.35,     5.89,     1.77,     0.60,     1.61,     1.44,     0.18,     0.00,     0.00,     0.00,     0.00,     0.00,     0.03,     0.00,     0.00,     0.00,    12.43,     5.85,     0.00,     0.00,     0.00,    11.32,    11.95,  -999.99,  -999.99,  -999.99
cty,21039,MN: Dodge County,1981,02,PRCP,     6.66,     0.00,     0.00,     0.00,     0.00,     0.51,     3.43,     0.86,     0.59,     1.98,     2.31,     0.00,     0.00,     0.00,     0.00,     0.00,     0.00,     0.00,     0.00,     0.00,     0.00,    15.56,    12.18,     0.00,     0.00,     0.00,     9.64,     7.16,  -999.99,  -999.99,  -999.99
cty,21041,MN: Douglas County,1981,02,PRCP,     6.41,     0.01,     0.00,     0.00,     0.00,     0.35,     3.58,     1.42,     0.47,     0.76,     0.00,     0.00,     0.00,     0.00,     0.00,     0.00,     0.00,     0.39,     0.00,     0.00,     0.00,     0.92,     0.00,     0.00,     0.00,     0.00,     2.26,    12.06,  -999.99,  -999.99,  -999.99
cty,21043,MN: Faribault County,1981,02,PRCP,     8.00,     0.00,     0.00,     0.00,     0.00,     0.74,     0.05,     0.00,     0.62,     2.21,     3.07,     0.00,     0.00,     0.00,     0.00,     0.01,     0.00,     0.00,     0.00,     0.00,     0.00,     5.45,     0.18,     0.00,     0.00,     0.00,    22.49,     0.84,  -999.99,  -999.99,  -999.99
cty,21045,MN: Fillmore County,1981,02,PRCP,     4.42,     0.00,     0.00,     0.00,     0.00,     1.29,     2.43,     0.08,     0.14,     3.04,     2.99,     0.00,     0.00,     0.00,     0.00,     0.06,     0.00,     0.00,     0.00,     0.00,     0.00,    23.55,    17.56,     0.00,     0.00,     0.00,     3.44,     6.06,  -999.99,  -999.99,  -999.99
cty,21047,MN: Freeborn County,1981,02,PRCP,     6.80,     0.00,     0.00,     0.00,     0.00,     0.64,     0.82,     0.29,     0.70,     2.15,     2.39,     0.00,     0.00,     0.00,     0.00,     0.00,     0.00,     0.00,     0.00,     0.00,     0.00,     9.73,     4.55,     0.00,     0.00,     0.00,    14.08,     1.52,  -999.99,  -999.99,  -999.99
cty,21049,MN: Goodhue County,1981,02,PRCP,     6.72,     0.00,     0.00,     0.00,     0.00,     0.36,     5.18,     1.39,     0.38,     1.59,     1.72,     0.03,     0.00,     0.00,     0.00,     0.00,     0.00,     0.00,     0.00,     0.00,     0.00,    15.95,    12.98,     0.00,     0.00,     0.00,     8.45,    12.14,  -999.99,  -999.99,  -999.99
cty,21051,MN: Grant County,1981,02,PRCP,     3.50,     0.12,     0.00,     0.00,     0.00,     0.14,     2.68,     0.83,     0.66,     0.46,     0.00,     0.00,     0.00,     0.00,     0.00,     0.00,     0.00,     0.24,     0.00,     0.00,     0.00,     0.00,     0.00,     0.00,     0.00,     0.00,     3.20,     7.85,  -999.99,  -999.99,  -999.99
cty,21053,MN: Hennepin County,1981,02,PRCP,     8.99,     0.00,     0.00,     0.00,     0.00,     0.26,     6.12,     1.74,     0.56,     1.30,     1.25,     0.26,     0.00,     0.00,     0.00,     0.00,     0.00,     0.84,     0.00,     0.00,     0.00,     8.96,     0.85,     0.00,     0.00,     0.00,    10.21,    11.61,  -999.99,  -999.99,  -999.99
cty,21055,MN: Houston County,1981,02,PRCP,     4.33,     0.00,     0.00,     0.00,     0.00,     1.95,     2.17,     0.00,     0.31,     2.49,     2.65,     0.00,     0.00,     0.00,     0.00,     0.00,     0.00,     0.00,     0.00,     0.00,     0.00,    22.15,    16.39,     0.61,     0.00,     0.00,     1.55,     6.12,  -999.99,  -999.99,  -999.99
cty,21057,MN: Hubbard County,1981,02,PRCP,     3.33,     0.00,     0.00,     0.00,     0.00,     0.23,     2.00,     0.91,     0.11,     0.00,     0.00,     0.00,     0.00,     0.00,     0.00,     0.00,     0.00,     0.00,     0.01,     0.00,     0.00,     0.31,     0.00,     0.00,     0.00,     0.00,     0.26,     5.34,  -999.99,  -999.99,  -999.99
cty,21059,MN: Isanti County,1981,02,PRCP,     7.67,     0.00,     0.00,     0.00,     0.00,     0.00,     3.86,     1.33,     0.19,     0.82,     0.77,     0.03,     0.00,     0.00,     0.00,     0.00,     0.00,     1.29,     0.00,     0.00,     0.00,     9.96,     0.74,     0.00,     0.00,     0.00,     0.77,    13.02,  -999.99,  -999.99,  -999.99
cty,21061,MN: Itasca County,1981,02,PRCP,     6.56,     0.00,     0.00,     0.00,     0.00,     0.48,     1.69,     1.24,     0.27,     0.00,     0.08,     0.00,     0.00,     0.00,     0.00,     0.00,     0.00,     0.78,     0.00,     0.00,     0.01,     4.41,     0.19,     0.07,     0.00,     0.00,     0.00,     4.50,  -999.99,  -999.99,  -999.99
cty,21063,MN: Jackson County,1981,02,PRCP,     6.74,     0.00,     0.00,     0.00,     0.00,     0.00,     0.00,     0.00,     0.13,     1.25,     1.29,     0.00,     0.00,     0.00,     0.00,     0.00,     0.00,     0.00,     0.00,     0.00,     0.00,     0.73,     0.00,     0.00,     0.00,     0.00,    13.73,     0.75,  -999.99,  -999.99,  -999.99
cty,21065,MN: Kanabec County,1981,02,PRCP,     8.70,     0.00,     0.00,     0.00,     0.00,     0.00,     2.82,     1.45,     0.00,     0.77,     0.87,     0.01,     0.00,     0.00,     0.00,     0.00,     0.00,     1.02,     0.00,     0.00,     0.00,    12.02,     0.33,     0.16,     0.00,     0.00,     0.74,    13.04,  -999.99,  -999.99,  -999.99
cty,21067,MN: Kandiyohi County,1981,02,PRCP,     7.98,     0.00,     0.00,     0.00,     0.00,     0.64,     3.28,     1.17,     0.61,     1.20,     0.40,     0.00,     0.00,     0.00,     0.00,     0.00,     0.00,     0.04,     0.00,     0.00,     0.00,     2.49,     0.00,     0.00,     0.00,     0.00,     7.48,     7.79,  -999.99,  -999.99,  -999.99
cty,21069,MN: Kittson County,1981,02,PRCP,     7.16,     0.01,     0.00,     0.00,     0.04,     0.00,     1.79,     1.09,     0.00,     0.00,     0.00,     0.00,     0.00,     0.00,     0.00,     0.00,     0.00,     0.00,     0.00,     0.00,     0.00,     0.00,     0.00,     0.00,     0.00,     0.00,     0.03,     7.49,  -999.99,  -999.99,  -999.99
cty,21071,MN: Koochiching County,1981,02,PRCP,     3.27,     0.00,     0.00,     0.00,     0.00,     0.52,     1.20,     0.63,     0.00,     0.00,     0.00,     0.00,     0.00,     0.00,     0.00,     0.00,     0.00,     0.11,     0.00,     0.00,     0.19,     1.27,     0.23,     0.08,     0.00,     0.00,     0.00,     1.54,  -999.99,  -999.99,  -999.99
cty,21073,MN: Lac qui Parle County,1981,02,PRCP,     6.56,     0.00,     0.00,     0.00,     0.00,     0.63,     2.20,     0.00,     0.36,     2.05,     0.00,     0.00,     0.00,     0.00,     0.00,     0.00,     0.00,     0.00,     0.14,     0.00,     0.19,     0.00,     0.00,     0.00,     0.00,     0.00,    17.66,     9.69,  -999.99,  -999.99,  -999.99
cty,21075,MN: Lake County,1981,02,PRCP,     9.14,     2.36,     0.00,     0.00,     0.00,     1.32,     1.26,     2.29,     0.00,     0.42,     0.67,     0.00,     0.00,     0.00,     0.00,     0.00,     0.00,     1.30,     0.45,     0.00,     0.68,    12.67,     8.48,     2.24,     0.00,     0.00,     0.03,     7.04,  -999.99,  -999.99,  -999.99
cty,21077,MN: Lake of the Woods County,1981,02,PRCP,     2.05,     0.00,     0.00,     0.00,     0.00,     0.35,     1.33,     0.37,     0.00,     0.00,     0.00,     0.00,     0.00,     0.00,     0.00,     0.00,     0.00,     0.00,     0.00,     0.00,     0.41,     0.00,     0.00,     0.00,     0.00,     0.00,     0.04,     0.85,  -999.99,  -999.99,  -999.99
cty,21079,MN: Le Sueur County,1981,02,PRCP,     7.29,     0.00,     0.00,     0.00,     0.00,     0.56,     3.47,     0.99,     0.97,     1.40,     1.68,     0.00,     0.00,     0.00,     0.00,     0.00,     0.00,     0.01,     0.00,     0.00,     0.00,     5.59,     0.23,     0.00,     0.00,     0.00,    19.91,     3.32,  -999.99,  -999.99,  -999.99
cty,21081,MN: Lincoln County,1981,02,PRCP,     6.03,     0.00,     0.00,     0.00,     0.00,     0.02,     0.10,     0.00,     0.15,     2.51,     0.00,     0.00,     0.00,     0.00,     0.00,     0.00,     0.00,     0.00,     0.01,     0.00,     0.00,     0.51,     0.00,     0.00,     0.00,     0.00,    15.10,    10.27,  -999.99,  -999.99,  -999.99
cty,21083,MN: Lyon County,1981,02,PRCP,     5.19,     0.00,     0.00,     0.00,     0.00,     0.03,     0.08,     0.00,     0.02,     1.68,     0.06,     0.00,     0.00,     0.00,     0.00,     0.00,     0.00,     0.00,     0.02,     0.00,     0.00,     1.19,     0.00,     0.00,     0.00,     0.00,    13.89,     5.33,  -999.99,  -999.99,  -999.99
cty,21085,MN: McLeod County,1981,02,PRCP,     8.17,     0.00,     0.00,     0.00,     0.00,     0.52,     4.17,     0.91,     0.76,     1.03,     1.46,     0.01,     0.00,     0.00,     0.00,     0.00,     0.00,     0.25,     0.00,     0.00,     0.00,     3.55,     0.00,     0.00,     0.00,     0.00,    14.79,     5.67,  -999.99,  -999.99,  -999.99
cty,21087,MN: Mahnomen County,1981,02,PRCP,     2.53,     0.00,     0.00,     0.00,     0.06,     0.05,     3.26,     0.71,     0.00,     0.00,     0.00,     0.00,     0.00,     0.00,     0.00,     0.00,     0.00,     0.00,     0.00,     0.00,     0.00,     0.00,     0.00,     0.00,     0.00,     0.00,     1.06,     4.72,  -999.99,  -999.99,  -999.99
cty,21089,MN: Marshall County,1981,02,PRCP,     3.47,     0.00,     0.00,     0.00,     0.09,     0.00,     1.43,     0.53,     0.01,     0.00,     0.00,     0.00,     0.00,     0.00,     0.00,     0.00,     0.00,     0.00,     0.00,     0.00,     0.00,     0.00,     0.00,     0.00,     0.00,     0.00,     0.24,     4.83,  -999.99,  -999.99,  -999.99
cty,21091,MN: Martin County,1981,02,PRCP,     6.88,     0.00,     0.00,     0.00,     0.00,     0.29,     0.00,     0.00,     0.40,     1.44,     3.03,     0.00,     0.00,     0.00,     0.00,     0.00,     0.00,     0.00,     0.00,     0.00,     0.00,     1.83,     0.00,     0.00,     0.00,     0.00,    20.20,     0.66,  -999.99,  -999.99,  -999.99
cty,21093,MN: Meeker County,1981,02,PRCP,     8.33,     0.00,     0.00,     0.00,     0.00,     0.47,     3.96,     1.15,     0.68,     0.93,     1.04,     0.00,     0.00,     0.00,     0.00,     0.00,     0.00,     0.25,     0.00,     0.00,     0.00,     3.63,     0.00,     0.00,     0.00,     0.00,     6.99,     8.04,  -999.99,  -999.99,  -999.99
cty,21095,MN: Mille Lacs County,1981,02,PRCP,     7.66,     0.00,     0.00,     0.00,     0.00,     0.00,     2.55,     1.28,     0.03,     0.54,     0.63,     0.00,     0.00,     0.00,     0.00,     0.00,     0.00,     0.93,     0.00,     0.00,     0.00,     8.69,     0.00,     0.00,     0.00,     0.00,     0.51,    10.67,  -999.99,  -999.99,  -999.99
cty,21097,MN: Morrison County,1981,02,PRCP,    10.31,     0.00,     0.00,     0.00,     0.00,     0.00,     2.86,     2.31,     0.00,     0.29,     0.02,     0.00,     0.00,     0.00,     0.00,     0.00,     0.00,     0.63,     0.00,     0.00,     0.00,     8.22,     0.00,     0.00,     0.00,     0.00,     0.55,    16.49,  -999.99,  -999.99,  -999.99
cty,21099,MN: Mower County,1981,02,PRCP,     5.76,     0.06,     0.00,     0.00,     0.00,     0.73,     1.85,     0.39,     0.51,     2.49,     2.77,     0.00,     0.00,     0.00,     0.00,     0.23,     0.00,     0.00,     0.00,     0.00,     0.00,    16.78,    14.18,     0.00,     0.00,     0.00,     6.65,     4.39,  -999.99,  -999.99,  -999.99
cty,21101,MN: Murray County,1981,02,PRCP,     5.58,     0.00,     0.00,     0.00,     0.00,     0.00,     0.00,     0.00,     0.00,     1.57,     0.31,     0.00,     0.00,     0.00,     0.00,     0.00,     0.00,     0.00,     0.00,     0.00,     0.00,     1.12,     0.00,     0.00,     0.00,     0.00,    11.32,     2.88,  -999.99,  -999.99,  -999.99
cty,21103,MN: Nicollet County,1981,02,PRCP,     7.76,     0.00,     0.00,     0.00,     0.00,     0.57,     2.48,     0.59,     1.11,     1.27,     1.81,     0.00,     0.00,     0.00,     0.00,     0.00,     0.00,     0.00,     0.09,     0.00,     0.00,     3.09,     0.00,     0.00,     0.00,     0.00,    21.39,     2.40,  -999.99,  -999.99,  -999.99
cty,21105,MN: Nobles County,1981,02,PRCP,     7.04,     0.00,     0.00,     0.00,     0.00,     0.00,     0.00,     0.00,     0.02,     1.89,     0.34,     0.00,     0.00,     0.00,     0.00,     0.00,     0.00,     0.00,     0.00,     0.00,     0.00,     0.67,     0.00,     0.00,     0.00,     0.00,    10.29,     1.31,  -999.99,  -999.99,  -999.99
cty,21107,MN: Norman County,1981,02,PRCP,     1.93,     0.02,     0.00,     0.00,     0.00,     0.00,     2.37,     1.12,     0.00,     0.00,     0.00,     0.00,     0.00,     0.00,     0.00,     0.00,     0.00,     0.00,     0.00,     0.00,     0.00,     0.00,     0.00,     0.00,     0.00,     0.00,     0.75,     8.06,  -999.99,  -999.99,  -999.99
cty,21109,MN: Olmsted County,1981,02,PRCP,     4.66,     0.00,     0.00,     0.00,     0.00,     0.62,     3.36,     0.69,     0.21,     1.71,     2.23,     0.00,     0.00,     0.00,     0.00,     0.00,     0.00,     0.00,     0.00,     0.00,     0.00,    17.51,    15.38,     0.01,     0.00,     0.00,     4.58,     8.22,  -999.99,  -999.99,  -999.99
cty,21111,MN: Otter Tail County,1981,02,PRCP,     3.27,     0.02,     0.00,     0.00,     0.00,     0.06,     2.69,     1.03,     0.38,     0.01,     0.00,     0.00,     0.00,     0.00,     0.00,     0.00,     0.00,     0.00,     0.00,     0.00,     0.00,     0.08,     0.00,     0.00,     0.00,     0.00,     2.37,     8.35,  -999.99,  -999.99,  -999.99
cty,21113,MN: Pennington County,1981,02,PRCP,     2.63,     0.00,     0.00,     0.00,     0.00,     0.00,     2.11,     0.41,     0.00,     0.00,     0.00,     0.00,     0.00,     0.00,     0.00,     0.00,     0.00,     0.00,     0.00,     0.00,     0.00,     0.00,     0.00,     0.00,     0.00,     0.00,     0.50,     3.10,  -999.99,  -999.99,  -999.99
cty,21115,MN: Pine County,1981,02,PRCP,    10.18,     0.00,     0.00,     0.00,     0.00,     0.07,     2.86,     2.30,     0.00,     0.98,     1.00,     0.02,     0.00,     0.00,     0.00,     0.00,     0.00,     2.18,     0.24,     0.00,     0.00,    17.45,     3.21,     0.74,     0.00,     0.00,     0.40,    16.51,  -999.99,  -999.99,  -999.99
cty,21117,MN: Pipestone County,1981,02,PRCP,     5.54,     0.00,     0.00,     0.00,     0.00,     0.00,     0.00,     0.00,     0.00,     2.04,     0.00,     0.00,     0.00,     0.00,     0.00,     0.00,     0.00,     0.00,     0.00,     0.00,     0.00,     0.25,     0.00,     0.00,     0.00,     0.00,     9.86,     5.22,  -999.99,  -999.99,  -999.99
cty,21119,MN: Polk County,1981,02,PRCP,     2.98,     0.00,     0.00,     0.00,     0.03,     0.05,     2.53,     0.96,     0.00,     0.00,     0.00,     0.00,     0.00,     0.00,     0.00,     0.00,     0.00,     0.00,     0.00,     0.00,     0.00,     0.00,     0.00,     0.00,     0.00,     0.00,     0.23,     7.28,  -999.99,  -999.99,  -999.99
cty,21121,MN: Pope County,1981,02,PRCP,     9.03,     0.00,     0.00,     0.00,     0.00,     0.68,     4.63,     1.56,     0.65,     1.33,     0.00,     0.00,     0.00,     0.00,     0.00,     0.00,     0.00,     0.36,     0.00,     0.00,     0.00,     1.30,     0.00,     0.00,     0.00,     0.00,     5.51,    13.12,  -999.99,  -999.99,  -999.99
cty,21123,MN: Ramsey County,1981,02,PRCP,     8.16,     0.00,     0.00,     0.00,     0.00,     0.22,     6.20,     1.83,     0.48,     1.51,     1.10,     0.31,     0.00,     0.00,     0.00,     0.00,     0.00,     0.51,     0.00,     0.00,     0.00,    12.16,     3.84,     0.00,     0.00,     0.00,     6.18,    15.15,  -999.99,  -999.99,  -999.99
cty,21125,MN: Red Lake County,1981,02,PRCP,     2.97,     0.00,     0.00,     0.00,     0.00,     0.00,     2.78,     0.60,     0.00,     0.00,     0.00,     0.00,     0.00,     0.00,     0.00,     0.00,     0.00,     0.00,     0.00,     0.00,     0.00,     0.00,     0.00,     0.00,     0.00,     0.00,     0.54,     4.54,  -999.99,  -999.99,  -999.99
cty,21127,MN: Redwood County,1981,02,PRCP,     7.24,     0.00,     0.00,     0.00,     0.00,     0.19,     0.43,     0.02,     0.31,     1.26,     0.90,     0.00,     0.00,     0.00,     0.00,     0.00,     0.00,     0.00,     0.00,     0.00,     0.00,     1.37,     0.00,     0.00,     0.00,     0.00,    17.28,     3.29,  -999.99,  -999.99,  -999.99
cty,21129,MN: Renville County,1981,02,PRCP,     7.49,     0.00,     0.00,     0.00,     0.00,     0.57,     2.10,     0.56,     0.61,     1.16,     0.86,     0.00,     0.00,     0.00,     0.00,     0.00,     0.00,     0.00,     0.00,     0.00,     0.01,     1.80,     0.00,     0.00,     0.00,     0.00,    13.96,     4.36,  -999.99,  -999.99,  -999.99
cty,21131,MN: Rice County,1981,02,PRCP,     8.10,     0.03,     0.00,     0.00,     0.00,     0.60,     4.86,     1.50,     1.04,     1.76,     1.92,     0.00,     0.00,     0.00,     0.00,     0.00,     0.00,     0.00,     0.00,     0.00,     0.00,    10.53,     3.94,     0.00,     0.00,     0.00,    17.54,     6.57,  -999.99,  -999.99,  -999.99
cty,21133,MN: Rock County,1981,02,PRCP,     5.79,     0.00,     0.00,     0.00,     0.00,     0.00,     0.00,     0.00,     0.00,     2.45,     0.00,     0.00,     0.00,     0.00,     0.00,     0.16,     0.00,     0.00,     0.00,     0.00,     0.00,     0.51,     0.00,     0.00,     0.00,     0.00,     7.50,     2.22,  -999.99,  -999.99,  -999.99
cty,21135,MN: Roseau County,1981,02,PRCP,     2.66,     0.00,     0.00,     0.00,     0.00,     0.01,     1.09,     0.12,     0.00,     0.00,     0.00,     0.00,     0.00,     0.00,     0.00,     0.00,     0.00,     0.00,     0.00,     0.00,     0.02,     0.00,     0.00,     0.00,     0.00,     0.00,     0.21,     1.17,  -999.99,  -999.99,  -999.99
cty,21137,MN: St. Louis County,1981,02,PRCP,     9.17,     0.17,     0.00,     0.00,     0.00,     0.74,     1.20,     1.75,     0.09,     0.20,     0.08,     0.00,     0.00,     0.00,     0.00,     0.00,     0.00,     2.25,     0.01,     0.00,     0.08,    10.67,     3.80,     0.68,     0.00,     0.00,     0.01,     4.97,  -999.99,  -999.99,  -999.99
cty,21139,MN: Scott County,1981,02,PRCP,     8.41,     0.00,     0.00,     0.00,     0.00,     0.46,     5.38,     1.64,     0.81,     1.46,     1.56,     0.13,     0.00,     0.00,     0.00,     0.00,     0.00,     0.20,     0.00,     0.00,     0.00,     7.78,     0.90,     0.00,     0.00,     0.00,    19.49,     7.21,  -999.99,  -999.99,  -999.99
cty,21141,MN: Sherburne County,1981,02,PRCP,     8.42,     0.00,     0.00,     0.00,     0.00,     0.00,     4.23,     1.38,     0.26,     0.74,     0.87,     0.01,     0.00,     0.00,     0.00,     0.00,     0.00,     1.12,     0.00,     0.00,     0.00,     7.49,     0.00,     0.00,     0.00,     0.00,     2.21,    11.38,  -999.99,  -999.99,  -999.99
cty,21143,MN: Sibley County,1981,02,PRCP,     8.97,     0.00,     0.00,     0.00,     0.00,     0.62,     3.90,     0.87,     1.04,     1.31,     1.84,     0.00,     0.00,     0.00,     0.00,     0.00,     0.00,     0.10,     0.00,     0.00,     0.00,     3.80,     0.00,     0.00,     0.00,     0.00,    21.75,     4.38,  -999.99,  -999.99,  -999.99
cty,21145,MN: Stearns County,1981,02,PRCP,     8.47,     0.00,     0.00,     0.00,     0.00,     0.24,     3.44,     1.58,     0.29,     0.76,     0.14,     0.00,     0.00,     0.00,     0.00,     0.00,     0.00,     0.46,     0.00,     0.00,     0.00,     4.73,     0.00,     0.00,     0.00,     0.00,     2.34,    12.36,  -999.99,  -999.99,  -999.99
cty,21147,MN: Steele County,1981,02,PRCP,     8.37,     0.00,     0.00,     0.00,     0.00,     0.71,     3.23,     1.05,     1.07,     2.21,     2.46,     0.00,     0.00,     0.00,     0.00,     0.00,     0.00,     0.00,     0.00,     0.00,     0.00,    12.74,     6.19,     0.00,     0.00,     0.00,    17.12,     4.70,  -999.99,  -999.99,  -999.99
cty,21149,MN: Stevens County,1981,02,PRCP,     5.85,     0.09,     0.00,     0.00,     0.00,     0.49,     3.73,     0.88,     0.73,     1.11,     0.00,     0.00,     0.00,     0.00,     0.00,     0.00,     0.00,     0.23,     0.00,     0.00,     0.00,     0.00,     0.00,     0.00,     0.00,     0.00,     5.91,     9.96,  -999.99,  -999.99,  -999.99
cty,21151,MN: Swift County,1981,02,PRCP,     8.74,     0.00,     0.00,     0.00,     0.00,     0.93,     4.18,     0.97,     0.56,     1.68,     0.00,     0.00,     0.00,     0.00,     0.00,     0.00,     0.00,     0.00,     0.00,     0.00,     0.26,     0.58,     0.00,     0.00,     0.00,     0.00,    11.76,    10.29,  -999.99,  -999.99,  -999.99
cty,21153,MN: Todd County,1981,02,PRCP,     8.73,     0.00,     0.00,     0.00,     0.00,     0.11,     3.33,     2.01,     0.05,     0.52,     0.00,     0.00,     0.00,     0.00,     0.00,     0.00,     0.00,     0.42,     0.00,     0.00,     0.00,     4.17,     0.00,     0.00,     0.00,     0.00,     0.26,    16.88,  -999.99,  -999.99,  -999.99
cty,21155,MN: Traverse County,1981,02,PRCP,     2.78,     0.00,     0.00,     0.00,     0.00,     0.01,     2.88,     0.58,     0.64,     0.62,     0.00,     0.00,     0.00,     0.00,     0.00,     0.00,     0.00,     0.02,     0.00,     0.00,     0.00,     0.00,     0.00,     0.00,     0.00,     0.00,     5.02,     7.53,  -999.99,  -999.99,  -999.99
cty,21157,MN: Wabasha County,1981,02,PRCP,     4.36,     0.00,     0.00,     0.00,     0.00,     0.60,     4.25,     1.12,     0.05,     1.19,     1.91,     0.00,     0.00,     0.00,     0.00,     0.00,     0.00,     0.00,     0.00,     0.00,     0.00,    16.50,    15.19,     0.01,     0.00,     0.00,     3.51,    10.09,  -999.99,  -999.99,  -999.99
cty,21159,MN: Wadena County,1981,02,PRCP,     5.53,     0.00,     0.00,     0.00,     0.00,     0.22,     2.47,     1.49,     0.00,     0.00,     0.00,     0.00,     0.00,     0.00,     0.00,     0.00,     0.00,     0.01,     0.00,     0.00,     0.00,     1.63,     0.00,     0.00,     0.00,     0.00,     0.00,    10.51,  -999.99,  -999.99,  -999.99
cty,21161,MN: Waseca County,1981,02,PRCP,     8.03,     0.00,     0.00,     0.00,     0.00,     0.71,     2.16,     0.75,     1.04,     1.94,     2.27,     0.00,     0.00,     0.00,     0.00,     0.02,     0.00,     0.00,     0.00,     0.00,     0.00,     8.01,     1.46,     0.00,     0.00,     0.00,    21.64,     2.44,  -999.99,  -999.99,  -999.99
cty,21163,MN: Washington County,1981,02,PRCP,     7.56,     0.00,     0.00,     0.00,     0.00,     0.21,     6.05,     1.95,     0.36,     1.58,     1.10,     0.34,     0.00,     0.00,     0.00,     0.00,     0.00,     0.18,     0.00,     0.00,     0.00,    14.29,     6.59,     0.00,     0.00,     0.00,     4.82,    17.21,  -999.99,  -999.99,  -999.99
cty,21165,MN: Watonwan County,1981,02,PRCP,     7.18,     0.00,     0.00,     0.00,     0.00,     0.29,     0.10,     0.02,     0.62,     1.16,     2.26,     0.00,     0.00,     0.00,     0.00,     0.00,     0.00,     0.00,     0.00,     0.00,     0.00,     1.82,     0.00,     0.00,     0.00,     0.00,    21.19,     1.22,  -999.99,  -999.99,  -999.99
cty,21167,MN: Wilkin County,1981,02,PRCP,     1.89,     0.00,     0.00,     0.00,     0.00,     0.00,     2.49,     0.94,     0.46,     0.00,     0.00,     0.00,     0.00,     0.00,     0.00,     0.00,     0.00,     0.00,     0.00,     0.00,     0.00,     0.00,     0.00,     0.00,     0.00,     0.00,     2.27,     9.50,  -999.99,  -999.99,  -999.99
cty,21169,MN: Winona County,1981,02,PRCP,     3.66,     0.00,     0.00,     0.00,     0.00,     1.46,     3.47,     0.41,     0.24,     1.76,     2.47,     0.00,     0.00,     0.00,     0.00,     0.00,     0.00,     0.00,     0.00,     0.00,     0.00,    19.76,    15.77,     0.42,     0.00,     0.00,     2.25,     9.01,  -999.99,  -999.99,  -999.99
cty,21171,MN: Wright County,1981,02,PRCP,     8.49,     0.00,     0.00,     0.00,     0.00,     0.28,     4.78,     1.33,     0.44,     0.88,     1.11,     0.01,     0.00,     0.00,     0.00,     0.00,     0.00,     0.72,     0.00,     0.00,     0.00,     5.85,     0.00,     0.00,     0.00,     0.00,     7.55,     9.41,  -999.99,  -999.99,  -999.99
cty,21173,MN: Yellow Medicine County,1981,02,PRCP,     6.94,     0.00,     0.00,     0.00,     0.00,     0.65,     1.29,     0.00,     0.22,     2.10,     0.02,     0.00,     0.00,     0.00,     0.00,     0.00,     0.00,     0.00,     0.25,     0.00,     0.21,     0.50,     0.00,     0.00,     0.00,     0.00,    20.26,     7.86,  -999.99,  -999.99,  -999.99
cty,22001,MS: Adams County,1981,02,PRCP,    10.19,    24.58,     0.00,     0.00,     0.00,    26.85,     0.00,     0.69,     0.00,    19.98,     2.76,     0.00,     0.00,     0.00,     2.18,     2.51,     1.34,     0.00,     0.00,     0.00,     0.00,     4.43,     0.00,     0.00,     0.00,     0.00,     0.00,     0.00,  -999.99,  -999.99,  -999.99
cty,22003,MS: Alcorn County,1981,02,PRCP,    26.15,    29.88,     0.00,     0.00,     0.00,     0.00,     0.00,     4.60,     0.00,    11.61,     9.37,     0.00,     0.00,     0.00,     0.00,     1.38,    15.58,     0.23,     0.11,     0.00,     0.00,     2.95,     0.00,     0.00,     0.00,     0.00,     0.00,     0.00,  -999.99,  -999.99,  -999.99
cty,22005,MS: Amite County,1981,02,PRCP,     2.85,    25.40,     0.00,     0.00,     0.00,    40.60,     0.00,     0.47,     0.00,    25.43,     9.47,     0.00,     0.00,     0.00,     4.41,     2.85,     3.63,     0.00,     0.00,     0.00,     0.00,     4.12,     0.00,     0.00,     0.00,     0.00,     0.00,     0.00,  -999.99,  -999.99,  -999.99
cty,22007,MS: Attala County,1981,02,PRCP,    14.69,    32.28,     0.00,     0.00,     0.00,     1.04,     0.00,     0.65,     0.00,    17.94,     6.30,     0.00,     0.00,     0.00,     0.00,     4.91,     3.76,     0.00,     0.00,     0.00,     0.00,     0.37,     0.00,     0.00,     0.00,     0.00,     0.00,     0.00,  -999.99,  -999.99,  -999.99
cty,22009,MS: Benton County,1981,02,PRCP,    29.90,    19.33,     0.00,     0.00,     0.00,     0.00,     0.00,     4.64,     0.00,    12.97,     8.43,     0.00,     0.00,     0.00,     0.00,     1.45,     8.96,     0.01,     0.00,     0.00,     0.00,     3.47,     0.00,     0.00,     0.00,     0.00,     0.00,     0.01,  -999.99,  -999.99,  -999.99
cty,22011,MS: Bolivar County,1981,02,PRCP,    31.53,     6.63,     0.00,     0.00,     0.00,     0.00,     0.00,     2.86,     0.00,    15.43,     3.84,     0.00,     0.00,     0.00,     0.00,     1.75,     1.53,     0.00,     0.00,     0.00,     0.00,     4.01,     0.00,     0.00,     0.00,     0.00,     0.00,     0.00,  -999.99,  -999.99,  -999.99
cty,22013,MS: Calhoun County,1981,02,PRCP,    24.73,    25.75,     0.00,     0.00,     0.00,     0.00,     0.00,     1.12,     0.00,    11.55,     5.19,     0.00,     0.00,     0.00,     0.00,     2.93,     7.86,     0.00,     0.00,     0.00,     0.00,     1.28,     0.00,     0.00,     0.00,     0.00,     0.00,     0.00,  -999.99,  -999.99,  -999.99
cty,22015,MS: Carroll County,1981,02,PRCP,    30.72,    25.29,     0.00,     0.00,     0.00,     0.00,     0.00,     1.56,     0.00,    13.17,     5.08,     0.00,     0.00,     0.00,     0.00,     4.93,     1.68,     0.00,     0.00,     0.00,     0.00,     0.55,     0.03,     0.00,     0.00,     0.00,     0.00,     0.00,  -999.99,  -999.99,  -999.99
cty,22017,MS: Chickasaw County,1981,02,PRCP,    19.86,    33.77,     0.00,     0.00,     0.00,     0.00,     0.00,     0.79,     0.00,    14.17,     7.04,     0.00,     0.00,     0.00,     0.00,     3.62,    10.72,     0.00,     0.00,     0.00,     0.00,     1.35,     0.00,     0.00,     0.00,     0.00,     0.00,     0.00,  -999.99,  -999.99,  -999.99
cty,22019,MS: Choctaw County,1981,02,PRCP,    12.35,    36.81,     0.00,     0.00,     0.00,     0.05,     0.00,     0.49,     0.00,    18.66,     7.87,     0.00,     0.00,     0.00,     0.00,     4.82,     5.69,     0.00,     0.00,     0.00,     0.00,     0.65,     0.00,     0.00,     0.00,     0.00,     0.00,     0.00,  -999.99,  -999.99,  -999.99
cty,22021,MS: Claiborne County,1981,02,PRCP,    19.05,    22.84,     0.00,     0.00,     0.00,    15.29,     0.00,     0.35,     0.00,    20.02,     3.10,     0.00,     0.00,     0.00,     0.36,     1.63,     0.26,     0.00,     0.00,     0.00,     0.00,     2.47,     0.00,     0.00,     0.00,     0.00,     0.00,     0.00,  -999.99,  -999.99,  -999.99
cty,22023,MS: Clarke County,1981,02,PRCP,     3.56,    39.35,     0.00,     0.00,     0.00,    22.64,     0.00,     0.01,     0.00,    43.94,    20.76,     0.00,     0.00,     0.00,     2.62,     4.33,     7.92,     0.36,     0.00,     0.00,     0.00,     1.04,     0.00,     0.00,     0.00,     0.00,     0.00,     0.00,  -999.99,  -999.99,  -999.99
cty,22025,MS: Clay County,1981,02,PRCP,    10.73,    38.20,     0.00,     0.00,     0.00,     0.00,     0.00,     0.62,     0.00,    20.75,     8.78,     0.00,     0.00,     0.00,     0.00,     5.19,     7.04,     0.08,     0.00,     0.00,     0.00,     1.11,     0.00,     0.00,     0.00,     0.00,     0.00,     0.00,  -999.99,  -999.99,  -999.99
cty,22027,MS: Coahoma County,1981,02,PRCP,    33.07,     8.31,     0.00,     0.00,     0.00,     0.00,     0.00,     4.57,     0.00,    18.22,     6.92,     0.00,     0.00,     0.00,     0.00,     3.61,     3.24,     0.00,     0.00,     0.00,     0.00,     3.71,     0.00,     0.00,     0.00,     0.00,     0.00,     0.17,  -999.99,  -999.99,  -999.99
cty,22029,MS: Copiah County,1981,02,PRCP,     9.33,    26.21,     0.00,     0.00,     0.00,    19.56,     0.00,     0.15,     0.00,    21.41,     5.73,     0.00,     0.00,     0.00,     2.15,     1.82,     0.78,     0.00,     0.00,     0.00,     0.00,     2.23,     0.00,     0.00,     0.00,     0.00,     0.00,     0.00,  -999.99,  -999.99,  -999.99
cty,22031,MS: Covington County,1981,02,PRCP,     4.49,    31.89,     0.00,     0.00,     0.00,    29.45,     0.00,     0.00,     0.00,    37.07,    16.49,     0.00,     0.00,     0.00,     3.54,     2.54,     1.60,     0.00,     0.00,     0.00,     0.00,     1.84,     0.00,     0.00,     0.00,     0.00,     0.00,     0.00,  -999.99,  -999.99,  -999.99
cty,22033,MS: DeSoto County,1981,02,PRCP,    30.20,    11.69,     0.00,     0.00,     0.00,     0.00,     0.00,     5.85,     0.00,    18.40,     7.66,     0.00,     0.00,     0.00,     0.00,     5.53,     5.91,     0.08,     0.00,     0.00,     0.00,     4.09,     0.00,     0.00,     0.00,     0.00,     0.00,     0.02,  -999.99,  -999.99,  -999.99
cty,22035,MS: Forrest County,1981,02,PRCP,     5.84,    34.24,     0.00,     0.00,     0.00,    48.45,     0.03,     0.00,     0.00,    79.53,    36.32,     0.00,     0.00,     0.00,     1.27,     7.20,     4.28,     0.00,     0.00,     0.00,     0.00,     1.89,     0.00,     0.00,     0.00,     0.00,     0.00,     0.00,  -999.99,  -999.99,  -999.99
cty,22037,MS: Franklin County,1981,02,PRCP,     6.83,    25.96,     0.00,     0.00,     0.00,    30.78,     0.00,     0.52,     0.00,    22.64,     5.73,     0.00,     0.00,     0.00,     3.25,     2.13,     1.91,     0.00,     0.00,     0.00,     0.00,     3.78,     0.00,     0.00,     0.00,     0.00,     0.00,     0.00,  -999.99,  -999.99,  -999.99
cty,22039,MS: George County,1981,02,PRCP,     8.84,    32.67,     0.00,     0.00,     0.00,    50.78,     1.24,     0.00,     0.00,    96.04,    60.42,     0.00,     0.00,     0.00,     3.51,    14.46,     2.91,     0.00,     0.00,     0.00,     0.00,     1.43,     0.65,     0.00,     0.00,     0.00,     0.00,     0.00,  -999.99,  -999.99,  -999.99
cty,22041,MS: Greene County,1981,02,PRCP,     7.17,    44.61,     0.00,     0.00,     0.00,    55.30,     1.08,     0.00,     0.00,    90.68,    52.25,     0.00,     0.00,     0.00,     1.65,    12.07,     5.79,     0.00,     0.00,     0.00,     0.00,     1.36,     0.20,     0.00,     0.00,     0.00,     0.00,     0.00,  -999.99,  -999.99,  -999.99
cty,22043,MS: Grenada County,1981,02,PRCP,    30.70,    22.28,     0.00,     0.00,     0.00,     0.00,     0.00,     1.76,     0.00,    12.17,     4.73,     0.00,     0.00,     0.00,     0.00,     4.12,     3.55,     0.01,     0.00,     0.00,     0.00,     0.97,     0.00,     0.00,     0.00,     0.00,     0.00,     0.00,  -999.99,  -999.99,  -999.99
cty,22045,MS: Hancock County,1981,02,PRCP,     4.83,    18.98,     0.00,     0.00,     0.00,    49.68,     0.30,     0.39,     0.00,    93.04,    41.58,     0.00,     0.00,     0.00,     5.61,    15.77,     6.20,     0.00,     0.00,     0.00,     0.00,     3.56,     0.02,     0.00,     0.00,     0.00,     0.00,     0.00,  -999.99,  -999.99,  -999.99
cty,22047,MS: Harrison County,1981,02,PRCP,     6.96,    19.27,     0.00,     0.00,     0.00,    44.09,     0.54,     0.23,     0.00,    92.60,    42.77,     0.00,     0.00,     0.00,     5.89,    16.56,     3.13,     0.00,     0.00,     0.00,     0.00,     2.45,     0.14,     0.00,     0.00,     0.00,     0.00,     0.00,  -999.99,  -999.99,  -999.99
cty,22049,MS: Hinds County,1981,02,PRCP,    17.54,    25.94,     0.00,     0.00,     0.00,    10.65,     0.00,     0.12,     0.00,    19.30,     3.97,     0.00,     0.00,     0.00,     0.43,     2.54,     0.24,     0.02,     0.00,     0.00,     0.00,     1.55,     0.00,     0.00,     0.00,     0.00,     0.00,     0.00,  -999.99,  -999.99,  -999.99
cty,22051,MS: Holmes County,1981,02,PRCP,    30.17,    24.80,     0.00,     0.00,     0.00,     1.00,     0.00,     1.10,     0.00,    14.88,     4.16,     0.00,     0.00,     0.00,     0.00,     4.52,     1.09,     0.00,     0.00,     0.00,     0.00,     0.68,     0.00,     0.00,     0.00,     0.00,     0.00,     0.00,  -999.99,  -999.99,  -999.99
cty,22053,MS: Humphreys County,1981,02,PRCP,    46.58,    19.06,     0.00,     0.00,     0.00,     1.10,     0.00,     1.21,     0.00,    15.14,     2.90,     0.00,     0.00,     0.00,     0.00,     3.49,     1.10,     0.11,     0.00,     0.00,     0.00,     1.41,     0.00,     0.00,     0.00,     0.00,     0.00,     0.00,  -999.99,  -999.99,  -999.99
cty,22055,MS: Issaquena County,1981,02,PRCP,    47.92,    19.67,     0.00,     0.00,     0.01,     3.39,     0.00,     0.61,     0.00,    16.61,     1.62,     0.00,     0.00,     0.00,     0.00,     3.49,     0.50,     0.00,     0.00,     0.00,     0.00,     2.02,     0.00,     0.00,     0.00,     0.00,     0.00,     0.00,  -999.99,  -999.99,  -999.99
cty,22057,MS: Itawamba County,1981,02,PRCP,    13.19,    35.49,     0.00,     0.00,     0.00,     0.00,     0.00,     1.74,     0.00,    13.57,    10.16,     0.00,     0.00,     0.00,     0.00,     2.10,    11.12,     0.11,     0.23,     0.00,     0.00,     1.75,     0.00,     0.00,     0.00,     0.00,     0.00,     0.00,  -999.99,  -999.99,  -999.99
cty,22059,MS: Jackson County,1981,02,PRCP,    10.19,    21.00,     0.00,     0.00,     0.07,    40.89,     1.30,     0.04,     0.00,    87.51,    56.73,     0.00,     0.00,     0.00,     5.78,    16.71,     1.13,     0.14,     0.00,     0.00,     0.00,     1.38,     1.09,     0.00,     0.00,     0.00,     0.00,     0.00,  -999.99,  -999.99,  -999.99
cty,22061,MS: Jasper County,1981,02,PRCP,     3.97,    31.80,     0.00,     0.00,     0.00,    18.95,     0.00,     0.00,     0.00,    31.36,    12.07,     0.00,     0.00,     0.00,     2.96,     2.24,     5.32,     0.03,     0.00,     0.00,     0.00,     1.35,     0.00,     0.00,     0.00,     0.00,     0.00,     0.00,  -999.99,  -999.99,  -999.99
cty,22063,MS: Jefferson County,1981,02,PRCP,    14.00,    24.02,     0.00,     0.00,     0.00,    21.45,     0.00,     0.50,     0.00,    20.84,     3.39,     0.00,     0.00,     0.00,     1.15,     1.82,     0.80,     0.00,     0.00,     0.00,     0.00,     3.28,     0.00,     0.00,     0.00,     0.00,     0.00,     0.00,  -999.99,  -999.99,  -999.99
cty,22065,MS: Jefferson Davis County,1981,02,PRCP,     4.06,    26.79,     0.00,     0.00,     0.00,    26.59,     0.00,     0.00,     0.00,    32.34,    13.85,     0.00,     0.00,     0.00,     2.83,     2.15,     1.64,     0.00,     0.00,     0.00,     0.00,     1.87,     0.00,     0.00,     0.00,     0.00,     0.00,     0.00,  -999.99,  -999.99,  -999.99
cty,22067,MS: Jones County,1981,02,PRCP,     4.95,    36.77,     0.00,     0.00,     0.00,    34.82,     0.00,     0.00,     0.00,    50.84,    21.38,     0.00,     0.00,     0.00,     2.43,     3.80,     4.28,     0.00,     0.00,     0.00,     0.00,     1.66,     0.00,     0.00,     0.00,     0.00,     0.00,     0.00,  -999.99,  -999.99,  -999.99
cty,22069,MS: Kemper County,1981,02,PRCP,     1.64,    29.34,     0.00,     0.00,     0.00,     2.63,     0.00,     0.01,     0.00,    26.93,    13.37,     0.00,     0.00,     0.00,     0.77,     5.04,     5.44,     1.23,     0.00,     0.00,     0.00,     0.50,     0.00,     0.00,     0.00,     0.00,     0.00,     0.00,  -999.99,  -999.99,  -999.99
cty,22071,MS: Lafayette County,1981,02,PRCP,    33.35,    20.31,     0.00,     0.00,     0.00,     0.00,     0.00,     2.99,     0.00,    13.07,     5.33,     0.00,     0.00,     0.00,     0.00,     2.35,    11.19,     0.00,     0.00,     0.00,     0.00,     2.61,     0.01,     0.00,     0.00,     0.00,     0.00,     0.00,  -999.99,  -999.99,  -999.99
cty,22073,MS: Lamar County,1981,02,PRCP,     5.02,    32.13,     0.00,     0.00,     0.00,    45.44,     0.00,     0.00,     0.00,    69.53,    31.92,     0.00,     0.00,     0.00,     1.12,     5.15,     3.86,     0.00,     0.00,     0.00,     0.01,     2.08,     0.00,     0.00,     0.00,     0.00,     0.00,     0.00,  -999.99,  -999.99,  -999.99
cty,22075,MS: Lauderdale County,1981,02,PRCP,     2.38,    32.07,     0.00,     0.00,     0.00,     9.11,     0.00,     0.00,     0.00,    32.03,    16.13,     0.00,     0.00,     0.00,     2.20,     4.21,     7.13,     0.68,     0.00,     0.00,     0.00,     0.65,     0.00,     0.00,     0.00,     0.00,     0.00,     0.00,  -999.99,  -999.99,  -999.99
cty,22077,MS: Lawrence County,1981,02,PRCP,     3.67,    22.76,     0.00,     0.00,     0.00,    23.64,     0.00,     0.00,     0.00,    24.81,     9.53,     0.00,     0.00,     0.00,     3.01,     1.79,     1.85,     0.00,     0.00,     0.00,     0.00,     1.95,     0.00,     0.00,     0.00,     0.00,     0.00,     0.00,  -999.99,  -999.99,  -999.99
cty,22079,MS: Leake County,1981,02,PRCP,     7.16,    27.94,     0.00,     0.00,     0.00,     3.07,     0.00,     0.07,     0.00,    19.08,     5.47,     0.00,     0.00,     0.00,     0.00,     3.75,     4.56,     0.00,     0.00,     0.00,     0.00,     0.51,     0.00,     0.00,     0.00,     0.00,     0.00,     0.00,  -999.99,  -999.99,  -999.99
cty,22081,MS: Lee County,1981,02,PRCP,    20.83,    31.60,     0.00,     0.00,     0.00,     0.00,     0.00,     1.68,     0.00,    12.27,     8.16,     0.00,     0.00,     0.00,     0.00,     2.00,    13.19,     0.00,     0.00,     0.00,     0.00,     1.88,     0.00,     0.00,     0.00,     0.00,     0.00,     0.00,  -999.99,  -999.99,  -999.99
cty,22083,MS: Leflore County,1981,02,PRCP,    43.09,    18.84,     0.00,     0.00,     0.00,     0.00,     0.00,     2.28,     0.00,    14.75,     4.24,     0.00,     0.00,     0.00,     0.00,     3.77,     1.63,     0.34,     0.08,     0.00,     0.00,     1.27,     0.01,     0.00,     0.00,     0.00,     0.00,     0.00,  -999.99,  -999.99,  -999.99
cty,22085,MS: Lincoln County,1981,02,PRCP,     4.67,    25.75,     0.00,     0.00,     0.00,    28.10,     0.00,     0.30,     0.00,    23.41,     8.19,     0.00,     0.00,     0.00,     4.20,     1.78,     2.50,     0.00,     0.00,     0.00,     0.00,     2.81,     0.07,     0.00,     0.00,     0.00,     0.00,     0.00,  -999.99,  -999.99,  -999.99
cty,22087,MS: Lowndes County,1981,02,PRCP,     3.83,    34.98,     0.00,     0.00,     0.00,     0.00,     0.00,     0.64,     0.00,    24.73,    12.92,     0.00,     0.00,     0.00,     0.00,     6.06,     4.47,     0.53,     0.00,     0.00,     0.00,     1.11,     0.00,     0.00,     0.00,     0.00,     0.00,     0.00,  -999.99,  -999.99,  -999.99
cty,22089,MS: Madison County,1981,02,PRCP,    16.82,    28.74,     0.00,     0.00,     0.00,     5.20,     0.00,     0.35,     0.00,    19.13,     4.43,     0.00,     0.00,     0.00,     0.00,     4.25,     0.75,     0.00,     0.00,     0.00,     0.00,     0.74,     0.00,     0.00,     0.00,     0.00,     0.00,     0.00,  -999.99,  -999.99,  -999.99
cty,22091,MS: Marion County,1981,02,PRCP,     4.24,    28.45,     0.00,     0.00,     0.00,    39.42,     0.00,     0.00,     0.00,    53.39,    22.67,     0.00,     0.00,     0.00,     2.49,     3.83,     3.70,     0.00,     0.00,     0.00,     0.00,     2.54,     0.00,     0.00,     0.00,     0.00,     0.00,     0.00,  -999.99,  -999.99,  -999.99
cty,22093,MS: Marshall County,1981,02,PRCP,    29.98,    16.32,     0.00,     0.00,     0.00,     0.00,     0.00,     4.57,     0.00,    14.11,     6.77,     0.00,     0.00,     0.00,     0.00,     2.65,     8.87,     0.00,     0.00,     0.00,     0.00,     3.43,     0.01,     0.00,     0.00,     0.00,     0.00,     0.01,  -999.99,  -999.99,  -999.99
cty,22095,MS: Monroe County,1981,02,PRCP,     9.57,    35.25,     0.00,     0.00,     0.00,     0.00,     0.00,     0.92,     0.00,    17.89,    10.34,     0.00,     0.00,     0.00,     0.00,     3.89,     7.60,     0.16,     0.00,     0.00,     0.00,     1.41,     0.00,     0.00,     0.00,     0.00,     0.00,     0.00,  -999.99,  -999.99,  -999.99
cty,22097,MS: Montgomery County,1981,02,PRCP,    22.88,    28.66,     0.00,     0.00,     0.00,     0.00,     0.00,     1.04,     0.00,    13.04,     5.77,     0.00,     0.00,     0.00,     0.00,     4.75,     2.86,     0.00,     0.00,     0.00,     0.00,     0.62,     0.04,     0.00,     0.00,     0.00,     0.00,     0.00,  -999.99,  -999.99,  -999.99
cty,22099,MS: Neshoba County,1981,02,PRCP,     3.08,    27.82,     0.00,     0.00,     0.00,     2.71,     0.00,     0.00,     0.00,    21.55,     8.09,     0.00,     0.00,     0.00,     0.12,     3.58,     7.60,     0.16,     0.00,     0.00,     0.00,     0.51,     0.01,     0.00,     0.00,     0.00,     0.00,     0.00,  -999.99,  -999.99,  -999.99
cty,22101,MS: Newton County,1981,02,PRCP,     3.67,    31.50,     0.00,     0.00,     0.00,     9.01,     0.00,     0.00,     0.00,    26.81,     9.81,     0.00,     0.00,     0.00,     1.09,     3.44,     7.43,     0.15,     0.00,     0.00,     0.00,     0.86,     0.18,     0.00,     0.00,     0.00,     0.00,     0.00,  -999.99,  -999.99,  -999.99
cty,22103,MS: Noxubee County,1981,02,PRCP,     1.77,    28.21,     0.00,     0.00,     0.00,     0.35,     0.00,     0.20,     0.00,    23.31,    10.85,     0.00,     0.00,     0.00,     0.02,     5.50,     3.71,     1.15,     0.00,     0.00,     0.00,     0.55,     0.01,     0.00,     0.00,     0.00,     0.00,     0.00,  -999.99,  -999.99,  -999.99
cty,22105,MS: Oktibbeha County,1981,02,PRCP,     7.28,    35.96,     0.00,     0.00,     0.00,     0.00,     0.00,     0.44,     0.00,    22.12,     8.25,     0.00,     0.00,     0.00,     0.00,     5.25,     5.88,     0.12,     0.00,     0.00,     0.00,     0.76,     0.00,     0.00,     0.00,     0.00,     0.00,     0.00,  -999.99,  -999.99,  -999.99
cty,22107,MS: Panola County,1981,02,PRCP,    35.11,    14.38,     0.00,     0.00,     0.00,     0.00,     0.00,     4.04,     0.00,    14.79,     5.17,     0.00,     0.00,     0.00,     0.00,     4.92,     7.02,     0.00,     0.00,     0.00,     0.00,     2.59,     0.00,     0.00,     0.00,     0.00,     0.00,     0.00,  -999.99,  -999.99,  -999.99
cty,22109,MS: Pearl River County,1981,02,PRCP,     6.15,    31.10,     0.00,     0.00,     0.00,    62.56,     0.03,     0.06,     0.00,   110.08,    46.72,     0.00,     0.00,     0.00,     4.27,    11.94,     6.79,     0.00,     0.00,     0.00,     0.00,     4.01,     0.00,     0.00,     0.00,     0.00,     0.00,     0.00,  -999.99,  -999.99,  -999.99
cty,22111,MS: Perry County,1981,02,PRCP,     7.15,    39.18,     0.00,     0.00,     0.00,    53.48,     0.44,     0.00,     0.00,    91.74,    42.46,     0.00,     0.00,     0.00,     1.91,    10.01,     5.11,     0.00,     0.00,     0.00,     0.00,     1.85,     0.03,     0.00,     0.00,     0.00,     0.00,     0.00,  -999.99,  -999.99,  -999.99
cty,22113,MS: Pike County,1981,02,PRCP,     2.92,    26.44,     0.00,     0.00,     0.00,    39.12,     0.00,     0.38,     0.00,    33.78,    13.98,     0.00,     0.00,     0.00,     3.30,     2.64,     6.13,     0.00,     0.00,     0.00,     0.00,     3.41,     0.00,     0.00,     0.00,     0.00,     0.00,     0.00,  -999.99,  -999.99,  -999.99
cty,22115,MS: Pontotoc County,1981,02,PRCP,    27.70,    26.40,     0.00,     0.00,     0.00,     0.00,     0.00,     1.48,     0.00,    10.81,     6.03,     0.00,     0.00,     0.00,     0.00,     1.77,    13.75,     0.01,     0.00,     0.00,     0.00,     1.86,     0.05,     0.00,     0.00,     0.00,     0.00,     0.00,  -999.99,  -999.99,  -999.99
cty,22117,MS: Prentiss County,1981,02,PRCP,    23.38,    35.39,     0.00,     0.00,     0.00,     0.00,     0.00,     3.29,     0.00,    12.45,    10.26,     0.00,     0.00,     0.00,     0.00,     1.57,    15.85,     0.02,     0.24,     0.00,     0.00,     2.58,     0.00,     0.00,     0.00,     0.00,     0.00,     0.00,  -999.99,  -999.99,  -999.99
cty,22119,MS: Quitman County,1981,02,PRCP,    34.62,    11.54,     0.00,     0.00,     0.00,     0.00,     0.00,     4.31,     0.00,    16.18,     5.78,     0.00,     0.00,     0.00,     0.00,     4.68,     4.35,     0.08,     0.00,     0.00,     0.00,     2.57,     0.00,     0.00,     0.00,     0.00,     0.00,     0.00,  -999.99,  -999.99,  -999.99
cty,22121,MS: Rankin County,1981,02,PRCP,     9.03,    27.70,     0.00,     0.00,     0.00,    10.78,     0.00,     0.00,     0.00,    20.12,     5.59,     0.00,     0.00,     0.00,     0.68,     3.01,     0.81,     0.00,     0.01,     0.00,     0.00,     1.07,     0.02,     0.00,     0.00,     0.00,     0.00,     0.00,  -999.99,  -999.99,  -999.99
cty,22123,MS: Scott County,1981,02,PRCP,     6.28,    30.27,     0.00,     0.00,     0.00,     8.67,     0.00,     0.00,     0.00,    22.43,     6.75,     0.00,     0.00,     0.00,     0.25,     3.96,     3.94,     0.00,     0.00,     0.00,     0.00,     0.82,     0.17,     0.00,     0.00,     0.00,     0.00,     0.00,  -999.99,  -999.99,  -999.99
cty,22125,MS: Sharkey County,1981,02,PRCP,    48.58,    19.84,     0.00,     0.00,     0.00,     2.35,     0.00,     0.74,     0.00,    15.42,     1.98,     0.00,     0.00,     0.00,     0.00,     3.49,     0.75,     0.00,     0.00,     0.01,     0.00,     1.72,     0.00,     0.00,     0.00,     0.00,     0.00,     0.00,  -999.99,  -999.99,  -999.99
cty,22127,MS: Simpson County,1981,02,PRCP,     5.51,    26.48,     0.00,     0.00,     0.00,    17.64,     0.00,     0.00,     0.00,    22.01,     7.86,     0.00,     0.00,     0.00,     2.46,     2.01,     0.75,     0.00,     0.00,     0.00,     0.00,     1.52,     0.01,     0.00,     0.00,     0.00,     0.00,     0.00,  -999.99,  -999.99,  -999.99
cty,22129,MS: Smith County,1981,02,PRCP,     4.98,    31.06,     0.00,     0.00,     0.00,    18.00,     0.00,     0.01,     0.00,    25.90,     9.91,     0.00,     0.00,     0.00,     2.85,     2.54,     1.98,     0.00,     0.01,     0.00,     0.00,     1.42,     0.00,     0.00,     0.00,     0.00,     0.00,     0.00,  -999.99,  -999.99,  -999.99
cty,22131,MS: Stone County,1981,02,PRCP,     8.29,    31.16,     0.00,     0.00,     0.00,    57.85,     0.60,     0.00,     0.00,   114.79,    52.36,     0.00,     0.00,     0.00,     4.43,    15.40,     4.42,     0.00,     0.00,     0.00,     0.00,     2.67,     0.00,     0.00,     0.00,     0.00,     0.00,     0.00,  -999.99,  -999.99,  -999.99
cty,22133,MS: Sunflower County,1981,02,PRCP,    40.57,    12.40,     0.00,     0.00,     0.00,     0.00,     0.00,     2.39,     0.00,    14.53,     3.70,     0.00,     0.00,     0.00,     0.00,     2.44,     1.58,     0.06,     0.01,     0.00,     0.00,     2.15,     0.02,     0.00,     0.00,     0.00,     0.00,     0.00,  -999.99,  -999.99,  -999.99
cty,22135,MS: Tallahatchie County,1981,02,PRCP,    36.00,    15.02,     0.00,     0.00,     0.00,     0.00,     0.00,     3.01,     0.00,    13.68,     4.57,     0.00,     0.00,     0.00,     0.00,     3.92,     3.16,     0.09,     0.01,     0.00,     0.00,     1.52,     0.00,     0.00,     0.00,     0.00,     0.00,     0.00,  -999.99,  -999.99,  -999.99
cty,22137,MS: Tate County,1981,02,PRCP,    39.44,    15.49,     0.00,     0.00,     0.00,     0.00,     0.00,     6.09,     0.00,    19.98,     7.65,     0.00,     0.00,     0.00,     0.00,     5.80,     8.51,     0.11,     0.00,     0.00,     0.00,     4.20,     0.01,     0.00,     0.00,     0.00,     0.00,     0.07,  -999.99,  -999.99,  -999.99
cty,22139,MS: Tippah County,1981,02,PRCP,    28.65,    24.37,     0.00,     0.00,     0.00,     0.00,     0.00,     4.09,     0.00,    12.14,     8.72,     0.00,     0.00,     0.00,     0.00,     1.07,    12.02,     0.00,     0.00,     0.00,     0.00,     3.10,     0.00,     0.00,     0.00,     0.00,     0.00,     0.00,  -999.99,  -999.99,  -999.99
cty,22141,MS: Tishomingo County,1981,02,PRCP,    19.95,    41.42,     0.00,     0.00,     0.00,     0.00,     0.00,     4.04,     0.00,    11.70,    11.58,     0.00,     0.00,     0.00,     0.00,     1.99,    17.38,     0.41,     1.63,     0.00,     0.00,     2.57,     0.00,     0.00,     0.00,     0.00,     0.00,     0.00,  -999.99,  -999.99,  -999.99
cty,22143,MS: Tunica County,1981,02,PRCP,    31.96,     8.64,     0.00,     0.00,     0.00,     0.00,     0.00,     5.59,     0.00,    19.46,     8.27,     0.00,     0.00,     0.00,     0.00,     5.32,     4.20,     0.00,     0.00,     0.00,     0.00,     4.14,     0.00,     0.00,     0.00,     0.00,     0.00,     0.00,  -999.99,  -999.99,  -999.99
cty,22145,MS: Union County,1981,02,PRCP,    28.39,    24.43,     0.00,     0.00,     0.00,     0.00,     0.00,     2.66,     0.00,    11.46,     6.91,     0.00,     0.00,     0.00,     0.00,     0.98,    12.79,     0.01,     0.00,     0.00,     0.00,     2.50,     0.00,     0.00,     0.00,     0.00,     0.00,     0.01,  -999.99,  -999.99,  -999.99
cty,22147,MS: Walthall County,1981,02,PRCP,     3.94,    30.68,     0.00,     0.00,     0.00,    45.51,     0.00,     0.03,     0.00,    53.45,    22.67,     0.00,     0.00,     0.00,     3.46,     3.94,     5.86,     0.00,     0.00,     0.00,     0.00,     3.50,     0.00,     0.00,     0.00,     0.00,     0.00,     0.00,  -999.99,  -999.99,  -999.99
cty,22149,MS: Warren County,1981,02,PRCP,    30.85,    22.62,     0.00,     0.00,     0.00,     8.20,     0.00,     0.34,     0.00,    17.56,     2.30,     0.00,     0.00,     0.00,     0.05,     2.51,     0.22,     0.00,     0.00,     0.00,     0.00,     1.83,     0.00,     0.00,     0.00,     0.00,     0.00,     0.00,  -999.99,  -999.99,  -999.99
cty,22151,MS: Washington County,1981,02,PRCP,    41.66,    11.19,     0.00,     0.00,     0.00,     0.30,     0.00,     1.46,     0.00,    15.67,     2.22,     0.00,     0.00,     0.00,     0.00,     2.40,     0.78,     0.00,     0.00,     0.00,     0.00,     2.78,     0.06,     0.00,     0.00,     0.00,     0.00,     0.00,  -999.99,  -999.99,  -999.99
cty,22153,MS: Wayne County,1981,02,PRCP,     4.96,    46.64,     0.00,     0.00,     0.02,    41.92,     0.23,     0.00,     0.93,    64.68,    29.92,     0.00,     0.00,     0.00,     1.43,     7.24,     8.20,     0.02,     0.00,     0.00,     0.00,     1.29,     0.00,     0.00,     0.00,     0.00,     0.00,     0.00,  -999.99,  -999.99,  -999.99
cty,22155,MS: Webster County,1981,02,PRCP,    17.31,    33.69,     0.00,     0.00,     0.00,     0.00,     0.00,     0.57,     0.00,    14.51,     6.60,     0.00,     0.00,     0.00,     0.00,     4.10,     4.87,     0.00,     0.00,     0.00,     0.00,     0.85,     0.00,     0.00,     0.00,     0.00,     0.00,     0.00,  -999.99,  -999.99,  -999.99
cty,22157,MS: Wilkinson County,1981,02,PRCP,     3.81,    23.96,     0.00,     0.00,     0.00,    36.88,     0.00,     0.50,     0.00,    18.86,     5.10,     0.00,     0.00,     0.00,     4.59,     3.33,     1.18,     0.00,     0.01,     0.00,     0.00,     4.68,     0.00,     0.00,     0.00,     0.00,     0.00,     0.00,  -999.99,  -999.99,  -999.99
cty,22159,MS: Winston County,1981,02,PRCP,     5.46,    36.13,     0.00,     0.00,     0.00,     0.62,     0.00,     0.29,     0.00,    24.17,     9.39,     0.00,     0.00,     0.00,     0.00,     5.18,     8.14,     0.25,     0.00,     0.00,     0.00,     0.54,     0.00,     0.00,     0.00,     0.00,     0.00,     0.00,  -999.99,  -999.99,  -999.99
cty,22161,MS: Yalobusha County,1981,02,PRCP,    35.17,    22.12,     0.00,     0.00,     0.00,     0.00,     0.00,     2.40,     0.00,    13.43,     5.20,     0.00,     0.00,     0.00,     0.00,     3.98,     7.25,     0.00,     0.00,     0.00,     0.00,     1.71,     0.02,     0.00,     0.00,     0.00,     0.00,     0.00,  -999.99,  -999.99,  -999.99
cty,22163,MS: Yazoo County,1981,02,PRCP,    31.23,    23.82,     0.00,     0.00,     0.00,     3.43,     0.00,     0.61,     0.00,    15.92,     3.04,     0.00,     0.00,     0.00,     0.00,     3.78,     0.49,     0.00,     0.00,     0.00,     0.00,     1.00,     0.00,     0.00,     0.00,     0.00,     0.00,     0.00,  -999.99,  -999.99,  -999.99
cty,23001,MO: Adair County,1981,02,PRCP,     5.88,     0.00,     0.00,     0.00,     0.00,     0.00,     0.00,     0.00,     0.00,     5.50,     2.37,     0.00,     0.00,     0.00,     0.00,     0.00,     0.00,     0.00,     0.00,     0.00,     0.00,     6.80,    15.81,     0.00,     0.00,     0.00,     0.00,     0.00,  -999.99,  -999.99,  -999.99
cty,23003,MO: Andrew County,1981,02,PRCP,     8.50,     0.00,     0.00,     0.00,     0.00,     0.00,     0.00,     0.00,     0.00,     2.15,     1.09,     0.00,     0.00,     0.00,     0.00,     0.00,     0.00,     0.00,     0.00,     0.00,     0.00,     1.19,     0.00,     0.00,     0.00,     0.00,     0.00,     0.00,  -999.99,  -999.99,  -999.99
cty,23005,MO: Atchison County,1981,02,PRCP,    13.21,     0.00,     0.00,     0.00,     0.00,     0.00,     0.00,     0.00,     0.00,     1.76,     1.64,     0.00,     0.00,     0.00,     0.00,     0.00,     0.00,     0.00,     0.00,     0.00,     0.00,     0.59,     0.00,     0.00,     0.00,     0.00,     0.00,     0.00,  -999.99,  -999.99,  -999.99
cty,23007,MO: Audrain County,1981,02,PRCP,     9.72,     0.03,     0.00,     0.00,     0.00,     0.00,     0.00,     0.00,     0.00,    10.14,     3.09,     0.00,     0.00,     0.00,     0.00,     0.00,     0.00,     0.00,     0.00,     0.00,     0.00,     7.35,     6.94,     0.00,     0.00,     0.00,     0.00,     0.00,  -999.99,  -999.99,  -999.99
cty,23009,MO: Barry County,1981,02,PRCP,    10.79,     0.00,     0.00,     0.00,     0.00,     0.06,     0.00,     0.00,     0.00,    19.28,     2.82,     0.00,     0.00,     0.00,     0.00,     0.00,     0.00,     0.00,     0.00,     0.00,     0.00,     8.76,     0.26,     0.00,     0.00,     0.00,     0.00,    12.10,  -999.99,  -999.99,  -999.99
cty,23011,MO: Barton County,1981,02,PRCP,    13.43,     0.00,     0.00,     0.00,     0.00,     0.44,     0.00,     0.00,     0.00,    20.16,     2.57,     0.00,     0.00,     0.00,     0.00,     0.00,     0.00,     0.00,     0.00,     0.00,     0.00,    13.10,     0.00,     0.00,     0.00,     0.00,     0.00,     1.55,  -999.99,  -999.99,  -999.99
cty,23013,MO: Bates County,1981,02,PRCP,    11.17,     0.00,     0.00,     0.00,     0.00,     0.00,     0.00,     0.00,     0.00,    11.61,     0.80,     0.00,     0.00,     0.00,     0.00,     0.00,     0.00,     0.00,     0.00,     0.00,     0.00,     5.39,     0.01,     0.00,     0.00,     0.00,     0.00,     0.00,  -999.99,  -999.99,  -999.99
cty,23015,MO: Benton County,1981,02,PRCP,    15.42,     0.01,     0.00,     0.00,     0.00,     0.00,     0.00,     0.00,     0.00,    14.63,     2.57,     0.00,     0.00,     0.00,     0.00,     0.00,     0.00,     0.00,     0.00,     0.00,     0.00,    13.02,     3.19,     0.00,     0.00,     0.00,     0.00,     0.48,  -999.99,  -999.99,  -999.99
cty,23017,MO: Bollinger County,1981,02,PRCP,    17.32,     3.29,     0.00,     0.00,     0.00,     0.00,     0.00,     0.00,     0.00,    24.82,    18.91,     0.00,     0.00,     0.00,     0.00,     0.62,     0.00,     0.00,     0.00,     0.00,     0.00,    12.88,     0.10,     0.00,     0.00,     0.00,     0.00,     5.98,  -999.99,  -999.99,  -999.99
cty,23019,MO: Boone County,1981,02,PRCP,     9.73,     0.00,     0.00,     0.00,     0.00,     0.00,     0.00,     0.00,     0.00,     8.57,     1.93,     0.00,     0.00,     0.00,     0.00,     0.00,     0.00,     0.00,     0.00,     0.00,     0.00,     6.86,     6.31,     0.00,     0.00,     0.00,     0.00,     0.00,  -999.99,  -999.99,  -999.99
cty,23021,MO: Buchanan County,1981,02,PRCP,     7.05,     0.00,     0.00,     0.00,     0.00,     0.00,     0.00,     0.00,     0.00,     2.70,     0.64,     0.00,     0.00,     0.00,     0.00,     0.00,     0.00,     0.00,     0.00,     0.00,     0.00,     1.17,     0.00,     0.00,     0.00,     0.00,     0.00,     0.00,  -999.99,  -999.99,  -999.99
cty,23023,MO: Butler County,1981,02,PRCP,    22.56,     2.15,     0.00,     0.00,     0.00,     0.00,     0.00,     0.00,     0.00,    26.91,    16.58,     0.00,     0.00,     0.00,     0.00,     0.97,     0.17,     0.00,     0.00,     0.00,     0.00,    12.68,     0.00,     0.00,     0.00,     0.00,     0.00,     4.47,  -999.99,  -999.99,  -999.99
cty,23025,MO: Caldwell County,1981,02,PRCP,    11.19,     0.00,     0.00,     0.00,     0.00,     0.00,     0.00,     0.00,     0.00,     6.60,     0.05,     0.00,     0.00,     0.00,     0.00,     0.00,     0.00,     0.00,     0.00,     0.00,     0.00,     2.92,     2.82,     0.00,     0.00,     0.00,     0.00,     0.00,  -999.99,  -999.99,  -999.99
cty,23027,MO: Callaway County,1981,02,PRCP,     9.88,     0.04,     0.00,     0.00,     0.00,     0.00,     0.00,     0.00,     0.01,     9.97,     2.59,     0.00,     0.00,     0.00,     0.00,     0.00,     0.00,     0.00,     0.00,     0.00,     0.01,     6.13,     3.97,     0.00,     0.00,     0.00,     0.00,     0.00,  -999.99,  -999.99,  -999.99
cty,23029,MO: Camden County,1981,02,PRCP,    15.48,     0.00,     0.00,     0.00,     0.00,     0.00,     0.00,     0.00,     0.00,    15.81,     4.75,     0.00,     0.00,     0.00,     0.00,     0.00,     0.00,     0.00,     0.00,     0.00,     0.00,    10.38,     2.67,     0.00,     0.00,     0.00,     0.00,     1.50,  -999.99,  -999.99,  -999.99
cty,23031,MO: Cape Girardeau County,1981,02,PRCP,    17.23,     5.14,     0.00,     0.00,     0.00,     0.00,     0.00,     0.00,     0.00,    23.33,    20.24,     0.00,     0.00,     0.00,     0.00,     1.02,     0.02,     0.00,     0.00,     0.00,     0.00,     9.41,     0.26,     0.00,     0.00,     0.00,     0.00,     6.13,  -999.99,  -999.99,  -999.99
cty,23033,MO: Carroll County,1981,02,PRCP,     9.96,     0.00,     0.00,     0.00,     0.00,     0.00,     0.00,     0.00,     0.00,     7.33,     0.22,     0.00,     0.00,     0.00,     0.00,     0.00,     0.00,     0.00,     0.00,     0.00,     0.00,     3.73,     6.83,     0.00,     0.00,     0.00,     0.00,     0.00,  -999.99,  -999.99,  -999.99
cty,23035,MO: Carter County,1981,02,PRCP,    16.16,     1.02,     0.00,     0.00,     0.00,     0.00,     0.00,     0.00,     0.00,    27.24,    12.21,     0.00,     0.00,     0.00,     0.00,     0.05,     0.00,     0.00,     0.00,     0.00,     0.00,    14.48,     0.00,     0.00,     0.00,     0.00,     0.00,     6.58,  -999.99,  -999.99,  -999.99
cty,23037,MO: Cass County,1981,02,PRCP,    11.48,     0.00,     0.00,     0.00,     0.00,     0.00,     0.00,     0.00,     0.00,     9.58,     0.07,     0.00,     0.00,     0.00,     0.00,     0.00,     0.00,     0.00,     0.00,     0.00,     0.01,     3.27,     0.04,     0.00,     0.00,     0.00,     0.00,     0.00,  -999.99,  -999.99,  -999.99
cty,23039,MO: Cedar County,1981,02,PRCP,    12.42,     0.00,     0.00,     0.00,     0.00,     0.13,     0.00,     0.00,     0.00,    18.20,     2.43,     0.00,     0.00,     0.00,     0.00,     0.00,     0.00,     0.00,     0.00,     0.00,     0.00,    14.46,     0.53,     0.00,     0.00,     0.00,     0.00,     1.29,  -999.99,  -999.99,  -999.99
cty,23041,MO: Chariton County,1981,02,PRCP,     8.39,     0.00,     0.00,     0.00,     0.00,     0.00,     0.00,     0.00,     0.00,     6.69,     1.34,     0.00,     0.00,     0.00,     0.00,     0.00,     0.00,     0.00,     0.00,     0.00,     0.00,     4.60,    10.81,     0.00,     0.00,     0.00,     0.00,     0.00,  -999.99,  -999.99,  -999.99
cty,23043,MO: Christian County,1981,02,PRCP,     9.64,     0.00,     0.00,     0.00,     0.00,     0.00,     0.00,     0.00,     0.00,    14.25,     3.69,     0.00,     0.00,     0.00,     0.00,     0.00,     0.00,     0.00,     0.00,     0.00,     0.00,     6.16,     0.09,     0.00,     0.00,     0.00,     0.00,     6.91,  -999.99,  -999.99,  -999.99
cty,23045,MO: Clark County,1981,02,PRCP,     5.98,     0.04,     0.00,     0.00,     0.00,     0.00,     0.00,     0.00,     0.00,     6.46,     3.42,     0.00,     0.00,     0.00,     0.00,     0.00,     0.00,     0.00,     0.00,     0.00,     0.00,     9.84,    14.81,     0.00,     0.00,     0.00,     0.03,     0.00,  -999.99,  -999.99,  -999.99
cty,23047,MO: Clay County,1981,02,PRCP,     9.47,     0.00,     0.00,     0.00,     0.00,     0.00,     0.00,     0.00,     0.00,     5.62,     0.02,     0.00,     0.00,     0.00,     0.00,     0.00,     0.00,     0.00,     0.00,     0.00,     0.00,     2.11,     0.13,     0.00,     0.00,     0.00,     0.00,     0.00,  -999.99,  -999.99,  -999.99
cty,23049,MO: Clinton County,1981,02,PRCP,    11.27,     0.00,     0.00,     0.00,     0.00,     0.00,     0.00,     0.00,     0.00,     5.68,     0.54,     0.00,     0.00,     0.00,     0.00,     0.00,     0.00,     0.00,     0.00,     0.00,     0.00,     2.47,     0.06,     0.00,     0.00,     0.00,     0.00,     0.00,  -999.99,  -999.99,  -999.99
cty,23051,MO: Cole County,1981,02,PRCP,    13.91,     0.39,     0.00,     0.00,     0.00,     0.00,     0.00,     0.00,     0.00,    13.28,     2.81,     0.00,     0.00,     0.00,     0.00,     0.00,     0.00,     0.00,     0.00,     0.00,     0.00,     8.62,     3.61,     0.00,     0.00,     0.00,     0.00,     0.00,  -999.99,  -999.99,  -999.99
cty,23053,MO: Cooper County,1981,02,PRCP,    11.39,     0.00,     0.00,     0.00,     0.00,     0.00,     0.00,     0.00,     0.00,     8.21,     1.72,     0.00,     0.00,     0.00,     0.00,     0.00,     0.00,     0.00,     0.00,     0.00,     0.00,     8.10,     5.82,     0.00,     0.00,     0.00,     0.00,     0.00,  -999.99,  -999.99,  -999.99
cty,23055,MO: Crawford County,1981,02,PRCP,     9.60,     0.05,     0.00,     0.00,     0.00,     0.00,     0.00,     0.00,     0.00,    11.61,     4.96,     0.00,     0.00,     0.00,     0.00,     0.00,     0.00,     0.00,     0.00,     0.00,     0.00,     3.34,     0.50,     0.00,     0.00,     0.00,     0.00,     1.51,  -999.99,  -999.99,  -999.99
cty,23057,MO: Dade County,1981,02,PRCP,     9.98,     0.00,     0.00,     0.00,     0.00,     0.07,     0.00,     0.00,     0.00,    18.11,     2.65,     0.00,     0.00,     0.00,     0.00,     0.00,     0.00,     0.00,     0.00,     0.00,     0.00,    12.77,     0.40,     0.00,     0.00,     0.00,     0.00,     2.69,  -999.99,  -999.99,  -999.99
cty,23059,MO: Dallas County,1981,02,PRCP,    13.77,     0.00,     0.00,     0.00,     0.00,     0.00,     0.00,     0.00,     0.00,    17.33,     5.23,     0.00,     0.00,     0.00,     0.00,     0.00,     0.00,     0.00,     0.00,     0.00,     0.00,    10.70,     2.05,     0.00,     0.00,     0.00,     0.00,     3.08,  -999.99,  -999.99,  -999.99
cty,23061,MO: Daviess County,1981,02,PRCP,     8.92,     0.00,     0.00,     0.00,     0.00,     0.00,     0.00,     0.00,     0.00,     4.53,     0.83,     0.00,     0.00,     0.00,     0.00,     0.00,     0.00,     0.00,     0.00,     0.00,     0.00,     2.24,     2.49,     0.00,     0.00,     0.00,     0.00,     0.00,  -999.99,  -999.99,  -999.99
cty,23063,MO: DeKalb County,1981,02,PRCP,    10.64,     0.00,     0.00,     0.00,     0.00,     0.00,     0.00,     0.00,     0.00,     4.27,     1.12,     0.00,     0.00,     0.00,     0.00,     0.00,     0.00,     0.00,     0.00,     0.00,     0.00,     2.29,     0.00,     0.00,     0.00,     0.00,     0.00,     0.00,  -999.99,  -999.99,  -999.99
cty,23065,MO: Dent County,1981,02,PRCP,    12.59,     0.00,     0.00,     0.00,     0.00,     0.00,     0.00,     0.00,     0.00,    14.93,     7.29,     0.00,     0.00,     0.00,     0.00,     0.00,     0.00,     0.00,     0.00,     0.00,     0.00,     5.53,     0.23,     0.00,     0.00,     0.00,     0.00,     4.11,  -999.99,  -999.99,  -999.99
cty,23067,MO: Douglas County,1981,02,PRCP,    10.07,     0.00,     0.00,     0.00,     0.00,     0.00,     0.00,     0.00,     0.00,    14.99,     4.85,     0.00,     0.00,     0.00,     0.00,     0.00,     0.00,     0.00,     0.00,     0.00,     0.00,     5.78,     0.01,     0.00,     0.00,     0.00,     0.00,     6.96,  -999.99,  -999.99,  -999.99
cty,23069,MO: Dunklin County,1981,02,PRCP,    30.56,     3.97,     0.00,     0.00,     0.00,     0.00,     0.00,     0.81,     0.00,    21.33,    18.33,     0.00,     0.00,     0.00,     0.00,     1.51,     3.44,     0.00,     0.00,     0.00,     0.00,     6.50,     0.00,     0.00,     0.00,     0.00,     0.00,     2.48,  -999.99,  -999.99,  -999.99
cty,23071,MO: Franklin County,1981,02,PRCP,    11.78,     0.11,     0.00,     0.00,     0.00,     0.00,     0.00,     0.00,     0.00,    14.95,     6.00,     0.00,     0.00,     0.00,     0.00,     0.00,     0.00,     0.00,     0.00,     0.00,     0.00,     5.30,     1.45,     0.00,     0.00,     0.00,     0.00,     0.83,  -999.99,  -999.99,  -999.99
cty,23073,MO: Gasconade County,1981,02,PRCP,    11.75,     0.02,     0.00,     0.00,     0.00,     0.00,     0.00,     0.00,     0.00,    13.12,     5.04,     0.00,     0.00,     0.00,     0.00,     0.00,     0.00,     0.00,     0.00,     0.00,     0.00,     4.56,     1.57,     0.00,     0.00,     0.00,     0.00,     0.17,  -999.99,  -999.99,  -999.99
cty,23075,MO: Gentry County,1981,02,PRCP,     8.71,     0.00,     0.00,     0.00,     0.00,     0.00,     0.00,     0.00,     0.00,     2.51,     1.59,     0.00,     0.00,     0.00,     0.00,     0.00,     0.00,     0.00,     0.00,     0.00,     0.00,     1.82,     0.00,     0.00,     0.00,     0.00,     0.00,     0.00,  -999.99,  -999.99,  -999.99
cty,23077,MO: Greene County,1981,02,PRCP,     8.33,     0.00,     0.00,     0.00,     0.00,     0.00,     0.00,     0.00,     0.00,    14.89,     3.26,     0.00,     0.00,     0.00,     0.00,     0.00,     0.00,     0.00,     0.00,     0.00,     0.00,     8.15,     0.52,     0.00,     0.00,     0.00,     0.00,     4.40,  -999.99,  -999.99,  -999.99
cty,23079,MO: Grundy County,1981,02,PRCP,     7.53,     0.00,     0.00,     0.00,     0.00,     0.00,     0.00,     0.00,     0.00,     4.70,     1.01,     0.00,     0.00,     0.00,     0.00,     0.00,     0.00,     0.00,     0.00,     0.00,     0.00,     2.35,     8.42,     0.00,     0.00,     0.00,     0.00,     0.00,  -999.99,  -999.99,  -999.99
cty,23081,MO: Harrison County,1981,02,PRCP,     6.71,     0.00,     0.00,     0.00,     0.00,     0.00,     0.00,     0.00,     0.00,     2.62,     1.66,     0.00,     0.00,     0.00,     0.00,     0.00,     0.00,     0.00,     0.00,     0.00,     0.00,     2.02,     1.91,     0.00,     0.00,     0.00,     0.00,     0.00,  -999.99,  -999.99,  -999.99
cty,23083,MO: Henry County,1981,02,PRCP,    14.11,     0.00,     0.00,     0.00,     0.00,     0.03,     0.00,     0.00,     0.00,    12.90,     1.15,     0.00,     0.00,     0.00,     0.00,     0.00,     0.00,     0.00,     0.00,     0.00,     0.00,     9.77,     1.42,     0.00,     0.00,     0.00,     0.00,     0.01,  -999.99,  -999.99,  -999.99
cty,23085,MO: Hickory County,1981,02,PRCP,    14.64,     0.00,     0.00,     0.00,     0.00,     0.00,     0.00,     0.00,     0.00,    17.78,     3.78,     0.00,     0.00,     0.00,     0.00,     0.00,     0.00,     0.00,     0.00,     0.00,     0.00,    14.70,     2.86,     0.00,     0.00,     0.00,     0.00,     1.65,  -999.99,  -999.99,  -999.99
cty,23087,MO: Holt County,1981,02,PRCP,    12.76,     0.00,     0.00,     0.00,     0.00,     0.00,     0.00,     0.00,     0.00,     2.07,     1.56,     0.00,     0.00,     0.00,     0.00,     0.00,     0.00,     0.00,     0.00,     0.00,     0.00,     0.87,     0.00,     0.00,     0.00,     0.00,     0.00,     0.00,  -999.99,  -999.99,  -999.99
cty,23089,MO: Howard County,1981,02,PRCP,     9.96,     0.00,     0.00,     0.00,     0.00,     0.00,     0.00,     0.00,     0.00,     7.31,     1.67,     0.00,     0.00,     0.00,     0.00,     0.00,     0.00,     0.00,     0.00,     0.00,     0.00,     6.67,     8.40,     0.00,     0.00,     0.00,     0.00,     0.00,  -999.99,  -999.99,  -999.99
cty,23091,MO: Howell County,1981,02,PRCP,     8.97,     0.00,     0.00,     0.00,     0.00,     0.00,     0.00,     0.00,     0.00,    16.57,     5.41,     0.00,     0.00,     0.00,     0.00,     0.00,     0.00,     0.00,     0.00,     0.00,     0.00,     7.44,     0.00,     0.00,     0.00,     0.00,     0.00,     5.69,  -999.99,  -999.99,  -999.99
cty,23093,MO: Iron County,1981,02,PRCP,    13.74,     1.26,     0.00,     0.00,     0.00,     0.00,     0.00,     0.00,     0.00,    22.08,    11.78,     0.00,     0.00,     0.00,     0.00,     0.00,     0.00,     0.00,     0.00,     0.00,     0.00,    12.01,     0.18,     0.00,     0.00,     0.00,     0.00,     6.37,  -999.99,  -999.99,  -999.99
cty,23095,MO: Jackson County,1981,02,PRCP,    10.44,     0.00,     0.00,     0.00,     0.00,     0.00,     0.00,     0.00,     0.00,     7.20,     0.00,     0.00,     0.00,     0.00,     0.00,     0.00,     0.00,     0.00,     0.00,     0.00,     0.00,     2.63,     0.20,     0.00,     0.00,     0.00,     0.00,     0.00,  -999.99,  -999.99,  -999.99
cty,23097,MO: Jasper County,1981,02,PRCP,    12.20,     0.00,     0.00,     0.00,     0.00,     0.37,     0.00,     0.00,     0.00,    19.37,     2.75,     0.00,     0.00,     0.00,     0.00,     0.00,     0.00,     0.00,     0.00,     0.00,     0.00,    12.58,     0.03,     0.00,     0.00,     0.00,     0.00,     3.60,  -999.99,  -999.99,  -999.99
cty,23099,MO: Jefferson County,1981,02,PRCP,    11.46,     0.87,     0.00,     0.00,     0.00,     0.00,     0.00,     0.00,     0.00,    17.92,     7.96,     0.00,     0.00,     0.00,     0.00,     0.00,     0.00,     0.00,     0.00,     0.00,     0.00,     8.41,     1.52,     0.00,     0.00,     0.00,     0.00,     2.63,  -999.99,  -999.99,  -999.99
cty,23101,MO: Johnson County,1981,02,PRCP,    14.74,     0.00,     0.00,     0.00,     0.00,     0.00,     0.00,     0.00,     0.00,    11.06,     0.44,     0.00,     0.00,     0.00,     0.00,     0.00,     0.00,     0.00,     0.00,     0.00,     0.00,     6.79,     2.02,     0.00,     0.00,     0.00,     0.00,     0.00,  -999.99,  -999.99,  -999.99
cty,23103,MO: Knox County,1981,02,PRCP,     6.26,     0.00,     0.00,     0.00,     0.00,     0.00,     0.00,     0.00,     0.00,     7.37,     3.24,     0.00,     0.00,     0.00,     0.00,     0.00,     0.00,     0.00,     0.00,     0.00,     0.00,     9.47,    14.17,     0.00,     0.00,     0.00,     0.00,     0.00,  -999.99,  -999.99,  -999.99
cty,23105,MO: Laclede County,1981,02,PRCP,    14.07,     0.00,     0.00,     0.00,     0.00,     0.00,     0.00,     0.00,     0.00,    15.46,     6.37,     0.00,     0.00,     0.00,     0.00,     0.00,     0.00,     0.00,     0.00,     0.00,     0.00,     7.10,     1.40,     0.00,     0.00,     0.00,     0.00,     3.22,  -999.99,  -999.99,  -999.99
cty,23107,MO: Lafayette County,1981,02,PRCP,    13.81,     0.00,     0.00,     0.00,     0.00,     0.00,     0.00,     0.00,     0.00,     9.52,     0.04,     0.00,     0.00,     0.00,     0.00,     0.00,     0.00,     0.00,     0.00,     0.00,     0.00,     5.25,     3.02,     0.00,     0.00,     0.00,     0.00,     0.00,  -999.99,  -999.99,  -999.99
cty,23109,MO: Lawrence County,1981,02,PRCP,     9.63,     0.01,     0.00,     0.00,     0.00,     0.08,     0.00,     0.00,     0.00,    18.59,     3.10,     0.00,     0.00,     0.00,     0.00,     0.00,     0.00,     0.00,     0.00,     0.00,     0.00,    11.42,     0.44,     0.00,     0.00,     0.00,     0.00,     5.92,  -999.99,  -999.99,  -999.99
cty,23111,MO: Lewis County,1981,02,PRCP,     6.72,     0.16,     0.00,     0.00,     0.00,     0.00,     0.00,     0.00,     0.00,     7.71,     3.52,     0.00,     0.00,     0.00,     0.00,     0.00,     0.00,     0.00,     0.00,     0.00,     0.00,     9.10,    12.25,     0.00,     0.00,     0.00,     0.00,     0.00,  -999.99,  -999.99,  -999.99
cty,23113,MO: Lincoln County,1981,02,PRCP,    12.58,     0.97,     0.00,     0.00,     0.01,     0.00,     0.00,     0.00,     0.00,    14.39,     6.60,     0.01,     0.00,     0.00,     0.00,     0.00,     0.00,     0.00,     0.00,     0.00,     0.00,     7.68,     3.79,     0.00,     0.00,     0.00,     0.00,     0.07,  -999.99,  -999.99,  -999.99
cty,23115,MO: Linn County,1981,02,PRCP,     7.58,     0.01,     0.00,     0.00,     0.00,     0.00,     0.00,     0.00,     0.00,     6.12,     1.47,     0.00,     0.00,     0.00,     0.00,     0.00,     0.00,     0.00,     0.00,     0.00,     0.00,     3.64,    13.88,     0.00,     0.00,     0.00,     0.00,     0.00,  -999.99,  -999.99,  -999.99
cty,23117,MO: Livingston County,1981,02,PRCP,     8.85,     0.00,     0.00,     0.00,     0.00,     0.00,     0.00,     0.00,     0.00,     6.22,     0.50,     0.00,     0.00,     0.00,     0.00,     0.00,     0.00,     0.00,     0.00,     0.00,     0.00,     2.73,     8.17,     0.00,     0.00,     0.00,     0.00,     0.00,  -999.99,  -999.99,  -999.99
cty,23119,MO: McDonald County,1981,02,PRCP,    13.09,     0.00,     0.00,     0.00,     0.00,     0.08,     0.00,     0.00,     0.00,    21.66,     2.96,     0.00,     0.00,     0.00,     0.00,     0.00,     0.00,     0.00,     0.00,     0.00,     0.00,    11.85,     0.16,     0.00,     0.00,     0.00,     0.00,    12.95,  -999.99,  -999.99,  -999.99
cty,23121,MO: Macon County,1981,02,PRCP,     7.70,     0.00,     0.00,     0.00,     0.00,     0.00,     0.00,     0.00,     0.00,     7.38,     2.47,     0.00,     0.00,     0.00,     0.00,     0.00,     0.00,     0.00,     0.00,     0.00,     0.00,     6.89,    15.04,     0.00,     0.00,     0.00,     0.00,     0.00,  -999.99,  -999.99,  -999.99
cty,23123,MO: Madison County,1981,02,PRCP,    15.31,     2.49,     0.00,     0.00,     0.00,     0.00,     0.00,     0.00,     0.00,    25.73,    16.87,     0.00,     0.00,     0.00,     0.00,     0.04,     0.00,     0.00,     0.00,     0.00,     0.00,    14.82,     0.18,     0.00,     0.00,     0.00,     0.00,     6.75,  -999.99,  -999.99,  -999.99
cty,23125,MO: Maries County,1981,02,PRCP,    14.77,     0.28,     0.00,     0.00,     0.00,     0.00,     0.00,     0.00,     0.00,    15.00,     5.66,     0.00,     0.00,     0.00,     0.00,     0.00,     0.00,     0.00,     0.00,     0.00,     0.00,     5.13,     1.55,     0.00,     0.00,     0.00,     0.00,     0.75,  -999.99,  -999.99,  -999.99
cty,23127,MO: Marion County,1981,02,PRCP,     7.51,     0.38,     0.00,     0.00,     0.00,     0.00,     0.00,     0.00,     0.00,     8.76,     3.53,     0.00,     0.00,     0.00,     0.00,     0.00,     0.00,     0.00,     0.00,     0.00,     0.00,     8.15,     9.36,     0.00,     0.00,     0.00,     0.00,     0.00,  -999.99,  -999.99,  -999.99
cty,23129,MO: Mercer County,1981,02,PRCP,     6.42,     0.00,     0.00,     0.00,     0.00,     0.00,     0.00,     0.00,     0.00,     3.43,     1.63,     0.00,     0.00,     0.00,     0.00,     0.00,     0.00,     0.00,     0.00,     0.00,     0.00,     2.95,     7.86,     0.00,     0.00,     0.00,     0.00,     0.00,  -999.99,  -999.99,  -999.99
cty,23131,MO: Miller County,1981,02,PRCP,    16.48,     0.25,     0.00,     0.00,     0.00,     0.00,     0.00,     0.00,     0.00,    15.96,     4.63,     0.00,     0.00,     0.00,     0.00,     0.00,     0.00,     0.00,     0.00,     0.00,     0.00,     9.26,     2.77,     0.00,     0.00,     0.00,     0.00,     0.75,  -999.99,  -999.99,  -999.99
cty,23133,MO: Mississippi County,1981,02,PRCP,    26.51,     7.08,     0.00,     0.00,     0.00,     0.00,     0.00,     0.72,     0.00,    16.76,    20.21,     0.00,     0.00,     0.00,     0.00,     2.79,     3.48,     0.00,     0.00,     0.00,     0.00,     3.92,     0.03,     0.00,     0.00,     0.00,     0.00,     4.81,  -999.99,  -999.99,  -999.99
cty,23135,MO: Moniteau County,1981,02,PRCP,    12.11,     0.03,     0.00,     0.00,     0.00,     0.00,     0.00,     0.00,     0.00,    10.40,     2.27,     0.00,     0.00,     0.00,     0.00,     0.00,     0.00,     0.00,     0.00,     0.00,     0.00,     8.79,     4.40,     0.00,     0.00,     0.00,     0.00,     0.00,  -999.99,  -999.99,  -999.99
cty,23137,MO: Monroe County,1981,02,PRCP,     7.23,     0.01,     0.00,     0.00,     0.00,     0.00,     0.00,     0.00,     0.00,     7.73,     2.45,     0.00,     0.00,     0.00,     0.00,     0.00,     0.00,     0.00,     0.00,     0.00,     0.00,     6.80,     8.18,     0.00,     0.00,     0.00,     0.00,     0.00,  -999.99,  -999.99,  -999.99
cty,23139,MO: Montgomery County,1981,02,PRCP,    11.46,     0.04,     0.00,     0.00,     0.00,     0.00,     0.00,     0.00,     0.00,    12.38,     4.72,     0.00,     0.00,     0.00,     0.00,     0.00,     0.00,     0.00,     0.00,     0.00,     0.00,     6.53,     3.88,     0.00,     0.00,     0.00,     0.00,     0.00,  -999.99,  -999.99,  -999.99
cty,23141,MO: Morgan County,1981,02,PRCP,    13.49,     0.00,     0.00,     0.00,     0.00,     0.00,     0.00,     0.00,     0.00,    11.82,     2.63,     0.00,     0.00,     0.00,     0.00,     0.00,     0.00,     0.00,     0.00,     0.00,     0.00,    10.20,     3.53,     0.00,     0.00,     0.00,     0.00,     0.12,  -999.99,  -999.99,  -999.99
cty,23143,MO: New Madrid County,1981,02,PRCP,    28.52,     5.03,     0.00,     0.00,     0.00,     0.00,     0.00,     0.43,     0.00,    17.65,    18.88,     0.00,     0.00,     0.00,     0.00,     2.51,     3.02,     0.01,     0.04,     0.00,     0.00,     4.85,     0.01,     0.00,     0.00,     0.00,     0.00,     3.51,  -999.99,  -999.99,  -999.99
cty,23145,MO: Newton County,1981,02,PRCP,    12.34,     0.00,     0.00,     0.00,     0.00,     0.30,     0.00,     0.00,     0.00,    19.98,     3.02,     0.00,     0.00,     0.00,     0.00,     0.00,     0.00,     0.00,     0.00,     0.00,     0.00,    12.05,     0.19,     0.00,     0.00,     0.00,     0.00,     7.41,  -999.99,  -999.99,  -999.99
cty,23147,MO: Nodaway County,1981,02,PRCP,    12.60,     0.00,     0.00,     0.00,     0.00,     0.00,     0.00,     0.00,     0.00,     2.23,     2.33,     0.00,     0.00,     0.00,     0.00,     0.00,     0.00,     0.00,     0.00,     0.00,     0.00,     1.39,     0.00,     0.00,     0.00,     0.00,     0.00,     0.00,  -999.99,  -999.99,  -999.99
cty,23149,MO: Oregon County,1981,02,PRCP,    14.84,     0.60,     0.00,     0.00,     0.00,     0.00,     0.00,     0.00,     0.00,    26.37,     9.03,     0.00,     0.00,     0.00,     0.00,     0.00,     0.00,     0.00,     0.00,     0.00,     0.00,    13.18,     0.00,     0.00,     0.00,     0.00,     0.00,     6.67,  -999.99,  -999.99,  -999.99
cty,23151,MO: Osage County,1981,02,PRCP,    12.42,     0.24,     0.00,     0.00,     0.00,     0.00,     0.00,     0.00,     0.00,    12.81,     3.90,     0.00,     0.00,     0.00,     0.00,     0.00,     0.00,     0.00,     0.00,     0.00,     0.00,     5.41,     2.20,     0.00,     0.00,     0.00,     0.00,     0.02,  -999.99,  -999.99,  -999.99
cty,23153,MO: Ozark County,1981,02,PRCP,    10.15,     0.00,     0.00,     0.00,     0.00,     0.00,     0.00,     0.00,     0.00,    16.59,     4.91,     0.00,     0.00,     0.00,     0.00,     0.00,     0.00,     0.00,     0.00,     0.00,     0.00,     6.37,     0.00,     0.00,     0.00,     0.00,     0.00,     8.44,  -999.99,  -999.99,  -999.99
cty,23155,MO: Pemiscot County,1981,02,PRCP,    26.56,     4.62,     0.00,     0.00,     0.00,     0.00,     0.00,     1.21,     0.00,    14.41,    15.48,     0.00,     0.00,     0.00,     0.00,     1.97,     4.84,     0.00,     0.00,     0.00,     0.00,     3.43,     0.00,     0.00,     0.00,     0.00,     0.00,     1.83,  -999.99,  -999.99,  -999.99
cty,23157,MO: Perry County,1981,02,PRCP,    12.61,     4.11,     0.00,     0.00,     0.00,     0.00,     0.00,     0.00,     0.00,    22.43,    16.80,     0.00,     0.00,     0.00,     0.00,     0.14,     0.00,     0.00,     0.00,     0.00,     0.00,    10.00,     0.63,     0.00,     0.00,     0.00,     0.00,     5.82,  -999.99,  -999.99,  -999.99
cty,23159,MO: Pettis County,1981,02,PRCP,    12.66,     0.00,     0.00,     0.00,     0.00,     0.00,     0.00,     0.00,     0.00,     9.51,     1.22,     0.00,     0.00,     0.00,     0.00,     0.00,     0.00,     0.00,     0.00,     0.00,     0.00,     9.15,     4.08,     0.00,     0.00,     0.00,     0.00,     0.01,  -999.99,  -999.99,  -999.99
cty,23161,MO: Phelps County,1981,02,PRCP,    14.54,     0.02,     0.00,     0.00,     0.00,     0.00,     0.00,     0.00,     0.00,    14.34,     6.62,     0.00,     0.00,     0.00,     0.00,     0.00,     0.00,     0.00,     0.00,     0.00,     0.00,     4.12,     0.79,     0.00,     0.00,     0.00,     0.00,     1.70,  -999.99,  -999.99,  -999.99
cty,23163,MO: Pike County,1981,02,PRCP,    10.25,     0.78,     0.00,     0.00,     0.00,     0.00,     0.00,     0.00,     0.00,    11.50,     5.03,     0.00,     0.00,     0.00,     0.00,     0.00,     0.00,     0.00,     0.00,     0.00,     0.00,     7.11,     5.26,     0.00,     0.00,     0.00,     0.00,     0.00,  -999.99,  -999.99,  -999.99
cty,23165,MO: Platte County,1981,02,PRCP,     7.20,     0.00,     0.00,     0.00,     0.00,     0.00,     0.00,     0.00,     0.00,     3.63,     0.40,     0.00,     0.00,     0.00,     0.00,     0.00,     0.00,     0.00,     0.00,     0.00,     0.00,     1.37,     0.00,     0.00,     0.00,     0.00,     0.00,     0.00,  -999.99,  -999.99,  -999.99
cty,23167,MO: Polk County,1981,02,PRCP,    11.43,     0.01,     0.00,     0.00,     0.00,     0.00,     0.00,     0.00,     0.00,    17.79,     3.68,     0.00,     0.00,     0.00,     0.00,     0.00,     0.00,     0.00,     0.00,     0.00,     0.00,    12.40,     1.38,     0.00,     0.00,     0.00,     0.00,     2.79,  -999.99,  -999.99,  -999.99
cty,23169,MO: Pulaski County,1981,02,PRCP,    15.52,     0.00,     0.00,     0.00,     0.00,     0.00,     0.00,     0.00,     0.00,    15.25,     6.52,     0.00,     0.00,     0.00,     0.00,     0.00,     0.00,     0.00,     0.00,     0.00,     0.00,     5.82,     1.20,     0.00,     0.00,     0.00,     0.00,     2.06,  -999.99,  -999.99,  -999.99
cty,23171,MO: Putnam County,1981,02,PRCP,     6.16,     0.00,     0.00,     0.00,     0.00,     0.00,     0.00,     0.00,     0.00,     4.15,     2.23,     0.00,     0.00,     0.00,     0.00,     0.00,     0.00,     0.00,     0.00,     0.00,     0.00,     5.99,    17.13,     0.00,     0.00,     0.00,     0.00,     0.00,  -999.99,  -999.99,  -999.99
cty,23173,MO: Ralls County,1981,02,PRCP,     9.14,     0.48,     0.00,     0.00,     0.00,     0.00,     0.00,     0.00,     0.00,    10.43,     3.95,     0.00,     0.00,     0.00,     0.00,     0.00,     0.00,     0.00,     0.00,     0.00,     0.00,     8.03,     7.80,     0.00,     0.00,     0.00,     0.00,     0.00,  -999.99,  -999.99,  -999.99
cty,23175,MO: Randolph County,1981,02,PRCP,     9.15,     0.00,     0.00,     0.00,     0.00,     0.00,     0.00,     0.00,     0.00,     8.03,     2.18,     0.00,     0.00,     0.00,     0.00,     0.00,     0.00,     0.00,     0.00,     0.00,     0.00,     7.07,    11.59,     0.00,     0.00,     0.00,     0.00,     0.00,  -999.99,  -999.99,  -999.99
cty,23177,MO: Ray County,1981,02,PRCP,    13.36,     0.00,     0.00,     0.00,     0.00,     0.00,     0.00,     0.00,     0.00,     8.66,     0.00,     0.00,     0.00,     0.00,     0.00,     0.00,     0.00,     0.00,     0.00,     0.00,     0.00,     3.63,     2.64,     0.00,     0.00,     0.00,     0.00,     0.00,  -999.99,  -999.99,  -999.99
cty,23179,MO: Reynolds County,1981,02,PRCP,    13.98,     0.88,     0.00,     0.00,     0.00,     0.00,     0.00,     0.00,     0.00,    22.66,    11.01,     0.00,     0.00,     0.00,     0.00,     0.00,     0.00,     0.00,     0.00,     0.00,     0.00,    12.44,     0.00,     0.00,     0.00,     0.00,     0.00,     7.38,  -999.99,  -999.99,  -999.99
cty,23181,MO: Ripley County,1981,02,PRCP,    16.16,     0.95,     0.00,     0.00,     0.00,     0.00,     0.00,     0.00,     0.00,    26.58,    11.18,     0.00,     0.00,     0.00,     0.00,     0.22,     0.00,     0.00,     0.00,     0.00,     0.00,    13.26,     0.00,     0.00,     0.00,     0.00,     0.00,     4.69,  -999.99,  -999.99,  -999.99
cty,23183,MO: St. Charles County,1981,02,PRCP,    11.75,     0.67,     0.00,     0.00,     0.00,     0.00,     0.00,     0.00,     0.00,    15.06,     6.41,     0.00,     0.00,     0.00,     0.00,     0.00,     0.00,     0.00,     0.00,     0.00,     0.00,     7.44,     2.90,     0.00,     0.00,     0.00,     0.00,     0.87,  -999.99,  -999.99,  -999.99
cty,23185,MO: St. Clair County,1981,02,PRCP,    14.58,     0.00,     0.00,     0.00,     0.00,     0.01,     0.00,     0.00,     0.00,    17.06,     2.14,     0.00,     0.00,     0.00,     0.00,     0.00,     0.00,     0.00,     0.00,     0.00,     0.00,    14.21,     1.26,     0.00,     0.00,     0.00,     0.00,     0.60,  -999.99,  -999.99,  -999.99
cty,23186,MO: Ste. Genevieve County,1981,02,PRCP,    11.70,     2.02,     0.00,     0.00,     0.00,     0.00,     0.00,     0.00,     0.00,    20.95,    12.26,     0.00,     0.00,     0.00,     0.00,     0.00,     0.00,     0.00,     0.00,     0.00,     0.00,    10.99,     0.83,     0.00,     0.00,     0.00,     0.00,     4.86,  -999.99,  -999.99,  -999.99
cty,23187,MO: St. Francois County,1981,02,PRCP,    12.16,     1.60,     0.00,     0.00,     0.00,     0.00,     0.00,     0.00,     0.00,    20.88,    11.55,     0.00,     0.00,     0.00,     0.00,     0.00,     0.00,     0.00,     0.00,     0.00,     0.00,    11.56,     0.62,     0.00,     0.00,     0.00,     0.00,     5.01,  -999.99,  -999.99,  -999.99
cty,23189,MO: St. Louis County,1981,02,PRCP,    11.53,     0.87,     0.00,     0.00,     0.00,     0.00,     0.00,     0.00,     0.00,    16.48,     7.06,     0.00,     0.00,     0.00,     0.00,     0.00,     0.00,     0.00,     0.00,     0.00,     0.00,     8.68,     2.88,     0.00,     0.00,     0.00,     0.00,     1.60,  -999.99,  -999.99,  -999.99
cty,23195,MO: Saline County,1981,02,PRCP,    10.57,     0.00,     0.00,     0.00,     0.00,     0.00,     0.00,     0.00,     0.00,     7.49,     0.90,     0.00,     0.00,     0.00,     0.00,     0.00,     0.00,     0.00,     0.00,     0.00,     0.00,     6.08,     6.66,     0.00,     0.00,     0.00,     0.00,     0.00,  -999.99,  -999.99,  -999.99
cty,23197,MO: Schuyler County,1981,02,PRCP,     5.81,     0.00,     0.00,     0.00,     0.00,     0.00,     0.00,     0.00,     0.00,     5.32,     2.93,     0.00,     0.00,     0.00,     0.00,     0.00,     0.00,     0.00,     0.00,     0.00,     0.00,     9.30,    18.45,     0.00,     0.00,     0.00,     0.00,     0.00,  -999.99,  -999.99,  -999.99
cty,23199,MO: Scotland County,1981,02,PRCP,     6.54,     0.00,     0.00,     0.00,     0.00,     0.00,     0.00,     0.00,     0.00,     7.14,     3.78,     0.00,     0.00,     0.00,     0.00,     0.00,     0.00,     0.00,     0.00,     0.00,     0.00,    11.89,    19.00,     0.00,     0.00,     0.00,     0.00,     0.00,  -999.99,  -999.99,  -999.99
cty,23201,MO: Scott County,1981,02,PRCP,    25.52,     6.09,     0.00,     0.00,     0.00,     0.00,     0.00,     0.00,     0.00,    23.38,    22.66,     0.00,     0.00,     0.00,     0.00,     2.36,     0.94,     0.01,     0.01,     0.00,     0.00,     7.79,     0.01,     0.00,     0.00,     0.00,     0.00,     5.89,  -999.99,  -999.99,  -999.99
cty,23203,MO: Shannon County,1981,02,PRCP,    12.48,     0.18,     0.00,     0.00,     0.00,     0.00,     0.00,     0.00,     0.00,    19.11,     8.22,     0.00,     0.00,     0.00,     0.00,     0.00,     0.00,     0.00,     0.00,     0.00,     0.00,     9.47,     0.00,     0.00,     0.00,     0.00,     0.00,     6.39,  -999.99,  -999.99,  -999.99
cty,23205,MO: Shelby County,1981,02,PRCP,     6.14,     0.01,     0.00,     0.00,     0.00,     0.00,     0.00,     0.00,     0.00,     6.96,     2.61,     0.00,     0.00,     0.00,     0.00,     0.00,     0.00,     0.00,     0.00,     0.00,     0.00,     7.21,    10.09,     0.00,     0.00,     0.00,     0.00,     0.00,  -999.99,  -999.99,  -999.99
cty,23207,MO: Stoddard County,1981,02,PRCP,    25.54,     3.66,     0.00,     0.00,     0.00,     0.00,     0.00,     0.00,     0.00,    23.78,    19.28,     0.00,     0.00,     0.00,     0.00,     2.04,     0.39,     0.01,     0.00,     0.00,     0.00,    10.14,     0.00,     0.00,     0.00,     0.00,     0.00,     4.39,  -999.99,  -999.99,  -999.99
cty,23209,MO: Stone County,1981,02,PRCP,    10.20,     0.00,     0.00,     0.00,     0.00,     0.03,     0.00,     0.00,     0.00,    16.55,     3.00,     0.00,     0.00,     0.00,     0.00,     0.00,     0.00,     0.00,     0.00,     0.00,     0.00,     6.63,     0.03,     0.00,     0.00,     0.00,     0.00,    10.76,  -999.99,  -999.99,  -999.99
cty,23211,MO: Sullivan County,1981,02,PRCP,     7.48,     0.00,     0.00,     0.00,     0.00,     0.00,     0.00,     0.00,     0.00,     5.38,     1.82,     0.00,     0.00,     0.00,     0.00,     0.00,     0.00,     0.00,     0.00,     0.00,     0.00,     4.51,    17.64,     0.00,     0.00,     0.00,     0.00,     0.00,  -999.99,  -999.99,  -999.99
cty,23213,MO: Taney County,1981,02,PRCP,    11.52,     0.00,     0.00,     0.00,     0.00,     0.00,     0.00,     0.00,     0.00,    15.09,     4.12,     0.00,     0.00,     0.00,     0.00,     0.00,     0.00,     0.00,     0.00,     0.00,     0.00,     5.42,     0.00,     0.00,     0.00,     0.00,     0.00,    10.71,  -999.99,  -999.99,  -999.99
cty,23215,MO: Texas County,1981,02,PRCP,    11.29,     0.00,     0.00,     0.00,     0.00,     0.00,     0.00,     0.00,     0.00,    13.41,     6.42,     0.00,     0.00,     0.00,     0.00,     0.00,     0.00,     0.00,     0.00,     0.00,     0.00,     4.97,     0.16,     0.00,     0.00,     0.00,     0.00,     4.19,  -999.99,  -999.99,  -999.99
cty,23217,MO: Vernon County,1981,02,PRCP,    13.45,     0.00,     0.00,     0.00,     0.00,     0.28,     0.00,     0.00,     0.00,    17.36,     1.85,     0.00,     0.00,     0.00,     0.00,     0.00,     0.00,     0.00,     0.00,     0.00,     0.00,    10.65,     0.00,     0.00,     0.00,     0.00,     0.00,     0.15,  -999.99,  -999.99,  -999.99
cty,23219,MO: Warren County,1981,02,PRCP,    11.16,     0.02,     0.00,     0.00,     0.00,     0.00,     0.00,     0.00,     0.00,    13.06,     5.62,     0.00,     0.00,     0.00,     0.00,     0.00,     0.00,     0.00,     0.00,     0.00,     0.00,     5.76,     2.27,     0.00,     0.00,     0.00,     0.00,     0.09,  -999.99,  -999.99,  -999.99
cty,23221,MO: Washington County,1981,02,PRCP,    11.14,     0.70,     0.00,     0.00,     0.00,     0.00,     0.00,     0.00,     0.00,    16.22,     7.28,     0.00,     0.00,     0.00,     0.00,     0.00,     0.00,     0.00,     0.00,     0.00,     0.00,     7.11,     0.62,     0.00,     0.00,     0.00,     0.00,     2.99,  -999.99,  -999.99,  -999.99
cty,23223,MO: Wayne County,1981,02,PRCP,    16.45,     1.96,     0.00,     0.00,     0.00,     0.00,     0.00,     0.00,     0.00,    25.00,    15.37,     0.00,     0.00,     0.00,     0.00,     0.56,     0.00,     0.00,     0.00,     0.00,     0.00,    14.03,     0.00,     0.00,     0.00,     0.00,     0.00,     5.91,  -999.99,  -999.99,  -999.99
cty,23225,MO: Webster County,1981,02,PRCP,    11.48,     0.00,     0.00,     0.00,     0.00,     0.00,     0.00,     0.00,     0.00,    14.94,     5.24,     0.00,     0.00,     0.00,     0.00,     0.00,     0.00,     0.00,     0.00,     0.00,     0.00,     6.59,     0.73,     0.00,     0.00,     0.00,     0.00,     5.16,  -999.99,  -999.99,  -999.99
cty,23227,MO: Worth County,1981,02,PRCP,     9.98,     0.00,     0.00,     0.00,     0.00,     0.00,     0.00,     0.00,     0.00,     2.37,     2.90,     0.00,     0.00,     0.00,     0.00,     0.00,     0.00,     0.00,     0.00,     0.00,     0.00,     2.04,     0.00,     0.00,     0.00,     0.00,     0.00,     0.00,  -999.99,  -999.99,  -999.99
cty,23229,MO: Wright County,1981,02,PRCP,    12.20,     0.00,     0.00,     0.00,     0.00,     0.00,     0.00,     0.00,     0.00,    14.81,     6.04,     0.00,     0.00,     0.00,     0.00,     0.00,     0.00,     0.00,     0.00,     0.00,     0.00,     5.59,     0.43,     0.00,     0.00,     0.00,     0.00,     5.31,  -999.99,  -999.99,  -999.99
cty,23510,MO: St. Louis city,1981,02,PRCP,    10.20,     0.97,     0.00,     0.00,     0.00,     0.00,     0.00,     0.00,     0.00,    15.40,     6.69,     0.00,     0.00,     0.00,     0.00,     0.00,     0.00,     0.00,     0.00,     0.00,     0.00,     8.98,     2.70,     0.00,     0.00,     0.00,     0.00,     1.84,  -999.99,  -999.99,  -999.99
cty,24001,MT: Beaverhead County,1981,02,PRCP,     3.64,     0.06,     0.04,     0.00,     0.01,     0.00,     0.00,     0.38,     0.45,     5.34,     0.24,     0.88,     1.36,     0.28,     5.53,     0.90,    12.56,     0.49,     2.26,    13.43,     0.02,     0.02,     0.06,     0.01,     0.00,     1.10,     2.02,     0.00,  -999.99,  -999.99,  -999.99
cty,24003,MT: Big Horn County,1981,02,PRCP,     3.54,     0.04,     0.00,     0.00,     0.00,     0.00,     0.41,     2.03,     2.45,     2.15,     0.00,     0.00,     0.01,     0.00,     0.01,     0.00,     0.09,     0.00,     0.00,     1.64,     0.00,     0.06,     0.00,     0.00,     0.00,     0.00,     1.22,     0.00,  -999.99,  -999.99,  -999.99
cty,24005,MT: Blaine County,1981,02,PRCP,     0.59,     0.00,     0.00,     0.00,     0.00,     0.00,     0.04,     1.05,     0.15,     0.02,     0.00,     0.00,     0.00,     0.00,     0.00,     0.00,     0.00,     0.00,     0.00,     0.00,     0.00,     0.00,     0.00,     0.00,     0.00,     0.00,     0.00,     0.00,  -999.99,  -999.99,  -999.99
cty,24007,MT: Broadwater County,1981,02,PRCP,     3.11,     0.02,     0.00,     0.00,     0.00,     0.00,     0.75,     3.00,     3.57,     3.03,     0.01,     0.00,     0.17,     0.01,     1.07,     0.06,     2.81,     0.39,     0.12,     3.73,     0.24,     0.00,     0.00,     0.00,     0.00,     0.00,     0.00,     0.00,  -999.99,  -999.99,  -999.99
cty,24009,MT: Carbon County,1981,02,PRCP,     3.98,     0.04,     0.00,     0.00,     0.00,     0.01,     1.68,     3.29,     6.79,     3.06,     0.40,     0.54,     0.52,     0.03,     0.57,     0.17,     1.63,     0.02,     0.92,     1.08,     0.69,     0.02,     0.00,     0.00,     0.00,     0.00,     1.90,     0.34,  -999.99,  -999.99,  -999.99
cty,24011,MT: Carter County,1981,02,PRCP,     0.99,     0.00,     0.00,     0.00,     0.00,     0.00,     0.00,     0.21,     0.08,     0.87,     0.00,     0.00,     0.00,     0.00,     0.00,     0.00,     0.00,     0.00,     0.00,     0.00,     0.00,     0.00,     0.00,     0.00,     0.00,     0.00,     0.00,     0.00,  -999.99,  -999.99,  -999.99
cty,24013,MT: Cascade County,1981,02,PRCP,     2.33,     0.00,     0.00,     0.02,     0.00,     0.00,     1.97,     1.84,     1.53,     1.84,     0.00,     0.00,     0.02,     0.00,     0.39,     0.00,     0.26,     0.07,     0.01,     0.98,     0.08,     0.00,     0.00,     0.00,     0.00,     0.00,     0.00,     0.00,  -999.99,  -999.99,  -999.99
cty,24015,MT: Chouteau County,1981,02,PRCP,     0.74,     0.00,     0.00,     0.00,     0.00,     0.00,     0.71,     1.42,     0.59,     0.81,     0.00,     0.00,     0.00,     0.00,     0.00,     0.00,     0.00,     0.00,     0.00,     0.01,     0.00,     0.00,     0.00,     0.00,     0.00,     0.02,     0.00,     0.00,  -999.99,  -999.99,  -999.99
cty,24017,MT: Custer County,1981,02,PRCP,     1.67,     0.00,     0.00,     0.00,     0.00,     0.00,     0.00,     0.50,     0.43,     0.40,     0.00,     0.00,     0.00,     0.00,     0.00,     0.00,     0.00,     0.00,     0.00,     0.01,     0.00,     0.00,     0.00,     0.00,     0.00,     0.00,     0.00,     0.00,  -999.99,  -999.99,  -999.99
cty,24019,MT: Daniels County,1981,02,PRCP,     0.31,     0.00,     0.00,     0.00,     0.00,     0.00,     0.07,     0.32,     0.50,     0.00,     0.00,     0.00,     0.00,     0.00,     0.06,     0.00,     0.00,     0.00,     0.00,     0.00,     1.08,     0.00,     0.00,     0.00,     0.00,     0.00,     0.00,     0.09,  -999.99,  -999.99,  -999.99
cty,24021,MT: Dawson County,1981,02,PRCP,     0.84,     0.00,     0.00,     0.00,     0.00,     0.01,     0.04,     0.45,     0.41,     0.00,     0.00,     0.00,     0.00,     0.00,     0.00,     0.00,     0.00,     0.03,     0.00,     0.12,     0.00,     0.00,     0.00,     0.00,     0.00,     0.00,     0.00,     0.03,  -999.99,  -999.99,  -999.99
cty,24023,MT: Deer Lodge County,1981,02,PRCP,     4.15,     0.25,     0.08,     0.00,     0.00,     0.00,     0.15,     1.43,     2.41,     6.47,     0.65,     0.86,     2.43,     0.10,     1.24,     1.38,    10.73,     0.62,     2.30,     8.59,     0.13,     0.00,     0.00,     0.00,     0.00,     0.92,     0.41,     0.09,  -999.99,  -999.99,  -999.99
cty,24025,MT: Fallon County,1981,02,PRCP,     0.79,     0.00,     0.00,     0.00,     0.00,     0.00,     0.01,     0.38,     0.34,     0.48,     0.00,     0.00,     0.00,     0.00,     0.00,     0.00,     0.00,     0.00,     0.00,     0.00,     0.00,     0.00,     0.00,     0.00,     0.00,     0.00,     0.00,     0.00,  -999.99,  -999.99,  -999.99
cty,24027,MT: Fergus County,1981,02,PRCP,     1.65,     0.00,     0.00,     0.00,     0.00,     0.00,     1.01,     1.77,     0.87,     0.75,     0.00,     0.00,     0.00,     0.00,     0.00,     0.00,     0.01,     0.02,     0.00,     0.14,     0.00,     0.00,     0.00,     0.00,     0.00,     0.01,     0.44,     0.00,  -999.99,  -999.99,  -999.99
cty,24029,MT: Flathead County,1981,02,PRCP,     1.40,     0.01,     0.00,     0.00,     0.02,     0.31,     0.74,     1.46,     5.66,     5.72,     1.28,     1.56,    10.96,     3.89,     9.04,    11.97,    17.98,     8.60,    10.73,     6.68,     1.47,     0.21,     0.01,     0.46,     2.35,     0.52,     0.28,     0.00,  -999.99,  -999.99,  -999.99
cty,24031,MT: Gallatin County,1981,02,PRCP,     7.00,     0.55,     0.01,     0.00,     0.00,     0.01,     1.75,     4.61,     3.68,     4.28,     0.11,     0.48,     0.44,     0.92,     3.76,     0.77,     4.39,     0.58,     1.72,     9.53,     1.10,     0.00,     0.00,     0.00,     0.00,     1.30,     1.28,     0.05,  -999.99,  -999.99,  -999.99
cty,24033,MT: Garfield County,1981,02,PRCP,     1.16,     0.00,     0.00,     0.00,     0.00,     0.00,     0.00,     1.10,     0.47,     0.08,     0.00,     0.00,     0.00,     0.00,     0.00,     0.00,     0.00,     0.00,     0.00,     0.59,     0.00,     0.00,     0.00,     0.00,     0.00,     0.00,     0.00,     0.03,  -999.99,  -999.99,  -999.99
cty,24035,MT: Glacier County,1981,02,PRCP,     0.92,     0.02,     0.00,     0.00,     0.07,     0.06,     1.31,     1.97,     4.23,     1.72,     0.42,     0.29,     1.38,     0.61,     4.23,     4.04,     8.57,     4.50,     4.60,     1.72,     1.52,     0.29,     0.00,     0.09,     0.40,     0.00,     0.03,     0.01,  -999.99,  -999.99,  -999.99
cty,24037,MT: Golden Valley County,1981,02,PRCP,     0.63,     0.00,     0.00,     0.00,     0.00,     0.00,     0.19,     1.05,     1.34,     0.95,     0.00,     0.00,     0.02,     0.00,     0.00,     0.00,     0.05,     0.00,     0.01,     0.07,     0.00,     0.00,     0.00,     0.00,     0.00,     0.00,     0.06,     0.00,  -999.99,  -999.99,  -999.99
cty,24039,MT: Granite County,1981,02,PRCP,     3.54,     0.17,     0.01,     0.00,     0.00,     0.00,     0.49,     0.55,     2.01,     6.48,     0.39,     3.35,     6.88,     0.12,     1.97,     2.24,     8.83,     1.36,     2.04,     8.05,     0.24,     0.03,     0.08,     0.00,     0.00,     0.57,     3.33,     0.01,  -999.99,  -999.99,  -999.99
cty,24041,MT: Hill County,1981,02,PRCP,     0.27,     0.01,     0.00,     0.00,     0.00,     0.00,     0.11,     1.13,     0.39,     0.16,     0.00,     0.00,     0.00,     0.00,     0.00,     0.00,     0.00,     0.00,     0.00,     0.00,     0.00,     0.00,     0.00,     0.00,     0.00,     0.00,     0.00,     0.00,  -999.99,  -999.99,  -999.99
cty,24043,MT: Jefferson County,1981,02,PRCP,     4.18,     0.13,     0.00,     0.02,     0.00,     0.03,     0.82,     2.00,     3.36,     3.66,     0.18,     0.95,     0.74,     0.56,     1.36,     0.01,     7.70,     0.62,     0.76,     4.39,     0.87,     0.00,     0.00,     0.00,     0.00,     0.29,     0.04,     0.05,  -999.99,  -999.99,  -999.99
cty,24045,MT: Judith Basin County,1981,02,PRCP,     2.59,     0.01,     0.00,     0.00,     0.00,     0.01,     2.26,     2.09,     2.66,     1.29,     0.00,     0.00,     0.29,     0.00,     0.25,     0.01,     0.36,     0.08,     0.10,     0.68,     0.24,     0.00,     0.00,     0.00,     0.00,     0.31,     0.00,     0.00,  -999.99,  -999.99,  -999.99
cty,24047,MT: Lake County,1981,02,PRCP,     1.40,     0.04,     0.00,     0.00,     0.00,     0.20,     0.49,     1.07,     2.32,     5.11,     0.68,     2.70,    10.12,     4.14,     4.65,     5.74,    10.63,     3.29,     5.67,     4.92,     1.00,     0.05,     0.01,     0.05,     0.74,     0.65,     0.40,     0.00,  -999.99,  -999.99,  -999.99
cty,24049,MT: Lewis and Clark County,1981,02,PRCP,     3.02,     0.10,     0.00,     0.01,     0.00,     0.01,     1.14,     1.93,     4.35,     5.18,     0.44,     0.03,     2.14,     0.43,     1.50,     1.13,     8.25,     1.87,     1.87,     2.84,     1.78,     0.01,     0.00,     0.01,     0.00,     0.22,     0.16,     0.01,  -999.99,  -999.99,  -999.99
cty,24051,MT: Liberty County,1981,02,PRCP,     0.01,     0.00,     0.00,     0.00,     0.00,     0.00,     0.26,     1.61,     0.69,     0.09,     0.00,     0.00,     0.00,     0.00,     0.00,     0.00,     0.00,     0.00,     0.00,     0.00,     0.00,     0.00,     0.00,     0.00,     0.00,     0.00,     0.00,     0.00,  -999.99,  -999.99,  -999.99
cty,24053,MT: Lincoln County,1981,02,PRCP,     0.01,     0.00,     0.00,     0.00,     0.00,     0.04,     0.00,     0.01,     2.39,     3.03,     0.00,     1.90,     5.52,     4.63,     6.12,     9.85,    14.72,    10.74,     9.96,     7.77,     0.39,     0.06,     0.00,     0.00,     6.08,     1.57,     0.10,     0.00,  -999.99,  -999.99,  -999.99
cty,24055,MT: McCone County,1981,02,PRCP,     0.40,     0.00,     0.00,     0.00,     0.00,     0.00,     0.00,     0.27,     0.18,     0.00,     0.00,     0.00,     0.00,     0.00,     0.00,     0.00,     0.00,     0.00,     0.00,     0.29,     0.03,     0.00,     0.00,     0.00,     0.00,     0.00,     0.00,     0.19,  -999.99,  -999.99,  -999.99
cty,24057,MT: Madison County,1981,02,PRCP,     7.78,     0.61,     0.00,     0.00,     0.00,     0.00,     0.91,     2.16,     1.84,     4.66,     0.11,     0.41,     0.26,     1.01,     6.12,     0.24,     8.71,     1.15,     1.64,    14.23,     0.73,     0.01,     0.04,     0.00,     0.01,     0.62,     1.12,     0.08,  -999.99,  -999.99,  -999.99
cty,24059,MT: Meagher County,1981,02,PRCP,     4.45,     0.02,     0.01,     0.00,     0.00,     0.00,     1.95,     4.25,     4.45,     3.77,     0.05,     0.00,     0.28,     0.00,     1.00,     0.05,     1.51,     0.31,     0.11,     4.44,     0.37,     0.00,     0.00,     0.00,     0.00,     0.00,     0.03,     0.00,  -999.99,  -999.99,  -999.99
cty,24061,MT: Mineral County,1981,02,PRCP,     0.02,     0.00,     0.00,     0.00,     0.00,     0.00,     0.00,     0.23,     0.06,     3.62,     0.20,     7.08,    17.03,     7.06,    10.47,     8.35,    17.55,    10.13,     7.87,    10.94,     2.38,     0.00,     0.26,     0.00,     0.52,     3.39,     0.34,     0.15,  -999.99,  -999.99,  -999.99
cty,24063,MT: Missoula County,1981,02,PRCP,     1.51,     0.13,     0.00,     0.00,     0.00,     0.06,     0.56,     1.22,     2.13,     7.35,     0.50,     2.42,    15.42,     3.37,     5.52,     4.61,    15.47,     3.94,     5.46,     7.35,     1.60,     0.02,     0.00,     0.01,     0.02,     1.14,     1.37,     0.00,  -999.99,  -999.99,  -999.99
cty,24065,MT: Musselshell County,1981,02,PRCP,     0.90,     0.00,     0.00,     0.00,     0.00,     0.00,     0.00,     1.09,     0.67,     0.87,     0.00,     0.00,     0.00,     0.00,     0.00,     0.00,     0.22,     0.00,     0.00,     0.49,     0.00,     0.00,     0.00,     0.00,     0.00,     0.00,     0.00,     0.00,  -999.99,  -999.99,  -999.99
cty,24067,MT: Park County,1981,02,PRCP,     6.95,     0.78,     0.02,     0.03,     0.00,     0.01,     2.22,     4.90,     5.31,     4.98,     0.49,     0.95,     1.18,     0.45,     2.77,     0.92,     4.08,     0.88,     2.43,     8.67,     1.55,     0.02,     0.00,     0.00,     0.03,     0.39,     0.67,     0.58,  -999.99,  -999.99,  -999.99
cty,24069,MT: Petroleum County,1981,02,PRCP,     1.79,     0.00,     0.00,     0.00,     0.00,     0.00,     0.01,     1.99,     0.53,     0.14,     0.00,     0.00,     0.00,     0.00,     0.00,     0.00,     0.00,     0.00,     0.00,     0.18,     0.00,     0.00,     0.00,     0.00,     0.00,     0.00,     0.00,     0.00,  -999.99,  -999.99,  -999.99
cty,24071,MT: Phillips County,1981,02,PRCP,     0.72,     0.00,     0.00,     0.00,     0.00,     0.00,     0.00,     1.02,     0.00,     0.00,     0.00,     0.00,     0.00,     0.00,     0.00,     0.00,     0.00,     0.00,     0.00,     0.00,     0.04,     0.00,     0.00,     0.00,     0.00,     0.00,     0.00,     0.00,  -999.99,  -999.99,  -999.99
cty,24073,MT: Pondera County,1981,02,PRCP,     0.81,     0.00,     0.00,     0.00,     0.06,     0.00,     0.86,     1.45,     1.81,     1.19,     0.04,     0.00,     0.01,     0.30,     1.29,     0.77,     2.55,     1.39,     1.00,     0.91,     0.84,     0.08,     0.00,     0.00,     0.00,     0.00,     0.00,     0.00,  -999.99,  -999.99,  -999.99
cty,24075,MT: Powder River County,1981,02,PRCP,     3.85,     0.00,     0.00,     0.00,     0.00,     0.00,     0.00,     0.96,     0.70,     1.19,     0.00,     0.00,     0.00,     0.00,     0.00,     0.00,     0.00,     0.20,     0.00,     0.00,     0.00,     0.00,     0.00,     0.00,     0.00,     0.00,     0.00,     0.00,  -999.99,  -999.99,  -999.99
cty,24077,MT: Powell County,1981,02,PRCP,     3.75,     0.10,     0.00,     0.01,     0.00,     0.01,     1.67,     3.05,     4.58,     7.86,     0.70,     0.83,     9.30,     2.31,     3.64,     2.34,    13.65,     2.03,     3.76,     6.36,     1.51,     0.00,     0.00,     0.00,     0.00,     0.55,     0.65,     0.03,  -999.99,  -999.99,  -999.99
cty,24079,MT: Prairie County,1981,02,PRCP,     0.78,     0.00,     0.00,     0.00,     0.00,     0.00,     0.00,     0.38,     0.43,     0.00,     0.00,     0.00,     0.00,     0.00,     0.00,     0.00,     0.00,     0.00,     0.00,     0.11,     0.00,     0.00,     0.00,     0.00,     0.00,     0.00,     0.00,     0.00,  -999.99,  -999.99,  -999.99
cty,24081,MT: Ravalli County,1981,02,PRCP,     1.50,     0.05,     0.04,     0.00,     0.00,     0.00,     0.00,     0.15,     0.19,     6.12,     0.16,     3.12,     8.38,     2.19,     6.43,     6.26,    19.02,     4.51,     6.57,    13.53,     1.99,     0.25,     0.27,     0.02,     0.00,     1.02,     1.30,     0.07,  -999.99,  -999.99,  -999.99
cty,24083,MT: Richland County,1981,02,PRCP,     0.81,     0.00,     0.00,     0.00,     0.22,     0.00,     0.19,     0.47,     0.54,     0.00,     0.00,     0.00,     0.00,     0.00,     0.00,     0.00,     0.00,     0.00,     0.00,     0.15,     0.04,     0.00,     0.00,     0.00,     0.00,     0.00,     0.00,     0.01,  -999.99,  -999.99,  -999.99
cty,24085,MT: Roosevelt County,1981,02,PRCP,     0.23,     0.00,     0.00,     0.00,     0.05,     0.00,     0.12,     0.19,     0.26,     0.00,     0.00,     0.00,     0.00,     0.00,     0.01,     0.00,     0.00,     0.00,     0.00,     0.00,     0.51,     0.00,     0.00,     0.00,     0.00,     0.00,     0.00,     0.03,  -999.99,  -999.99,  -999.99
cty,24087,MT: Rosebud County,1981,02,PRCP,     1.99,     0.00,     0.00,     0.00,     0.00,     0.00,     0.00,     0.98,     0.81,     0.75,     0.00,     0.00,     0.00,     0.00,     0.00,     0.00,     0.00,     0.00,     0.00,     1.09,     0.00,     0.00,     0.00,     0.00,     0.00,     0.00,     0.00,     0.00,  -999.99,  -999.99,  -999.99
cty,24089,MT: Sanders County,1981,02,PRCP,     0.04,     0.00,     0.00,     0.00,     0.00,     0.00,     0.00,     0.03,     1.39,     4.31,     0.01,     5.63,    15.25,     8.29,     9.06,     8.56,    18.88,    11.05,     9.74,     9.87,     1.06,     0.00,     0.00,     0.00,     3.74,     2.89,     0.32,     0.00,  -999.99,  -999.99,  -999.99
cty,24091,MT: Sheridan County,1981,02,PRCP,     0.23,     0.00,     0.00,     0.00,     0.04,     0.00,     0.44,     0.29,     0.44,     0.00,     0.00,     0.00,     0.00,     0.00,     0.00,     0.00,     0.00,     0.00,     0.00,     0.00,     1.18,     0.00,     0.00,     0.00,     0.00,     0.00,     0.00,     0.00,  -999.99,  -999.99,  -999.99
cty,24093,MT: Silver Bow County,1981,02,PRCP,     4.68,     0.00,     0.00,     0.00,     0.00,     0.00,     0.49,     1.55,     2.77,     4.09,     0.08,     2.37,     0.54,     0.46,     1.23,     0.10,     9.50,     0.57,     1.59,     6.81,     0.33,     0.00,     0.00,     0.00,     0.04,     0.47,     0.05,     0.00,  -999.99,  -999.99,  -999.99
cty,24095,MT: Stillwater County,1981,02,PRCP,     3.25,     0.10,     0.00,     0.00,     0.00,     0.04,     1.91,     2.43,     4.30,     1.92,     0.10,     0.27,     0.19,     0.01,     0.48,     0.05,     0.72,     0.03,     0.45,     0.88,     0.37,     0.03,     0.00,     0.00,     0.00,     0.00,     1.25,     0.24,  -999.99,  -999.99,  -999.99
cty,24097,MT: Sweet Grass County,1981,02,PRCP,     3.59,     0.08,     0.00,     0.00,     0.00,     0.06,     2.06,     2.42,     5.14,     1.82,     0.15,     0.35,     0.69,     0.02,     0.85,     0.17,     1.41,     0.09,     0.72,     1.68,     0.30,     0.00,     0.02,     0.00,     0.00,     0.00,     0.67,     0.29,  -999.99,  -999.99,  -999.99
cty,24099,MT: Teton County,1981,02,PRCP,     1.05,     0.00,     0.00,     0.01,     0.02,     0.00,     0.84,     1.19,     2.23,     1.99,     0.05,     0.00,     0.09,     0.05,     0.62,     0.71,     4.04,     1.41,     0.99,     1.03,     1.24,     0.02,     0.00,     0.00,     0.00,     0.00,     0.00,     0.00,  -999.99,  -999.99,  -999.99
cty,24101,MT: Toole County,1981,02,PRCP,     0.01,     0.00,     0.00,     0.00,     0.00,     0.00,     0.63,     1.58,     0.80,     0.04,     0.00,     0.00,     0.00,     0.00,     0.00,     0.00,     0.00,     0.00,     0.00,     0.00,     0.00,     0.00,     0.00,     0.00,     0.00,     0.00,     0.00,     0.00,  -999.99,  -999.99,  -999.99
cty,24103,MT: Treasure County,1981,02,PRCP,     1.95,     0.02,     0.00,     0.00,     0.00,     0.00,     0.00,     1.38,     0.63,     1.13,     0.00,     0.00,     0.00,     0.00,     0.00,     0.00,     0.00,     0.00,     0.02,     2.21,     0.00,     0.00,     0.00,     0.00,     0.00,     0.00,     0.00,     0.00,  -999.99,  -999.99,  -999.99
cty,24105,MT: Valley County,1981,02,PRCP,     0.44,     0.00,     0.00,     0.00,     0.00,     0.00,     0.00,     0.46,     0.34,     0.00,     0.00,     0.00,     0.00,     0.00,     0.13,     0.00,     0.00,     0.00,     0.00,     0.00,     0.56,     0.00,     0.00,     0.00,     0.00,     0.00,     0.00,     0.07,  -999.99,  -999.99,  -999.99
cty,24107,MT: Wheatland County,1981,02,PRCP,     1.05,     0.00,     0.00,     0.00,     0.00,     0.00,     0.72,     1.37,     2.16,     1.20,     0.00,     0.00,     0.08,     0.00,     0.03,     0.01,     0.11,     0.01,     0.04,     0.26,     0.08,     0.00,     0.00,     0.00,     0.00,     0.00,     0.10,     0.00,  -999.99,  -999.99,  -999.99
cty,24109,MT: Wibaux County,1981,02,PRCP,     1.58,     0.00,     0.00,     0.00,     0.08,     0.17,     0.86,     0.68,     0.34,     0.13,     0.00,     0.00,     0.00,     0.00,     0.00,     0.00,     0.00,     0.42,     0.00,     0.00,     0.00,     0.00,     0.00,     0.00,     0.00,     0.00,     0.00,     0.00,  -999.99,  -999.99,  -999.99
cty,24111,MT: Yellowstone County,1981,02,PRCP,     1.08,     0.00,     0.00,     0.00,     0.00,     0.00,     0.05,     1.26,     1.08,     1.34,     0.01,     0.00,     0.00,     0.00,     0.00,     0.00,     0.49,     0.00,     0.00,     0.68,     0.00,     0.00,     0.00,     0.00,     0.00,     0.00,     0.18,     0.01,  -999.99,  -999.99,  -999.99
cty,25001,NE: Adams County,1981,02,PRCP,     2.26,     0.00,     0.00,     0.00,     0.00,     0.00,     0.00,     0.00,     0.00,     0.69,     0.82,     0.00,     0.00,     0.00,     0.00,     0.00,     0.00,     0.00,     0.00,     0.00,     0.00,     0.00,     0.00,     0.00,     0.00,     0.00,     0.09,     0.00,  -999.99,  -999.99,  -999.99
cty,25003,NE: Antelope County,1981,02,PRCP,     4.59,     0.00,     0.00,     0.00,     0.00,     0.00,     0.00,     0.00,     0.00,     7.16,     0.01,     0.00,     0.00,     0.00,     0.00,     0.00,     0.00,     0.00,     0.00,     0.00,     0.00,     0.00,     0.00,     0.00,     0.00,     0.00,     3.86,     0.00,  -999.99,  -999.99,  -999.99
cty,25005,NE: Arthur County,1981,02,PRCP,     1.59,     0.00,     0.00,     0.00,     0.00,     0.00,     0.00,     0.00,     0.00,     3.26,     0.00,     0.00,     0.00,     0.00,     0.00,     0.00,     0.00,     0.00,     0.00,     0.00,     0.00,     0.00,     0.00,     0.00,     0.00,     0.00,     0.00,     0.00,  -999.99,  -999.99,  -999.99
cty,25007,NE: Banner County,1981,02,PRCP,     2.06,     0.00,     0.00,     0.00,     0.00,     0.00,     1.17,     0.61,     0.00,     2.57,     0.00,     0.00,     0.00,     0.00,     0.00,     0.00,     0.00,     0.00,     0.00,     0.00,     0.00,     0.00,     0.00,     0.00,     0.00,     0.00,     0.00,     0.00,  -999.99,  -999.99,  -999.99
cty,25009,NE: Blaine County,1981,02,PRCP,     6.65,     0.00,     0.00,     0.00,     0.00,     0.00,     0.00,     0.00,     0.00,     4.95,     0.00,     0.00,     0.00,     0.00,     0.00,     0.00,     0.00,     0.00,     0.00,     0.00,     0.00,     0.00,     0.00,     0.00,     0.00,     0.00,     0.45,     0.00,  -999.99,  -999.99,  -999.99
cty,25011,NE: Boone County,1981,02,PRCP,     3.72,     0.00,     0.00,     0.00,     0.00,     0.00,     0.00,     0.00,     0.00,     5.11,     0.00,     0.00,     0.00,     0.00,     0.00,     0.00,     0.00,     0.00,     0.00,     0.00,     0.00,     0.00,     0.00,     0.00,     0.00,     0.00,     2.16,     0.00,  -999.99,  -999.99,  -999.99
cty,25013,NE: Box Butte County,1981,02,PRCP,     1.09,     0.01,     0.00,     0.00,     0.00,     0.00,     0.00,     0.00,     0.00,     3.13,     0.00,     0.00,     0.00,     0.00,     0.00,     0.00,     0.00,     0.00,     0.00,     0.00,     0.00,     0.00,     0.00,     0.00,     0.00,     0.00,     0.00,     0.00,  -999.99,  -999.99,  -999.99
cty,25015,NE: Boyd County,1981,02,PRCP,     2.16,     0.00,     0.00,     0.00,     0.00,     0.00,     0.00,     0.00,     0.00,     3.38,     0.00,     0.00,     0.00,     0.00,     0.00,     0.00,     0.00,     0.00,     0.00,     0.00,     0.00,     0.00,     0.00,     0.00,     0.00,     0.00,     0.43,     0.00,  -999.99,  -999.99,  -999.99
cty,25017,NE: Brown County,1981,02,PRCP,     5.14,     0.00,     0.00,     0.00,     0.00,     0.00,     0.00,     0.00,     0.00,     4.44,     0.00,     0.00,     0.00,     0.00,     0.00,     0.00,     0.00,     0.00,     0.00,     0.00,     0.00,     0.00,     0.00,     0.00,     0.00,     0.00,     0.36,     0.00,  -999.99,  -999.99,  -999.99
cty,25019,NE: Buffalo County,1981,02,PRCP,     3.88,     0.00,     0.00,     0.00,     0.00,     0.00,     0.00,     0.00,     0.00,     1.84,     0.41,     0.00,     0.00,     0.00,     0.00,     0.00,     0.00,     0.00,     0.00,     0.00,     0.00,     0.00,     0.00,     0.00,     0.00,     0.00,     0.67,     0.00,  -999.99,  -999.99,  -999.99
cty,25021,NE: Burt County,1981,02,PRCP,     5.80,     0.00,     0.00,     0.00,     0.00,     0.00,     0.00,     0.00,     0.00,     3.82,     0.84,     0.00,     0.00,     0.00,     0.00,     0.00,     0.00,     0.00,     0.00,     0.00,     0.00,     0.23,     0.00,     0.00,     0.00,     0.00,     0.15,     0.00,  -999.99,  -999.99,  -999.99
cty,25023,NE: Butler County,1981,02,PRCP,     2.91,     0.00,     0.00,     0.00,     0.00,     0.00,     0.00,     0.00,     0.00,     2.39,     0.75,     0.00,     0.00,     0.00,     0.00,     0.00,     0.00,     0.00,     0.00,     0.00,     0.00,     0.15,     0.00,     0.00,     0.00,     0.00,     0.43,     0.00,  -999.99,  -999.99,  -999.99
cty,25025,NE: Cass County,1981,02,PRCP,     7.29,     0.00,     0.00,     0.00,     0.00,     0.00,     0.00,     0.00,     0.00,     1.42,     1.51,     0.00,     0.00,     0.00,     0.00,     0.00,     0.00,     0.00,     0.00,     0.00,     0.00,     0.63,     0.00,     0.00,     0.00,     0.00,     0.13,     0.00,  -999.99,  -999.99,  -999.99
cty,25027,NE: Cedar County,1981,02,PRCP,     5.50,     0.00,     0.00,     0.00,     0.00,     0.00,     0.00,     0.00,     0.00,     7.14,     0.00,     0.00,     0.00,     0.00,     0.00,     0.00,     0.00,     0.00,     0.00,     0.00,     0.00,     0.00,     0.00,     0.00,     0.00,     0.00,     4.53,     0.00,  -999.99,  -999.99,  -999.99
cty,25029,NE: Chase County,1981,02,PRCP,     1.98,     0.00,     0.00,     0.00,     0.00,     0.00,     0.00,     0.00,     0.08,     2.42,     0.06,     0.00,     0.00,     0.00,     0.00,     0.00,     0.00,     0.00,     0.00,     0.00,     0.00,     0.00,     0.00,     0.00,     0.00,     0.00,     0.00,     0.00,  -999.99,  -999.99,  -999.99
cty,25031,NE: Cherry County,1981,02,PRCP,     1.99,     0.00,     0.00,     0.00,     0.00,     0.00,     0.00,     0.00,     0.14,     2.78,     0.00,     0.00,     0.00,     0.00,     0.00,     0.00,     0.00,     0.00,     0.00,     0.00,     0.00,     0.00,     0.00,     0.00,     0.00,     0.00,     0.06,     0.00,  -999.99,  -999.99,  -999.99
cty,25033,NE: Cheyenne County,1981,02,PRCP,     2.41,     0.00,     0.00,     0.00,     0.00,     0.00,     0.05,     0.12,     0.03,     4.56,     0.00,     0.00,     0.00,     0.00,     0.00,     0.00,     0.00,     0.00,     0.00,     0.00,     0.01,     0.00,     0.00,     0.00,     0.00,     0.00,     0.00,     0.00,  -999.99,  -999.99,  -999.99
cty,25035,NE: Clay County,1981,02,PRCP,     2.77,     0.00,     0.00,     0.00,     0.00,     0.00,     0.00,     0.00,     0.00,     1.16,     0.77,     0.00,     0.00,     0.00,     0.00,     0.00,     0.00,     0.00,     0.00,     0.00,     0.00,     0.00,     0.00,     0.00,     0.00,     0.00,     0.17,     0.00,  -999.99,  -999.99,  -999.99
cty,25037,NE: Colfax County,1981,02,PRCP,     3.33,     0.00,     0.00,     0.00,     0.00,     0.00,     0.00,     0.00,     0.00,     3.89,     0.66,     0.00,     0.00,     0.00,     0.00,     0.00,     0.00,     0.00,     0.00,     0.00,     0.00,     0.00,     0.00,     0.00,     0.00,     0.00,     0.96,     0.00,  -999.99,  -999.99,  -999.99
cty,25039,NE: Cuming County,1981,02,PRCP,     5.25,     0.00,     0.00,     0.00,     0.00,     0.00,     0.00,     0.00,     0.00,     5.36,     0.70,     0.00,     0.00,     0.00,     0.00,     0.00,     0.00,     0.00,     0.00,     0.00,     0.00,     0.00,     0.00,     0.00,     0.00,     0.00,     0.98,     0.00,  -999.99,  -999.99,  -999.99
cty,25041,NE: Custer County,1981,02,PRCP,     5.29,     0.00,     0.00,     0.00,     0.00,     0.00,     0.00,     0.00,     0.00,     3.41,     0.00,     0.00,     0.00,     0.00,     0.00,     0.00,     0.00,     0.00,     0.00,     0.00,     0.00,     0.00,     0.00,     0.00,     0.00,     0.00,     0.67,     0.00,  -999.99,  -999.99,  -999.99
cty,25043,NE: Dakota County,1981,02,PRCP,     6.50,     0.00,     0.00,     0.00,     0.00,     0.00,     0.00,     0.00,     0.00,     5.41,     0.11,     0.00,     0.00,     0.00,     0.00,     0.00,     0.00,     0.00,     0.00,     0.00,     0.00,     0.01,     0.00,     0.00,     0.00,     0.00,     0.89,     0.00,  -999.99,  -999.99,  -999.99
cty,25045,NE: Dawes County,1981,02,PRCP,     1.25,     0.00,     0.00,     0.00,     0.00,     0.00,     0.00,     0.00,     0.13,     3.75,     0.00,     0.00,     0.00,     0.00,     0.00,     0.00,     0.00,     0.00,     0.00,     0.00,     0.00,     0.00,     0.00,     0.00,     0.00,     0.00,     0.00,     0.00,  -999.99,  -999.99,  -999.99
cty,25047,NE: Dawson County,1981,02,PRCP,     3.65,     0.00,     0.00,     0.00,     0.00,     0.00,     0.00,     0.00,     0.00,     1.70,     0.00,     0.00,     0.00,     0.00,     0.00,     0.00,     0.00,     0.00,     0.00,     0.00,     0.00,     0.00,     0.00,     0.00,     0.00,     0.00,     0.26,     0.00,  -999.99,  -999.99,  -999.99
cty,25049,NE: Deuel County,1981,02,PRCP,     1.32,     0.00,     0.00,     0.00,     0.00,     0.00,     0.00,     0.00,     0.00,     2.96,     0.00,     0.00,     0.00,     0.00,     0.00,     0.00,     0.00,     0.00,     0.00,     0.00,     0.00,     0.00,     0.00,     0.00,     0.00,     0.00,     0.00,     0.00,  -999.99,  -999.99,  -999.99
cty,25051,NE: Dixon County,1981,02,PRCP,     7.24,     0.01,     0.00,     0.00,     0.00,     0.00,     0.00,     0.00,     0.00,     7.37,     0.02,     0.00,     0.00,     0.00,     0.00,     0.00,     0.00,     0.00,     0.00,     0.00,     0.00,     0.00,     0.00,     0.00,     0.00,     0.00,     3.20,     0.00,  -999.99,  -999.99,  -999.99
cty,25053,NE: Dodge County,1981,02,PRCP,     5.09,     0.00,     0.00,     0.00,     0.00,     0.00,     0.00,     0.00,     0.00,     3.89,     0.86,     0.00,     0.00,     0.00,     0.00,     0.00,     0.00,     0.00,     0.00,     0.00,     0.00,     0.22,     0.00,     0.00,     0.00,     0.00,     0.59,     0.00,  -999.99,  -999.99,  -999.99
cty,25055,NE: Douglas County,1981,02,PRCP,     5.58,     0.00,     0.00,     0.00,     0.00,     0.00,     0.00,     0.00,     0.00,     2.07,     1.09,     0.00,     0.00,     0.00,     0.00,     0.00,     0.00,     0.00,     0.00,     0.00,     0.00,     0.48,     0.00,     0.00,     0.00,     0.00,     0.06,     0.00,  -999.99,  -999.99,  -999.99
cty,25057,NE: Dundy County,1981,02,PRCP,     1.52,     0.00,     0.00,     0.00,     0.00,     0.00,     0.00,     0.00,     0.01,     1.57,     0.00,     0.00,     0.00,     0.00,     0.00,     0.00,     0.00,     0.00,     0.00,     0.00,     0.00,     0.00,     0.00,     0.00,     0.00,     0.00,     0.00,     0.00,  -999.99,  -999.99,  -999.99
cty,25059,NE: Fillmore County,1981,02,PRCP,     3.64,     0.00,     0.00,     0.00,     0.00,     0.00,     0.00,     0.00,     0.00,     1.39,     0.89,     0.00,     0.00,     0.00,     0.00,     0.00,     0.00,     0.00,     0.00,     0.00,     0.00,     0.00,     0.00,     0.00,     0.00,     0.06,     0.21,     0.00,  -999.99,  -999.99,  -999.99
cty,25061,NE: Franklin County,1981,02,PRCP,     1.92,     0.00,     0.00,     0.00,     0.00,     0.00,     0.00,     0.00,     0.00,     0.70,     0.80,     0.00,     0.00,     0.00,     0.00,     0.00,     0.00,     0.00,     0.00,     0.00,     0.00,     0.00,     0.00,     0.00,     0.00,     0.00,     0.00,     0.00,  -999.99,  -999.99,  -999.99
cty,25063,NE: Frontier County,1981,02,PRCP,     4.39,     0.01,     0.00,     0.00,     0.00,     0.00,     0.00,     0.00,     0.00,     1.86,     0.00,     0.00,     0.00,     0.00,     0.00,     0.00,     0.00,     0.00,     0.00,     0.00,     0.00,     0.00,     0.00,     0.00,     0.00,     0.00,     0.00,     0.00,  -999.99,  -999.99,  -999.99
cty,25065,NE: Furnas County,1981,02,PRCP,     4.01,     0.00,     0.00,     0.00,     0.00,     0.00,     0.00,     0.00,     0.00,     1.39,     0.00,     0.00,     0.00,     0.00,     0.00,     0.00,     0.00,     0.00,     0.00,     0.00,     0.00,     0.00,     0.00,     0.00,     0.00,     0.00,     0.00,     0.00,  -999.99,  -999.99,  -999.99
cty,25067,NE: Gage County,1981,02,PRCP,     8.28,     0.00,     0.00,     0.00,     0.00,     0.00,     0.00,     0.00,     0.00,     0.74,     1.65,     0.00,     0.00,     0.00,     0.00,     0.00,     0.00,     0.00,     0.00,     0.00,     0.00,     0.41,     0.00,     0.00,     0.00,     0.00,     0.34,     0.00,  -999.99,  -999.99,  -999.99
cty,25069,NE: Garden County,1981,02,PRCP,     0.88,     0.00,     0.00,     0.00,     0.00,     0.00,     0.00,     0.00,     0.00,     2.23,     0.00,     0.00,     0.00,     0.00,     0.00,     0.00,     0.00,     0.00,     0.00,     0.00,     0.00,     0.00,     0.00,     0.00,     0.00,     0.00,     0.00,     0.00,  -999.99,  -999.99,  -999.99
cty,25071,NE: Garfield County,1981,02,PRCP,     4.51,     0.00,     0.00,     0.00,     0.00,     0.00,     0.00,     0.00,     0.00,     5.19,     0.00,     0.00,     0.00,     0.00,     0.00,     0.00,     0.00,     0.00,     0.00,     0.00,     0.00,     0.00,     0.00,     0.00,     0.00,     0.00,     1.64,     0.00,  -999.99,  -999.99,  -999.99
cty,25073,NE: Gosper County,1981,02,PRCP,     4.08,     0.00,     0.00,     0.00,     0.00,     0.00,     0.00,     0.00,     0.00,     1.55,     0.03,     0.00,     0.00,     0.00,     0.00,     0.00,     0.00,     0.00,     0.00,     0.00,     0.00,     0.00,     0.00,     0.00,     0.00,     0.00,     0.02,     0.00,  -999.99,  -999.99,  -999.99
cty,25075,NE: Grant County,1981,02,PRCP,     1.91,     0.00,     0.00,     0.00,     0.00,     0.00,     0.00,     0.00,     0.00,     3.81,     0.00,     0.00,     0.00,     0.00,     0.00,     0.00,     0.00,     0.00,     0.00,     0.00,     0.00,     0.00,     0.00,     0.00,     0.00,     0.00,     0.00,     0.00,  -999.99,  -999.99,  -999.99
cty,25077,NE: Greeley County,1981,02,PRCP,     3.26,     0.00,     0.00,     0.00,     0.00,     0.00,     0.00,     0.00,     0.00,     3.71,     0.02,     0.00,     0.00,     0.00,     0.00,     0.00,     0.00,     0.00,     0.00,     0.00,     0.00,     0.00,     0.00,     0.00,     0.00,     0.00,     1.75,     0.00,  -999.99,  -999.99,  -999.99
cty,25079,NE: Hall County,1981,02,PRCP,     2.22,     0.00,     0.00,     0.00,     0.00,     0.00,     0.00,     0.00,     0.00,     1.26,     0.54,     0.00,     0.00,     0.00,     0.00,     0.00,     0.00,     0.00,     0.00,     0.00,     0.00,     0.00,     0.00,     0.00,     0.00,     0.00,     0.34,     0.00,  -999.99,  -999.99,  -999.99
cty,25081,NE: Hamilton County,1981,02,PRCP,     3.53,     0.00,     0.00,     0.00,     0.00,     0.00,     0.00,     0.00,     0.00,     2.57,     0.98,     0.00,     0.00,     0.00,     0.00,     0.00,     0.00,     0.00,     0.00,     0.00,     0.00,     0.00,     0.00,     0.00,     0.00,     0.00,     0.28,     0.00,  -999.99,  -999.99,  -999.99
cty,25083,NE: Harlan County,1981,02,PRCP,     2.21,     0.00,     0.00,     0.00,     0.00,     0.00,     0.00,     0.00,     0.00,     1.09,     0.19,     0.00,     0.00,     0.00,     0.00,     0.00,     0.00,     0.00,     0.00,     0.00,     0.00,     0.00,     0.00,     0.00,     0.00,     0.00,     0.00,     0.00,  -999.99,  -999.99,  -999.99
cty,25085,NE: Hayes County,1981,02,PRCP,     2.51,     0.00,     0.00,     0.00,     0.00,     0.00,     0.00,     0.00,     0.00,     1.87,     0.00,     0.00,     0.00,     0.00,     0.00,     0.00,     0.00,     0.00,     0.00,     0.00,     0.00,     0.00,     0.00,     0.00,     0.00,     0.00,     0.00,     0.00,  -999.99,  -999.99,  -999.99
cty,25087,NE: Hitchcock County,1981,02,PRCP,     3.87,     0.00,     0.00,     0.00,     0.00,     0.00,     0.00,     0.00,     0.00,     1.78,     0.00,     0.00,     0.00,     0.00,     0.00,     0.00,     0.00,     0.00,     0.00,     0.00,     0.00,     0.00,     0.00,     0.00,     0.00,     0.00,     0.00,     0.00,  -999.99,  -999.99,  -999.99
cty,25089,NE: Holt County,1981,02,PRCP,     3.92,     0.00,     0.00,     0.00,     0.00,     0.00,     0.00,     0.00,     0.00,     5.46,     0.00,     0.00,     0.00,     0.00,     0.00,     0.00,     0.00,     0.00,     0.00,     0.00,     0.00,     0.00,     0.00,     0.00,     0.00,     0.00,     1.14,     0.00,  -999.99,  -999.99,  -999.99
cty,25091,NE: Hooker County,1981,02,PRCP,     3.54,     0.00,     0.00,     0.00,     0.00,     0.00,     0.00,     0.00,     0.03,     5.00,     0.00,     0.00,     0.00,     0.00,     0.00,     0.00,     0.00,     0.00,     0.00,     0.00,     0.00,     0.00,     0.00,     0.00,     0.00,     0.00,     0.03,     0.00,  -999.99,  -999.99,  -999.99
cty,25093,NE: Howard County,1981,02,PRCP,     2.59,     0.00,     0.00,     0.00,     0.00,     0.00,     0.00,     0.00,     0.00,     2.13,     0.38,     0.00,     0.00,     0.00,     0.00,     0.00,     0.00,     0.00,     0.00,     0.00,     0.00,     0.00,     0.00,     0.00,     0.00,     0.00,     0.78,     0.00,  -999.99,  -999.99,  -999.99
cty,25095,NE: Jefferson County,1981,02,PRCP,     5.98,     0.00,     0.00,     0.00,     0.00,     0.00,     0.00,     0.00,     0.00,     0.74,     1.11,     0.00,     0.00,     0.00,     0.00,     0.00,     0.00,     0.00,     0.00,     0.00,     0.00,     0.13,     0.00,     0.00,     0.00,     0.00,     0.21,     0.00,  -999.99,  -999.99,  -999.99
cty,25097,NE: Johnson County,1981,02,PRCP,    11.99,     0.00,     0.00,     0.00,     0.00,     0.00,     0.00,     0.00,     0.00,     0.99,     2.55,     0.00,     0.00,     0.00,     0.00,     0.00,     0.00,     0.00,     0.00,     0.00,     0.00,     0.61,     0.00,     0.00,     0.00,     0.00,     0.34,     0.00,  -999.99,  -999.99,  -999.99
cty,25099,NE: Kearney County,1981,02,PRCP,     3.31,     0.00,     0.00,     0.00,     0.00,     0.00,     0.00,     0.00,     0.00,     1.04,     1.03,     0.00,     0.00,     0.00,     0.00,     0.00,     0.00,     0.00,     0.00,     0.00,     0.00,     0.00,     0.00,     0.00,     0.00,     0.00,     0.12,     0.00,  -999.99,  -999.99,  -999.99
cty,25101,NE: Keith County,1981,02,PRCP,     1.55,     0.00,     0.00,     0.00,     0.00,     0.00,     0.00,     0.00,     0.00,     2.73,     0.00,     0.00,     0.00,     0.00,     0.00,     0.00,     0.00,     0.00,     0.00,     0.00,     0.02,     0.00,     0.00,     0.00,     0.00,     0.00,     0.00,     0.00,  -999.99,  -999.99,  -999.99
cty,25103,NE: Keya Paha County,1981,02,PRCP,     4.15,     0.00,     0.00,     0.00,     0.00,     0.00,     0.00,     0.00,     0.00,     4.66,     0.00,     0.00,     0.00,     0.00,     0.00,     0.00,     0.00,     0.00,     0.00,     0.00,     0.00,     0.00,     0.00,     0.00,     0.00,     0.00,     0.37,     0.00,  -999.99,  -999.99,  -999.99
cty,25105,NE: Kimball County,1981,02,PRCP,     2.15,     0.01,     0.00,     0.00,     0.00,     0.00,     0.85,     0.83,     0.01,     3.02,     0.00,     0.00,     0.00,     0.00,     0.00,     0.00,     0.00,     0.00,     0.00,     0.00,     0.00,     0.00,     0.00,     0.00,     0.00,     0.00,     0.00,     0.00,  -999.99,  -999.99,  -999.99
cty,25107,NE: Knox County,1981,02,PRCP,     3.74,     0.00,     0.00,     0.00,     0.00,     0.00,     0.00,     0.00,     0.00,     5.68,     0.00,     0.00,     0.00,     0.00,     0.00,     0.00,     0.00,     0.00,     0.00,     0.00,     0.00,     0.00,     0.00,     0.00,     0.00,     0.00,     2.97,     0.00,  -999.99,  -999.99,  -999.99
cty,25109,NE: Lancaster County,1981,02,PRCP,     5.31,     0.00,     0.00,     0.00,     0.00,     0.00,     0.00,     0.00,     0.00,     1.16,     1.29,     0.00,     0.00,     0.00,     0.00,     0.00,     0.00,     0.00,     0.00,     0.00,     0.00,     0.63,     0.00,     0.00,     0.00,     0.00,     0.33,     0.00,  -999.99,  -999.99,  -999.99
cty,25111,NE: Lincoln County,1981,02,PRCP,     1.70,     0.00,     0.00,     0.00,     0.00,     0.00,     0.00,     0.00,     0.00,     1.52,     0.00,     0.00,     0.00,     0.00,     0.00,     0.00,     0.00,     0.00,     0.00,     0.00,     0.00,     0.00,     0.00,     0.00,     0.00,     0.00,     0.01,     0.00,  -999.99,  -999.99,  -999.99
cty,25113,NE: Logan County,1981,02,PRCP,     4.89,     0.00,     0.00,     0.00,     0.00,     0.00,     0.00,     0.00,     0.00,     4.02,     0.00,     0.00,     0.00,     0.00,     0.00,     0.00,     0.00,     0.00,     0.00,     0.00,     0.00,     0.00,     0.00,     0.00,     0.00,     0.00,     0.21,     0.00,  -999.99,  -999.99,  -999.99
cty,25115,NE: Loup County,1981,02,PRCP,     4.41,     0.00,     0.00,     0.00,     0.00,     0.00,     0.00,     0.00,     0.00,     3.81,     0.00,     0.00,     0.00,     0.00,     0.00,     0.00,     0.00,     0.00,     0.00,     0.00,     0.00,     0.00,     0.00,     0.00,     0.00,     0.00,     0.57,     0.00,  -999.99,  -999.99,  -999.99
cty,25117,NE: McPherson County,1981,02,PRCP,     2.37,     0.00,     0.00,     0.00,     0.00,     0.00,     0.00,     0.00,     0.00,     3.34,     0.00,     0.00,     0.00,     0.00,     0.00,     0.00,     0.00,     0.00,     0.00,     0.00,     0.00,     0.00,     0.00,     0.00,     0.00,     0.00,     0.01,     0.00,  -999.99,  -999.99,  -999.99
cty,25119,NE: Madison County,1981,02,PRCP,     3.60,     0.01,     0.00,     0.00,     0.00,     0.00,     0.00,     0.00,     0.00,     6.11,     0.57,     0.00,     0.00,     0.00,     0.00,     0.00,     0.00,     0.00,     0.00,     0.00,     0.00,     0.00,     0.00,     0.00,     0.00,     0.00,     1.95,     0.00,  -999.99,  -999.99,  -999.99
cty,25121,NE: Merrick County,1981,02,PRCP,     2.53,     0.00,     0.00,     0.00,     0.00,     0.00,     0.00,     0.00,     0.00,     2.34,     0.59,     0.00,     0.00,     0.00,     0.00,     0.00,     0.00,     0.00,     0.00,     0.00,     0.00,     0.00,     0.00,     0.00,     0.00,     0.00,     0.29,     0.00,  -999.99,  -999.99,  -999.99
cty,25123,NE: Morrill County,1981,02,PRCP,     0.83,     0.00,     0.00,     0.00,     0.00,     0.00,     0.00,     0.00,     0.00,     1.85,     0.00,     0.00,     0.00,     0.00,     0.00,     0.00,     0.00,     0.00,     0.00,     0.00,     0.00,     0.00,     0.00,     0.00,     0.00,     0.00,     0.00,     0.00,  -999.99,  -999.99,  -999.99
cty,25125,NE: Nance County,1981,02,PRCP,     2.16,     0.00,     0.00,     0.00,     0.00,     0.00,     0.00,     0.00,     0.03,     2.48,     0.26,     0.00,     0.00,     0.00,     0.00,     0.00,     0.00,     0.00,     0.00,     0.00,     0.00,     0.00,     0.00,     0.00,     0.00,     0.02,     0.40,     0.00,  -999.99,  -999.99,  -999.99
cty,25127,NE: Nemaha County,1981,02,PRCP,    10.22,     0.00,     0.00,     0.00,     0.00,     0.00,     0.00,     0.00,     0.00,     0.96,     1.82,     0.00,     0.00,     0.00,     0.00,     0.00,     0.00,     0.00,     0.00,     0.00,     0.00,     0.43,     0.00,     0.00,     0.00,     0.00,     0.14,     0.00,  -999.99,  -999.99,  -999.99
cty,25129,NE: Nuckolls County,1981,02,PRCP,     3.85,     0.00,     0.00,     0.00,     0.00,     0.00,     0.00,     0.00,     0.00,     0.95,     0.90,     0.00,     0.00,     0.00,     0.00,     0.00,     0.00,     0.00,     0.00,     0.00,     0.00,     0.00,     0.00,     0.00,     0.00,     0.00,     0.06,     0.00,  -999.99,  -999.99,  -999.99
cty,25131,NE: Otoe County,1981,02,PRCP,    10.90,     0.02,     0.00,     0.00,     0.00,     0.00,     0.00,     0.00,     0.00,     1.40,     2.22,     0.02,     0.00,     0.00,     0.00,     0.00,     0.00,     0.00,     0.00,     0.00,     0.00,     0.71,     0.00,     0.00,     0.00,     0.00,     0.26,     0.00,  -999.99,  -999.99,  -999.99
cty,25133,NE: Pawnee County,1981,02,PRCP,    13.01,     0.00,     0.00,     0.00,     0.00,     0.00,     0.00,     0.00,     0.00,     0.80,     2.63,     0.00,     0.00,     0.00,     0.00,     0.00,     0.00,     0.00,     0.00,     0.00,     0.00,     0.42,     0.00,     0.00,     0.00,     0.00,     0.30,     0.00,  -999.99,  -999.99,  -999.99
cty,25135,NE: Perkins County,1981,02,PRCP,     1.87,     0.00,     0.00,     0.00,     0.00,     0.00,     0.00,     0.00,     0.00,     2.73,     0.00,     0.00,     0.00,     0.00,     0.00,     0.00,     0.00,     0.00,     0.00,     0.00,     0.00,     0.00,     0.00,     0.00,     0.00,     0.00,     0.00,     0.00,  -999.99,  -999.99,  -999.99
cty,25137,NE: Phelps County,1981,02,PRCP,     3.33,     0.00,     0.00,     0.00,     0.00,     0.00,     0.00,     0.00,     0.00,     1.31,     0.18,     0.00,     0.00,     0.00,     0.00,     0.00,     0.00,     0.00,     0.00,     0.00,     0.00,     0.00,     0.00,     0.00,     0.00,     0.00,     0.05,     0.00,  -999.99,  -999.99,  -999.99
cty,25139,NE: Pierce County,1981,02,PRCP,     4.66,     0.01,     0.00,     0.00,     0.00,     0.00,     0.00,     0.00,     0.00,     8.03,     0.05,     0.00,     0.00,     0.00,     0.00,     0.00,     0.00,     0.00,     0.00,     0.00,     0.00,     0.00,     0.00,     0.00,     0.00,     0.00,     3.57,     0.00,  -999.99,  -999.99,  -999.99
cty,25141,NE: Platte County,1981,02,PRCP,     3.07,     0.00,     0.00,     0.00,     0.00,     0.00,     0.00,     0.00,     0.01,     4.30,     0.71,     0.00,     0.00,     0.00,     0.00,     0.00,     0.00,     0.00,     0.00,     0.00,     0.00,     0.00,     0.00,     0.00,     0.00,     0.01,     0.87,     0.00,  -999.99,  -999.99,  -999.99
cty,25143,NE: Polk County,1981,02,PRCP,     3.70,     0.00,     0.00,     0.00,     0.00,     0.00,     0.00,     0.00,     0.00,     3.46,     1.03,     0.00,     0.00,     0.00,     0.00,     0.00,     0.00,     0.00,     0.00,     0.00,     0.00,     0.15,     0.00,     0.00,     0.00,     0.00,     0.39,     0.00,  -999.99,  -999.99,  -999.99
cty,25145,NE: Red Willow County,1981,02,PRCP,     7.20,     0.00,     0.00,     0.00,     0.00,     0.00,     0.00,     0.00,     0.00,     2.01,     0.00,     0.00,     0.00,     0.00,     0.00,     0.00,     0.00,     0.00,     0.00,     0.00,     0.00,     0.00,     0.00,     0.00,     0.00,     0.00,     0.00,     0.00,  -999.99,  -999.99,  -999.99
cty,25147,NE: Richardson County,1981,02,PRCP,     8.61,     0.00,     0.00,     0.00,     0.00,     0.00,     0.00,     0.00,     0.00,     0.80,     1.40,     0.00,     0.00,     0.00,     0.00,     0.00,     0.00,     0.00,     0.00,     0.00,     0.00,     0.32,     0.00,     0.00,     0.00,     0.00,     0.06,     0.00,  -999.99,  -999.99,  -999.99
cty,25149,NE: Rock County,1981,02,PRCP,     5.77,     0.00,     0.00,     0.00,     0.00,     0.00,     0.00,     0.00,     0.00,     5.69,     0.00,     0.00,     0.00,     0.00,     0.00,     0.00,     0.00,     0.00,     0.00,     0.00,     0.00,     0.00,     0.00,     0.00,     0.00,     0.00,     0.65,     0.00,  -999.99,  -999.99,  -999.99
cty,25151,NE: Saline County,1981,02,PRCP,     4.08,     0.00,     0.00,     0.00,     0.00,     0.00,     0.00,     0.00,     0.00,     0.99,     0.96,     0.00,     0.00,     0.00,     0.00,     0.00,     0.00,     0.00,     0.00,     0.00,     0.00,     0.21,     0.00,     0.00,     0.00,     0.00,     0.25,     0.00,  -999.99,  -999.99,  -999.99
cty,25153,NE: Sarpy County,1981,02,PRCP,     6.56,     0.00,     0.00,     0.00,     0.00,     0.00,     0.00,     0.00,     0.00,     1.81,     1.31,     0.00,     0.00,     0.00,     0.00,     0.00,     0.00,     0.00,     0.00,     0.00,     0.00,     0.60,     0.00,     0.00,     0.00,     0.00,     0.01,     0.00,  -999.99,  -999.99,  -999.99
cty,25155,NE: Saunders County,1981,02,PRCP,     3.96,     0.00,     0.00,     0.00,     0.00,     0.00,     0.00,     0.00,     0.00,     2.07,     0.94,     0.00,     0.00,     0.00,     0.00,     0.00,     0.00,     0.00,     0.00,     0.00,     0.00,     0.51,     0.00,     0.00,     0.00,     0.00,     0.34,     0.00,  -999.99,  -999.99,  -999.99
cty,25157,NE: Scotts Bluff County,1981,02,PRCP,     0.88,     0.00,     0.00,     0.00,     0.00,     0.00,     0.21,     0.06,     0.00,     1.40,     0.00,     0.00,     0.00,     0.00,     0.00,     0.00,     0.00,     0.00,     0.00,     0.00,     0.00,     0.00,     0.00,     0.00,     0.00,     0.00,     0.00,     0.00,  -999.99,  -999.99,  -999.99
cty,25159,NE: Seward County,1981,02,PRCP,     3.20,     0.00,     0.00,     0.00,     0.00,     0.00,     0.00,     0.00,     0.00,     1.45,     0.85,     0.00,     0.00,     0.00,     0.00,     0.00,     0.00,     0.00,     0.00,     0.00,     0.00,     0.31,     0.00,     0.00,     0.00,     0.00,     0.25,     0.00,  -999.99,  -999.99,  -999.99
cty,25161,NE: Sheridan County,1981,02,PRCP,     1.85,     0.00,     0.00,     0.00,     0.00,     0.00,     0.00,     0.00,     0.35,     4.67,     0.00,     0.00,     0.00,     0.00,     0.00,     0.00,     0.00,     0.00,     0.00,     0.04,     0.00,     0.00,     0.00,     0.00,     0.00,     0.00,     0.00,     0.00,  -999.99,  -999.99,  -999.99
cty,25163,NE: Sherman County,1981,02,PRCP,     4.69,     0.00,     0.00,     0.00,     0.00,     0.00,     0.00,     0.00,     0.00,     3.41,     0.07,     0.00,     0.00,     0.00,     0.00,     0.00,     0.00,     0.00,     0.00,     0.00,     0.00,     0.00,     0.00,     0.00,     0.00,     0.00,     1.59,     0.00,  -999.99,  -999.99,  -999.99
cty,25165,NE: Sioux County,1981,02,PRCP,     0.83,     0.00,     0.00,     0.00,     0.00,     0.00,     0.00,     0.00,     0.10,     2.57,     0.00,     0.00,     0.00,     0.00,     0.00,     0.00,     0.00,     0.00,     0.00,     0.00,     0.00,     0.00,     0.00,     0.00,     0.00,     0.00,     0.00,     0.00,  -999.99,  -999.99,  -999.99
cty,25167,NE: Stanton County,1981,02,PRCP,     4.01,     0.00,     0.00,     0.00,     0.00,     0.00,     0.00,     0.00,     0.00,     5.99,     0.70,     0.00,     0.00,     0.00,     0.00,     0.00,     0.00,     0.00,     0.00,     0.00,     0.00,     0.00,     0.00,     0.00,     0.00,     0.00,     1.58,     0.00,  -999.99,  -999.99,  -999.99
cty,25169,NE: Thayer County,1981,02,PRCP,     5.75,     0.00,     0.00,     0.00,     0.00,     0.00,     0.00,     0.00,     0.00,     1.24,     1.07,     0.00,     0.00,     0.00,     0.00,     0.00,     0.00,     0.00,     0.00,     0.00,     0.00,     0.01,     0.00,     0.00,     0.00,     0.04,     0.20,     0.00,  -999.99,  -999.99,  -999.99
cty,25171,NE: Thomas County,1981,02,PRCP,     6.66,     0.00,     0.00,     0.00,     0.00,     0.00,     0.00,     0.00,     0.04,     6.21,     0.00,     0.00,     0.00,     0.00,     0.00,     0.00,     0.00,     0.00,     0.00,     0.00,     0.00,     0.00,     0.00,     0.00,     0.00,     0.00,     0.34,     0.00,  -999.99,  -999.99,  -999.99
cty,25173,NE: Thurston County,1981,02,PRCP,     4.80,     0.01,     0.00,     0.00,     0.00,     0.00,     0.00,     0.00,     0.00,     4.20,     0.48,     0.00,     0.00,     0.00,     0.00,     0.00,     0.00,     0.00,     0.00,     0.00,     0.00,     0.00,     0.00,     0.00,     0.00,     0.00,     0.44,     0.00,  -999.99,  -999.99,  -999.99
cty,25175,NE: Valley County,1981,02,PRCP,     4.23,     0.00,     0.00,     0.00,     0.00,     0.00,     0.00,     0.00,     0.00,     4.04,     0.03,     0.00,     0.00,     0.00,     0.00,     0.00,     0.00,     0.00,     0.00,     0.00,     0.00,     0.00,     0.00,     0.00,     0.00,     0.00,     1.72,     0.00,  -999.99,  -999.99,  -999.99
cty,25177,NE: Washington County,1981,02,PRCP,     6.66,     0.00,     0.00,     0.00,     0.00,     0.00,     0.00,     0.00,     0.00,     3.32,     1.20,     0.00,     0.00,     0.00,     0.00,     0.00,     0.00,     0.00,     0.00,     0.00,     0.00,     0.49,     0.00,     0.00,     0.00,     0.00,     0.10,     0.00,  -999.99,  -999.99,  -999.99
cty,25179,NE: Wayne County,1981,02,PRCP,     3.39,     0.00,     0.00,     0.00,     0.00,     0.00,     0.00,     0.00,     0.00,     4.97,     0.06,     0.00,     0.00,     0.00,     0.00,     0.00,     0.00,     0.00,     0.00,     0.00,     0.00,     0.00,     0.00,     0.00,     0.00,     0.00,     1.50,     0.00,  -999.99,  -999.99,  -999.99
cty,25181,NE: Webster County,1981,02,PRCP,     3.38,     0.00,     0.00,     0.00,     0.00,     0.00,     0.00,     0.00,     0.00,     0.71,     1.34,     0.00,     0.00,     0.00,     0.00,     0.00,     0.00,     0.00,     0.00,     0.00,     0.00,     0.00,     0.00,     0.00,     0.00,     0.00,     0.00,     0.00,  -999.99,  -999.99,  -999.99
cty,25183,NE: Wheeler County,1981,02,PRCP,     4.57,     0.00,     0.00,     0.00,     0.00,     0.00,     0.00,     0.00,     0.00,     6.47,     0.00,     0.00,     0.00,     0.00,     0.00,     0.00,     0.00,     0.00,     0.00,     0.00,     0.00,     0.00,     0.00,     0.00,     0.00,     0.00,     3.19,     0.00,  -999.99,  -999.99,  -999.99
cty,25185,NE: York County,1981,02,PRCP,     3.95,     0.00,     0.00,     0.00,     0.00,     0.00,     0.00,     0.00,     0.00,     2.61,     1.09,     0.00,     0.00,     0.00,     0.00,     0.00,     0.00,     0.00,     0.00,     0.00,     0.00,     0.00,     0.00,     0.00,     0.00,     0.00,     0.24,     0.00,  -999.99,  -999.99,  -999.99
cty,26001,NV: Churchill County,1981,02,PRCP,     0.00,     0.00,     0.00,     0.00,     0.00,     0.00,     0.00,     0.00,     2.63,     0.12,     0.04,     0.01,     0.00,     1.20,     0.00,     0.00,     1.67,     0.00,     0.00,     0.37,     0.00,     0.00,     0.00,     0.00,     0.01,     0.51,     0.00,     0.00,  -999.99,  -999.99,  -999.99
cty,26003,NV: Clark County,1981,02,PRCP,     0.00,     0.00,     0.00,     0.00,     0.00,     0.00,     0.00,     0.00,     5.94,     0.87,     0.00,     0.00,     0.00,     0.00,     0.00,     0.00,     0.00,     0.00,     0.00,     0.00,     0.00,     0.00,     0.00,     0.00,     0.00,     1.57,     0.07,     0.00,  -999.99,  -999.99,  -999.99
cty,26005,NV: Douglas County,1981,02,PRCP,     0.19,     0.00,     0.00,     0.00,     0.00,     0.00,     0.00,     0.00,     4.96,     0.14,     0.00,     0.00,     0.04,    10.69,     0.26,     0.00,     1.81,     0.02,     0.00,     0.02,     0.00,     0.00,     0.00,     0.50,     5.19,     0.64,     0.63,     0.00,  -999.99,  -999.99,  -999.99
cty,26007,NV: Elko County,1981,02,PRCP,     0.05,     0.01,     0.00,     0.00,     0.00,     0.00,     0.00,     0.00,     0.02,     0.03,     0.01,     0.35,     0.08,     0.66,     0.22,     0.01,     3.24,     0.01,     0.00,     5.62,     0.05,     0.00,     0.00,     0.00,     0.03,     0.38,     0.17,     0.00,  -999.99,  -999.99,  -999.99
cty,26009,NV: Esmeralda County,1981,02,PRCP,     0.02,     0.01,     0.01,     0.00,     0.00,     0.00,     0.00,     0.00,     3.41,     0.23,     0.00,     0.00,     0.00,     0.02,     0.04,     0.00,     0.01,     0.00,     0.00,     0.00,     0.00,     0.00,     0.00,     0.00,     0.00,     3.70,     0.89,     0.00,  -999.99,  -999.99,  -999.99
cty,26011,NV: Eureka County,1981,02,PRCP,     0.00,     0.00,     0.00,     0.00,     0.00,     0.00,     0.00,     0.00,     0.68,     0.02,     0.02,     0.02,     0.00,     0.97,     0.00,     0.04,     3.01,     0.00,     0.00,     2.26,     0.00,     0.00,     0.00,     0.00,     0.00,     0.57,     0.00,     0.00,  -999.99,  -999.99,  -999.99
cty,26013,NV: Humboldt County,1981,02,PRCP,     0.04,     0.00,     0.00,     0.08,     0.01,     0.00,     0.00,     0.00,     0.02,     0.05,     0.41,     1.07,     0.06,     4.61,     0.42,     0.01,     4.00,     0.00,     0.00,     7.93,     0.04,     0.00,     0.00,     0.00,     0.20,     0.00,     0.04,     0.00,  -999.99,  -999.99,  -999.99
cty,26015,NV: Lander County,1981,02,PRCP,     0.00,     0.02,     0.03,     0.00,     0.00,     0.00,     0.01,     0.00,     0.84,     0.43,     0.55,     0.07,     0.00,     1.80,     0.00,     0.00,     3.84,     0.00,     0.00,     1.59,     0.00,     0.02,     0.00,     0.00,     0.00,     0.79,     0.00,     0.03,  -999.99,  -999.99,  -999.99
cty,26017,NV: Lincoln County,1981,02,PRCP,     0.00,     0.00,     0.00,     0.00,     0.00,     0.00,     0.00,     0.00,     6.17,     0.44,     0.00,     0.00,     0.00,     0.00,     0.00,     0.00,     0.00,     0.00,     0.00,     0.00,     0.00,     0.00,     0.00,     0.00,     0.00,     4.32,     2.05,     0.00,  -999.99,  -999.99,  -999.99
cty,26019,NV: Lyon County,1981,02,PRCP,     0.10,     0.00,     0.00,     0.00,     0.00,     0.00,     0.00,     0.00,     5.71,     0.00,     0.00,     0.00,     0.00,     4.04,     0.25,     0.00,     1.22,     0.00,     0.00,     0.00,     0.01,     0.00,     0.00,     0.00,     0.59,     0.34,     0.43,     0.00,  -999.99,  -999.99,  -999.99
cty,26021,NV: Mineral County,1981,02,PRCP,     0.09,     0.00,     0.03,     0.00,     0.00,     0.00,     0.00,     0.00,     4.65,     0.19,     0.00,     0.00,     0.01,     2.00,     0.34,     0.00,     1.07,     0.00,     0.00,     0.00,     0.00,     0.00,     0.00,     0.00,     0.12,     1.58,     1.22,     0.00,  -999.99,  -999.99,  -999.99
cty,26023,NV: Nye County,1981,02,PRCP,     0.02,     0.01,     0.02,     0.00,     0.00,     0.00,     0.00,     0.00,     5.94,     0.63,     0.05,     0.00,     0.00,     0.41,     0.00,     0.00,     0.44,     0.00,     0.00,     0.00,     0.00,     0.00,     0.00,     0.00,     0.00,     4.55,     0.30,     0.01,  -999.99,  -999.99,  -999.99
cty,26027,NV: Pershing County,1981,02,PRCP,     0.00,     0.00,     0.00,     0.00,     0.00,     0.00,     0.00,     0.00,     0.72,     0.15,     0.11,     0.49,     0.00,     3.05,     0.00,     0.00,     3.07,     0.00,     0.00,     3.51,     0.00,     0.00,     0.00,     0.00,     0.01,     0.00,     0.00,     0.00,  -999.99,  -999.99,  -999.99
cty,26029,NV: Storey County,1981,02,PRCP,     0.00,     0.00,     0.00,     0.00,     0.00,     0.00,     0.00,     0.00,     5.31,     0.01,     0.02,     0.00,     0.00,     5.07,     0.00,     0.00,     2.08,     0.00,     0.00,     0.17,     0.00,     0.00,     0.00,     0.21,     2.39,     0.35,     0.00,     0.00,  -999.99,  -999.99,  -999.99
cty,26031,NV: Washoe County,1981,02,PRCP,     0.05,     0.00,     0.01,     0.00,     0.00,     0.00,     0.00,     0.00,     0.95,     0.01,     1.65,     0.67,     0.00,     9.96,     0.01,     0.00,     3.28,     0.01,     0.00,     4.51,     0.00,     0.00,     0.00,     0.13,     2.19,     0.16,     0.03,     0.00,  -999.99,  -999.99,  -999.99
cty,26033,NV: White Pine County,1981,02,PRCP,     0.28,     0.00,     0.00,     0.00,     0.00,     0.00,     0.00,     0.00,     2.64,     0.23,     0.00,     0.30,     0.05,     0.24,     0.01,     0.00,     0.43,     0.00,     0.00,     0.32,     0.00,     0.00,     0.00,     0.00,     0.00,     1.01,     2.31,     0.03,  -999.99,  -999.99,  -999.99
cty,26510,NV: Carson City,1981,02,PRCP,     0.15,     0.00,     0.00,     0.00,     0.00,     0.00,     0.00,     0.00,     8.09,     0.00,     0.00,     0.00,     0.00,     4.03,     0.16,     0.00,     1.47,     0.00,     0.00,     0.00,     0.09,     0.00,     0.00,     0.22,     4.25,     0.42,     0.23,     0.00,  -999.99,  -999.99,  -999.99
cty,27001,NH: Belknap County,1981,02,PRCP,     0.00,    10.75,    19.27,     0.00,     0.00,     0.00,     0.00,     2.34,    15.09,     0.00,     1.75,    19.56,     0.00,     0.00,     0.00,     0.00,     0.04,     0.00,     0.00,     4.73,    28.64,     2.27,     0.02,     3.66,    55.43,    35.26,     5.24,     0.00,  -999.99,  -999.99,  -999.99
cty,27003,NH: Carroll County,1981,02,PRCP,     0.00,    17.29,    23.22,     0.00,     0.00,     0.00,     0.31,     1.15,    19.27,     0.02,     4.36,    26.22,     0.00,     0.00,     0.00,     0.00,     0.01,     0.00,     0.00,     4.64,    42.55,     5.09,     0.21,     2.76,    50.21,    29.19,     4.75,     0.00,  -999.99,  -999.99,  -999.99
cty,27005,NH: Cheshire County,1981,02,PRCP,     0.00,    15.64,    25.73,     0.00,     0.00,     0.00,     0.00,     4.01,    12.49,     0.00,     1.30,    34.17,     0.00,     0.00,     0.00,     0.00,     1.06,     0.00,     0.00,     8.05,    15.85,     2.00,     0.00,    20.15,    31.90,    36.96,     4.88,     0.00,  -999.99,  -999.99,  -999.99
cty,27007,NH: Coos County,1981,02,PRCP,     0.00,    12.18,    26.75,     0.03,     0.19,     0.00,     0.28,     1.16,    15.59,     0.13,     1.89,    36.41,     0.01,     0.00,     0.00,     0.00,     0.00,     0.00,     0.00,     1.03,    15.12,     2.56,     0.04,     0.35,    15.50,     6.29,     5.62,     0.00,  -999.99,  -999.99,  -999.99
cty,27009,NH: Grafton County,1981,02,PRCP,     0.00,    21.98,    28.84,     0.02,     0.10,     0.00,     0.19,     1.45,    18.80,     0.00,     3.24,    35.98,     0.00,     0.00,     0.00,     0.00,     0.02,     0.00,     0.00,     4.71,    19.67,     2.11,     0.01,     5.22,    45.22,    24.98,     5.96,     0.00,  -999.99,  -999.99,  -999.99
cty,27011,NH: Hillsborough County,1981,02,PRCP,     0.00,     7.82,    21.89,     0.00,     0.00,     0.00,     0.00,     4.74,    12.26,     0.00,     0.88,    19.64,     0.00,     0.00,     0.00,     0.00,     0.90,     0.00,     0.00,     6.61,    26.80,     4.15,     0.02,    13.65,    44.04,    47.29,     6.43,     0.00,  -999.99,  -999.99,  -999.99
cty,27013,NH: Merrimack County,1981,02,PRCP,     0.00,    11.34,    21.64,     0.00,     0.00,     0.00,     0.00,     3.05,    16.70,     0.00,     1.78,    22.52,     0.00,     0.00,     0.00,     0.00,     0.21,     0.00,     0.00,     6.50,    28.04,     3.24,     0.01,     9.97,    56.16,    46.92,     6.14,     0.00,  -999.99,  -999.99,  -999.99
cty,27015,NH: Rockingham County,1981,02,PRCP,     0.00,     4.19,    17.49,     0.00,     0.00,     0.00,     0.00,     4.19,    14.08,     0.00,     0.12,    12.98,     0.00,     0.00,     0.00,     0.00,     0.52,     0.00,     0.00,     5.61,    28.35,     2.19,     0.00,     3.30,    59.70,    53.08,     6.25,     0.00,  -999.99,  -999.99,  -999.99
cty,27017,NH: Strafford County,1981,02,PRCP,     0.00,     7.06,    19.08,     0.00,     0.00,     0.00,     0.00,     2.72,    17.44,     0.00,     1.14,    15.64,     0.00,     0.00,     0.00,     0.00,     0.24,     0.00,     0.00,     5.44,    36.80,     3.45,     0.04,     2.41,    65.53,    50.37,     6.25,     0.00,  -999.99,  -999.99,  -999.99
cty,27019,NH: Sullivan County,1981,02,PRCP,     0.00,    18.91,    24.40,     0.00,     0.00,     0.00,     0.00,     2.10,    15.64,     0.00,     2.04,    37.61,     0.00,     0.00,     0.00,     0.00,     0.19,     0.00,     0.00,     6.72,    13.68,     1.56,     0.00,    16.22,    41.41,    41.58,     5.07,     0.00,  -999.99,  -999.99,  -999.99
cty,28001,NJ: Atlantic County,1981,02,PRCP,     0.00,     3.63,    13.67,     0.00,     0.00,     0.00,     0.00,     4.76,     4.90,     0.00,     0.00,    21.72,     0.00,     0.00,     0.00,     0.00,     0.00,     0.00,     0.00,     9.98,    10.77,     5.72,     0.50,    15.45,     0.03,     0.66,     0.46,     0.00,  -999.99,  -999.99,  -999.99
cty,28003,NJ: Bergen County,1981,02,PRCP,     0.00,    10.78,    19.05,     0.00,     0.00,     0.00,     0.00,     2.63,     5.19,     0.00,     2.54,    20.10,     0.00,     0.00,     0.00,     0.00,     0.21,     0.00,     0.00,    39.66,    34.98,     7.51,     0.00,    23.19,     0.00,     1.61,     0.01,     0.00,  -999.99,  -999.99,  -999.99
cty,28005,NJ: Burlington County,1981,02,PRCP,     0.00,     3.65,    17.65,     0.00,     0.00,     0.00,     0.00,     3.11,     4.94,     0.00,     0.11,    20.27,     0.00,     0.00,     0.00,     0.00,     0.00,     0.00,     0.00,    11.94,    10.12,     5.57,     0.46,    17.58,     0.00,     0.83,     0.56,     0.00,  -999.99,  -999.99,  -999.99
cty,28007,NJ: Camden County,1981,02,PRCP,     0.00,     3.90,    16.27,     0.00,     0.00,     0.00,     0.00,     2.27,     4.60,     0.00,     0.45,    19.75,     0.00,     0.00,     0.00,     0.00,     0.00,     0.00,     0.00,     8.57,     8.45,     5.00,     0.76,    17.39,     0.00,     0.37,     0.29,     0.00,  -999.99,  -999.99,  -999.99
cty,28009,NJ: Cape May County,1981,02,PRCP,     0.00,     2.62,    14.40,     0.00,     0.00,     0.00,     0.00,     6.00,     7.01,     0.00,     0.26,    22.12,     0.00,     0.00,     0.00,     0.00,     0.00,     0.00,     0.00,     5.68,    10.41,     5.44,     0.56,    12.87,     0.22,     0.15,     0.33,     0.00,  -999.99,  -999.99,  -999.99
cty,28011,NJ: Cumberland County,1981,02,PRCP,     0.00,     3.32,    13.59,     0.00,     0.00,     0.00,     0.00,     3.67,     5.48,     0.00,     0.70,    19.87,     0.00,     0.00,     0.00,     0.00,     0.00,     0.00,     0.00,     5.89,     9.18,     4.41,     0.96,    13.90,     0.16,     0.04,     0.15,     0.00,  -999.99,  -999.99,  -999.99
cty,28013,NJ: Essex County,1981,02,PRCP,     0.00,    10.27,    18.74,     0.00,     0.00,     0.00,     0.00,     2.01,     5.01,     0.00,     1.65,    20.02,     0.00,     0.00,     0.00,     0.00,     0.00,     0.00,     0.00,    39.41,    31.19,     7.60,     0.00,    23.78,     0.00,     0.77,     0.00,     0.00,  -999.99,  -999.99,  -999.99
cty,28015,NJ: Gloucester County,1981,02,PRCP,     0.00,     4.32,    16.51,     0.00,     0.00,     0.00,     0.00,     2.29,     5.45,     0.00,     0.98,    20.98,     0.00,     0.00,     0.00,     0.00,     0.02,     0.00,     0.00,     7.75,     8.47,     4.69,     1.29,    17.56,     0.06,     0.14,     0.13,     0.00,  -999.99,  -999.99,  -999.99
cty,28017,NJ: Hudson County,1981,02,PRCP,     0.00,     8.56,    19.65,     0.00,     0.00,     0.00,     0.00,     4.18,     3.57,     0.00,     2.12,    13.72,     0.00,     0.00,     0.00,     0.00,     0.02,     0.00,     0.00,    43.75,    26.72,     8.19,     0.00,    21.69,     0.00,     3.78,     0.04,     0.00,  -999.99,  -999.99,  -999.99
cty,28019,NJ: Hunterdon County,1981,02,PRCP,     0.00,    11.58,    20.78,     0.00,     0.00,     0.00,     0.00,     0.71,     7.60,     0.00,     3.82,    18.70,     0.00,     0.00,     0.00,     0.00,     0.01,     0.00,     0.00,    12.57,    15.76,     7.13,     0.57,    23.60,     0.00,     0.02,     0.03,     0.00,  -999.99,  -999.99,  -999.99
cty,28021,NJ: Mercer County,1981,02,PRCP,     0.00,     4.57,    20.41,     0.00,     0.00,     0.00,     0.00,     1.41,     6.30,     0.00,     0.59,    19.16,     0.00,     0.00,     0.00,     0.00,     0.00,     0.00,     0.00,    12.30,    10.75,     5.68,     0.27,    20.22,     0.00,     0.58,     0.51,     0.00,  -999.99,  -999.99,  -999.99
cty,28023,NJ: Middlesex County,1981,02,PRCP,     0.00,     5.48,    21.53,     0.00,     0.00,     0.00,     0.00,     2.33,     5.48,     0.00,     0.60,    18.75,     0.00,     0.00,     0.00,     0.00,     0.00,     0.00,     0.00,    23.98,    16.35,     6.57,     0.00,    20.65,     0.00,     1.34,     0.47,     0.00,  -999.99,  -999.99,  -999.99
cty,28025,NJ: Monmouth County,1981,02,PRCP,     0.00,     3.57,    19.77,     0.00,     0.00,     0.00,     0.00,     4.10,     4.24,     0.00,     0.02,    16.10,     0.00,     0.00,     0.00,     0.00,     0.23,     0.00,     0.00,    24.62,    14.69,     5.97,     0.44,    15.38,     0.00,     2.50,     0.77,     0.00,  -999.99,  -999.99,  -999.99
cty,28027,NJ: Morris County,1981,02,PRCP,     0.00,    15.07,    19.26,     0.00,     0.00,     0.00,     0.00,     0.71,     7.08,     0.00,     4.37,    23.17,     0.00,     0.00,     0.00,     0.00,     0.00,     0.00,     0.00,    25.50,    29.28,     7.56,     0.03,    24.02,     0.00,     0.08,     0.00,     0.00,  -999.99,  -999.99,  -999.99
cty,28029,NJ: Ocean County,1981,02,PRCP,     0.00,     2.92,    18.37,     0.00,     0.00,     0.00,     0.00,     4.68,     4.66,     0.00,     0.00,    18.68,     0.00,     0.00,     0.00,     0.00,     0.16,     0.00,     0.00,    18.21,    13.06,     5.93,     0.44,    15.21,     0.04,     1.65,     0.83,     0.00,  -999.99,  -999.99,  -999.99
cty,28031,NJ: Passaic County,1981,02,PRCP,     0.00,    14.74,    19.24,     0.00,     0.00,     0.00,     0.00,     1.10,     6.72,     0.00,     4.52,    23.41,     0.00,     0.00,     0.00,     0.00,     0.13,     0.00,     0.00,    32.58,    34.91,     7.67,     0.00,    23.99,     0.00,     0.46,     0.00,     0.00,  -999.99,  -999.99,  -999.99
cty,28033,NJ: Salem County,1981,02,PRCP,     0.00,     4.63,    15.76,     0.00,     0.00,     0.00,     0.00,     2.31,     6.03,     0.00,     1.60,    20.64,     0.00,     0.00,     0.00,     0.00,     0.00,     0.00,     0.00,     6.85,     8.58,     4.04,     1.91,    16.76,     0.23,     0.00,     0.02,     0.00,  -999.99,  -999.99,  -999.99
cty,28035,NJ: Somerset County,1981,02,PRCP,     0.00,     8.29,    19.61,     0.00,     0.00,     0.00,     0.00,     1.04,     6.46,     0.00,     1.46,    19.67,     0.00,     0.00,     0.00,     0.00,     0.00,     0.00,     0.00,    19.82,    17.77,     6.46,     0.03,    22.55,     0.00,     0.19,     0.13,     0.00,  -999.99,  -999.99,  -999.99
cty,28037,NJ: Sussex County,1981,02,PRCP,     0.00,    20.76,    19.85,     0.00,     0.00,     0.00,     0.01,     0.22,     7.91,     0.00,     9.48,    24.43,     0.00,     0.00,     0.00,     0.00,     0.03,     0.00,     0.00,    16.82,    28.01,     7.58,     0.06,    22.97,     0.00,     0.22,     0.00,     0.00,  -999.99,  -999.99,  -999.99
cty,28039,NJ: Union County,1981,02,PRCP,     0.00,     8.40,    19.87,     0.00,     0.00,     0.00,     0.00,     2.27,     4.84,     0.00,     1.23,    18.47,     0.00,     0.00,     0.00,     0.00,     0.00,     0.00,     0.00,    34.80,    24.29,     7.41,     0.00,    22.76,     0.00,     1.14,     0.07,     0.00,  -999.99,  -999.99,  -999.99
cty,28041,NJ: Warren County,1981,02,PRCP,     0.00,    20.37,    20.83,     0.00,     0.00,     0.00,     0.00,     0.31,     7.97,     0.00,     8.85,    20.89,     0.00,     0.00,     0.00,     0.00,     0.01,     0.00,     0.00,    11.81,    21.67,     7.48,     0.75,    23.86,     0.00,     0.00,     0.00,     0.00,  -999.99,  -999.99,  -999.99
cty,29001,NM: Bernalillo County,1981,02,PRCP,     0.00,     0.00,     0.00,     0.00,     0.00,     0.00,     0.00,     0.00,    11.07,     1.71,     0.00,     0.00,     0.00,     0.00,     0.00,     0.00,     0.00,     0.00,     0.00,     0.00,     0.00,     0.00,     0.00,     0.00,     0.00,     0.00,     0.00,     0.00,  -999.99,  -999.99,  -999.99
cty,29003,NM: Catron County,1981,02,PRCP,     0.02,     0.02,     0.00,     0.00,     0.00,     0.00,     0.00,     0.00,     8.36,     1.00,     0.02,     0.00,     0.00,     0.00,     0.06,     0.00,     0.00,     0.00,     0.00,     0.00,     0.02,     0.00,     0.00,     0.00,     0.00,     0.92,     1.26,     0.25,  -999.99,  -999.99,  -999.99
cty,29005,NM: Chaves County,1981,02,PRCP,     0.00,     0.00,     0.00,     0.00,     0.00,     0.00,     0.00,     0.00,     0.00,     0.00,     0.00,     0.00,     0.00,     0.00,     0.00,     0.00,     0.00,     0.00,     0.00,     0.00,     0.00,     0.00,     0.00,     0.00,     0.00,     0.00,     0.58,     5.26,  -999.99,  -999.99,  -999.99
cty,29006,NM: Cibola County,1981,02,PRCP,     0.00,     0.00,     0.00,     0.00,     0.00,     0.00,     0.00,     0.00,     7.92,     2.14,     0.00,     0.00,     0.00,     0.00,     0.00,     0.00,     0.00,     0.00,     0.00,     0.00,     0.00,     0.00,     0.00,     0.00,     0.00,     0.37,     1.64,     0.00,  -999.99,  -999.99,  -999.99
cty,29007,NM: Colfax County,1981,02,PRCP,     0.74,     0.00,     0.00,     0.00,     0.00,     0.00,     0.00,     0.00,     0.00,     0.36,     0.46,     0.00,     0.00,     0.01,     0.00,     0.00,     0.00,     0.00,     0.00,     0.00,     2.44,     0.01,     0.00,     0.00,     0.00,     0.00,     0.00,     0.25,  -999.99,  -999.99,  -999.99
cty,29009,NM: Curry County,1981,02,PRCP,     0.00,     0.00,     0.00,     0.00,     0.00,     0.00,     0.00,     0.00,     0.00,     0.00,     0.00,     0.00,     0.00,     0.00,     0.00,     0.00,     0.00,     0.00,     0.00,     0.00,     0.00,     1.28,     0.00,     0.00,     0.00,     0.00,     0.00,     5.83,  -999.99,  -999.99,  -999.99
cty,29011,NM: De Baca County,1981,02,PRCP,     0.00,     0.00,     0.00,     0.00,     0.00,     0.00,     0.00,     0.00,     0.00,     0.00,     0.00,     0.00,     0.00,     0.00,     0.00,     0.00,     0.00,     0.00,     0.00,     0.00,     0.00,     0.00,     0.00,     0.00,     0.00,     0.00,     0.00,     2.35,  -999.99,  -999.99,  -999.99
cty,29013,NM: Dona Ana County,1981,02,PRCP,     0.00,     0.00,     0.00,     0.00,     0.00,     0.00,     0.00,     0.00,     0.12,     0.00,     0.00,     0.00,     0.00,     0.00,     0.00,     0.00,     0.00,     0.00,     0.00,     0.00,     0.00,     0.00,     0.00,     0.00,     0.00,     0.00,     1.47,     2.12,  -999.99,  -999.99,  -999.99
cty,29015,NM: Eddy County,1981,02,PRCP,     0.00,     0.00,     0.00,     0.00,     0.00,     0.00,     0.00,     0.00,     0.00,     0.00,     0.00,     0.00,     0.00,     0.00,     0.00,     0.00,     0.00,     0.00,     0.00,     0.00,     0.00,     0.00,     0.00,     0.00,     0.00,     0.00,     0.82,     5.08,  -999.99,  -999.99,  -999.99
cty,29017,NM: Grant County,1981,02,PRCP,     0.00,     0.00,     0.00,     0.00,     0.02,     0.00,     0.00,     0.00,     4.32,     4.79,     0.00,     0.00,     0.00,     0.00,     0.00,     0.00,     0.01,     0.00,     0.00,     0.00,     0.00,     0.00,     0.00,     0.00,     0.05,     1.98,     0.16,     2.46,  -999.99,  -999.99,  -999.99
cty,29019,NM: Guadalupe County,1981,02,PRCP,     0.00,     0.00,     0.00,     0.00,     0.00,     0.00,     0.00,     0.00,     0.00,     0.00,     0.00,     0.00,     0.00,     0.00,     0.00,     0.00,     0.00,     0.00,     0.00,     0.00,     0.20,     0.00,     0.00,     0.00,     0.00,     0.00,     0.00,     0.72,  -999.99,  -999.99,  -999.99
cty,29021,NM: Harding County,1981,02,PRCP,     0.00,     0.00,     0.00,     0.00,     0.00,     0.00,     0.00,     0.00,     0.00,     0.00,     0.00,     0.00,     0.00,     0.00,     0.00,     0.00,     0.00,     0.00,     0.00,     0.00,     1.19,     0.00,     0.00,     0.00,     0.00,     0.00,     0.00,     0.49,  -999.99,  -999.99,  -999.99
cty,29023,NM: Hidalgo County,1981,02,PRCP,     0.00,     0.00,     0.00,     0.00,     0.00,     0.00,     0.00,     0.00,     2.98,     5.59,     0.00,     0.00,     0.00,     0.00,     0.00,     0.00,     0.00,     0.00,     0.00,     0.00,     0.00,     0.00,     0.00,     0.00,     0.00,     1.48,     1.63,     1.26,  -999.99,  -999.99,  -999.99
cty,29025,NM: Lea County,1981,02,PRCP,     0.00,     0.00,     0.00,     0.00,     0.00,     0.00,     0.00,     0.00,     0.00,     0.17,     0.00,     0.00,     0.00,     0.00,     0.00,     0.00,     0.00,     0.00,     0.00,     0.00,     0.00,     0.00,     0.00,     0.00,     0.00,     0.00,     0.00,     9.91,  -999.99,  -999.99,  -999.99
cty,29027,NM: Lincoln County,1981,02,PRCP,     0.00,     0.01,     0.00,     0.00,     0.00,     0.00,     0.00,     0.00,     0.30,     0.00,     0.02,     0.00,     0.00,     0.00,     0.00,     0.00,     0.00,     0.00,     0.00,     0.00,     0.00,     0.00,     0.00,     0.00,     0.00,     0.00,     0.43,     5.50,  -999.99,  -999.99,  -999.99
cty,29028,NM: Los Alamos County,1981,02,PRCP,     0.00,     0.00,     0.00,     0.16,     0.00,     0.00,     0.00,     0.00,     0.00,     5.03,     0.09,     0.88,     0.00,     0.00,     0.00,     0.00,     0.00,     0.00,     0.00,     0.00,     0.00,     0.00,     0.00,     0.00,     0.00,     0.00,     0.00,     0.00,  -999.99,  -999.99,  -999.99
cty,29029,NM: Luna County,1981,02,PRCP,     0.00,     0.00,     0.00,     0.00,     0.00,     0.00,     0.00,     0.00,     0.61,     1.23,     0.00,     0.00,     0.00,     0.00,     0.00,     0.00,     0.00,     0.00,     0.00,     0.00,     0.00,     0.00,     0.00,     0.00,     0.00,     0.16,     0.76,     2.45,  -999.99,  -999.99,  -999.99
cty,29031,NM: McKinley County,1981,02,PRCP,     0.00,     0.00,     0.00,     0.00,     0.00,     0.00,     0.00,     0.00,     6.11,     2.11,     0.00,     0.00,     0.00,     0.00,     0.00,     0.00,     0.00,     0.00,     0.00,     0.00,     0.00,     0.00,     0.00,     0.00,     0.00,     0.24,     1.88,     0.00,  -999.99,  -999.99,  -999.99
cty,29033,NM: Mora County,1981,02,PRCP,     0.56,     0.02,     0.00,     0.00,     0.00,     0.00,     0.00,     0.00,     0.00,     0.13,     0.35,     0.01,     0.00,     0.00,     0.00,     0.00,     0.00,     0.00,     0.00,     0.00,     3.21,     0.00,     0.00,     0.00,     0.00,     0.00,     0.00,     0.00,  -999.99,  -999.99,  -999.99
cty,29035,NM: Otero County,1981,02,PRCP,     0.00,     0.01,     0.00,     0.00,     0.00,     0.00,     0.00,     0.00,     1.83,     0.46,     0.00,     0.00,     0.00,     0.00,     0.00,     0.00,     0.00,     0.00,     0.00,     0.00,     0.00,     0.00,     0.00,     0.00,     0.00,     0.03,     1.56,    10.60,  -999.99,  -999.99,  -999.99
cty,29037,NM: Quay County,1981,02,PRCP,     0.00,     0.00,     0.00,     0.00,     0.00,     0.00,     0.00,     0.00,     0.00,     0.00,     0.00,     0.00,     0.00,     0.00,     0.00,     0.00,     0.00,     0.00,     0.00,     0.00,     0.86,     0.94,     0.00,     0.00,     0.00,     0.00,     0.00,     2.31,  -999.99,  -999.99,  -999.99
cty,29039,NM: Rio Arriba County,1981,02,PRCP,     1.23,     0.04,     0.01,     0.00,     0.00,     0.00,     0.00,     0.00,     2.70,     2.37,     0.24,     0.03,     0.03,     0.00,     0.03,     0.00,     0.00,     0.00,     0.03,     0.00,     0.25,     0.00,     0.00,     0.00,     0.02,     0.84,     0.49,     0.00,  -999.99,  -999.99,  -999.99
cty,29041,NM: Roosevelt County,1981,02,PRCP,     0.00,     0.00,     0.00,     0.00,     0.00,     0.00,     0.00,     0.00,     0.00,     0.64,     0.00,     0.00,     0.00,     0.00,     0.00,     0.00,     0.00,     0.00,     0.00,     0.00,     0.00,     0.07,     0.00,     0.00,     0.00,     0.00,     0.00,     4.74,  -999.99,  -999.99,  -999.99
cty,29043,NM: Sandoval County,1981,02,PRCP,     0.01,     0.00,     0.00,     0.00,     0.00,     0.00,     0.00,     0.00,     5.89,     1.63,     0.04,     0.04,     0.00,     0.00,     0.00,     0.00,     0.00,     0.00,     0.00,     0.00,     0.00,     0.00,     0.00,     0.00,     0.00,     0.17,     0.12,     0.00,  -999.99,  -999.99,  -999.99
cty,29045,NM: San Juan County,1981,02,PRCP,     0.00,     0.00,     0.00,     0.00,     0.00,     0.00,     0.00,     0.00,     5.60,     1.46,     0.00,     0.00,     0.00,     0.00,     0.00,     0.00,     0.00,     0.00,     0.00,     0.00,     0.00,     0.00,     0.00,     0.00,     0.00,     0.28,     1.16,     0.00,  -999.99,  -999.99,  -999.99
cty,29047,NM: San Miguel County,1981,02,PRCP,     0.12,     0.00,     0.00,     0.00,     0.00,     0.00,     0.00,     0.00,     0.05,     0.46,     0.19,     0.00,     0.00,     0.00,     0.00,     0.00,     0.00,     0.00,     0.00,     0.00,     3.13,     0.00,     0.00,     0.00,     0.00,     0.00,     0.00,     0.49,  -999.99,  -999.99,  -999.99
cty,29049,NM: Santa Fe County,1981,02,PRCP,     0.19,     0.11,     0.00,     0.00,     0.00,     0.00,     0.00,     0.00,     2.82,     0.77,     0.07,     0.00,     0.00,     0.00,     0.00,     0.00,     0.00,     0.00,     0.00,     0.00,     0.00,     0.00,     0.00,     0.00,     0.00,     0.11,     0.00,     0.00,  -999.99,  -999.99,  -999.99
cty,29051,NM: Sierra County,1981,02,PRCP,     0.00,     0.00,     0.00,     0.00,     0.00,     0.00,     0.00,     0.00,     0.37,     0.01,     0.00,     0.00,     0.00,     0.00,     0.00,     0.00,     0.04,     0.00,     0.01,     0.00,     0.00,     0.00,     0.00,     0.00,     0.00,     0.01,     0.74,     0.70,  -999.99,  -999.99,  -999.99
cty,29053,NM: Socorro County,1981,02,PRCP,     0.00,     0.00,     0.00,     0.00,     0.00,     0.00,     0.00,     0.00,     2.48,     0.00,     0.00,     0.00,     0.00,     0.00,     0.00,     0.00,     0.00,     0.00,     0.00,     0.00,     0.00,     0.00,     0.00,     0.00,     0.00,     0.00,     0.24,     0.95,  -999.99,  -999.99,  -999.99
cty,29055,NM: Taos County,1981,02,PRCP,     2.71,     0.32,     0.00,     0.00,     0.00,     0.00,     0.00,     0.00,     0.00,     0.49,     0.72,     0.01,     0.02,     0.02,     0.01,     0.00,     0.00,     0.00,     0.01,     0.00,     0.39,     0.04,     0.01,     0.08,     0.00,     0.02,     0.00,     0.00,  -999.99,  -999.99,  -999.99
cty,29057,NM: Torrance County,1981,02,PRCP,     0.00,     0.00,     0.00,     0.00,     0.00,     0.00,     0.00,     0.00,     5.07,     0.00,     0.00,     0.00,     0.00,     0.00,     0.00,     0.00,     0.00,     0.00,     0.00,     0.00,     0.00,     0.00,     0.00,     0.00,     0.00,     0.00,     0.00,     0.03,  -999.99,  -999.99,  -999.99
cty,29059,NM: Union County,1981,02,PRCP,     0.17,     0.00,     0.00,     0.00,     0.00,     0.00,     0.00,     0.00,     0.00,     0.00,     0.02,     0.00,     0.00,     0.00,     0.00,     0.00,     0.00,     0.00,     0.00,     0.00,     0.44,     0.00,     0.00,     0.00,     0.00,     0.00,     0.00,     0.00,  -999.99,  -999.99,  -999.99
cty,29061,NM: Valencia County,1981,02,PRCP,     0.00,     0.00,     0.00,     0.00,     0.00,     0.00,     0.00,     0.00,    10.65,     0.23,     0.00,     0.00,     0.00,     0.00,     0.00,     0.00,     0.00,     0.00,     0.00,     0.00,     0.00,     0.00,     0.00,     0.00,     0.00,     0.00,     0.01,     0.00,  -999.99,  -999.99,  -999.99
cty,30001,NY: Albany County,1981,02,PRCP,     0.00,    20.73,    17.23,     0.00,     0.00,     0.00,     0.07,     0.05,    10.22,     0.00,     5.03,    19.75,     0.00,     0.00,     0.00,     0.00,     0.30,     0.00,     0.00,     7.76,    27.03,     2.71,     0.00,    19.73,     3.18,    10.17,     0.00,     0.00,  -999.99,  -999.99,  -999.99
cty,30003,NY: Allegany County,1981,02,PRCP,     0.00,    11.77,     2.75,     0.01,     0.40,     0.00,     0.74,     0.26,     2.37,     0.00,     9.25,     6.03,     0.00,     0.00,     0.00,     0.00,     3.07,     0.00,     0.35,    17.77,     8.13,     0.78,     0.27,    16.17,     0.25,     0.00,     0.00,     4.54,  -999.99,  -999.99,  -999.99
cty,30005,NY: Bronx County,1981,02,PRCP,     0.00,     8.94,    19.87,     0.00,     0.00,     0.00,     0.00,     5.89,     3.75,     0.00,     2.90,    13.49,     0.00,     0.00,     0.00,     0.00,     0.39,     0.00,     0.00,    42.47,    29.87,     8.46,     0.00,    22.00,     0.00,     6.60,     0.29,     0.00,  -999.99,  -999.99,  -999.99
cty,30007,NY: Broome County,1981,02,PRCP,     0.00,    21.56,    14.14,     0.00,     0.41,     0.00,     0.45,     0.57,     9.35,     0.00,    15.81,    17.44,     0.00,     0.00,     0.00,     0.00,     0.43,     0.00,     0.00,     4.55,    11.43,     2.07,     0.02,    14.49,     0.79,     1.85,     0.00,     0.00,  -999.99,  -999.99,  -999.99
cty,30009,NY: Cattaraugus County,1981,02,PRCP,     0.00,    15.65,     2.14,     0.33,     0.53,     0.04,     1.60,     0.57,     2.59,     0.00,    11.27,     6.83,     0.00,     0.00,     0.00,     0.00,     5.10,     0.00,     3.49,    14.59,     5.56,     0.64,     0.03,    14.47,     1.43,     0.00,     0.00,     5.54,  -999.99,  -999.99,  -999.99
cty,30011,NY: Cayuga County,1981,02,PRCP,     0.00,     7.85,     8.46,     0.01,     0.53,     0.00,     0.47,     0.14,     5.46,     0.00,     1.89,     6.51,     0.00,     0.00,     0.00,     0.00,     1.05,     0.00,     0.40,     6.52,     7.49,     0.39,     0.00,    15.63,     1.16,     2.39,     0.00,     1.19,  -999.99,  -999.99,  -999.99
cty,30013,NY: Chautauqua County,1981,02,PRCP,     0.00,    18.88,     2.51,     0.63,     0.77,     0.38,     1.61,     0.02,     2.50,     0.00,     9.71,     7.52,     0.00,     0.00,     0.00,     0.00,     9.23,     0.07,    12.86,    21.10,     4.83,     0.43,     0.00,    14.54,     3.06,     0.00,     0.00,     5.26,  -999.99,  -999.99,  -999.99
cty,30015,NY: Chemung County,1981,02,PRCP,     0.00,    15.55,     7.09,     0.00,     0.06,     0.00,     0.13,     0.01,     7.67,     0.00,    11.57,    10.24,     0.00,     0.00,     0.00,     0.00,     0.00,     0.00,     0.00,    10.42,     8.60,     0.90,     1.01,    24.06,     1.21,     0.70,     0.00,     0.27,  -999.99,  -999.99,  -999.99
cty,30017,NY: Chenango County,1981,02,PRCP,     0.00,    22.59,    14.02,     0.00,     0.43,     0.00,     1.15,     1.26,     8.54,     0.00,    11.22,    18.06,     0.00,     0.00,     0.00,     0.00,     1.24,     0.00,     0.00,     3.87,    10.75,     1.42,     0.00,    10.56,     0.76,     2.15,     0.00,     0.00,  -999.99,  -999.99,  -999.99
cty,30019,NY: Clinton County,1981,02,PRCP,     0.00,    11.04,    12.41,     0.00,     0.09,     0.02,     0.36,     0.10,     8.30,     0.66,     3.23,    14.76,     0.00,     0.00,     0.00,     0.00,     0.01,     0.00,     0.00,     0.74,     4.74,     0.85,     0.00,     3.08,    17.21,    10.71,     0.00,     0.00,  -999.99,  -999.99,  -999.99
cty,30021,NY: Columbia County,1981,02,PRCP,     0.00,    22.21,    18.55,     0.00,     0.05,     0.00,     0.02,     1.25,    12.74,     0.00,     3.73,    25.65,     0.00,     0.00,     0.00,     0.00,     2.32,     0.00,     0.00,    10.07,    21.33,     1.25,     0.00,    22.80,     2.81,    17.55,     1.09,     0.00,  -999.99,  -999.99,  -999.99
cty,30023,NY: Cortland County,1981,02,PRCP,     0.00,    16.26,    11.55,     0.00,     0.43,     0.00,     0.95,     0.95,     8.19,     0.00,     7.66,    12.45,     0.00,     0.00,     0.00,     0.00,     0.62,     0.00,     0.00,     5.12,     8.90,     0.88,     0.00,    13.26,     1.07,     2.72,     0.00,     0.25,  -999.99,  -999.99,  -999.99
cty,30025,NY: Delaware County,1981,02,PRCP,     0.00,    33.51,    17.18,     0.00,     0.44,     0.00,     1.00,     0.46,    13.62,     0.00,    13.79,    25.52,     0.00,     0.00,     0.00,     0.00,     0.76,     0.00,     0.00,     5.78,    16.08,     2.68,     0.01,    12.93,     0.12,     4.52,     0.00,     0.00,  -999.99,  -999.99,  -999.99
cty,30027,NY: Dutchess County,1981,02,PRCP,     0.00,    20.85,    20.77,     0.00,     0.17,     0.00,     0.07,     1.87,    12.52,     0.00,     5.51,    29.84,     0.00,     0.00,     0.00,     0.00,     2.60,     0.00,     0.00,    17.14,    33.77,     3.66,     0.00,    27.77,     0.66,    10.50,     1.24,     0.00,  -999.99,  -999.99,  -999.99
cty,30029,NY: Erie County,1981,02,PRCP,     0.00,    11.77,     3.06,     0.78,     0.59,     0.00,     1.22,     0.00,     2.04,     0.31,     5.70,     6.11,     0.00,     0.00,     0.00,     0.00,     4.17,     0.00,     7.22,    19.08,    10.96,     0.82,     0.00,    14.91,     1.75,     0.01,     0.00,     6.05,  -999.99,  -999.99,  -999.99
cty,30031,NY: Essex County,1981,02,PRCP,     0.00,    33.84,    20.03,     0.11,     0.17,     0.00,     1.48,     0.70,    12.86,     0.36,     7.55,    28.30,     0.00,     0.00,     0.00,     0.00,     0.52,     0.00,     0.00,     6.40,    17.91,     2.19,     0.00,    13.13,    20.42,    10.83,     0.04,     0.01,  -999.99,  -999.99,  -999.99
cty,30033,NY: Franklin County,1981,02,PRCP,     0.00,    20.40,    14.04,     0.19,     0.80,     0.00,     1.31,     0.25,    10.55,     0.86,     4.51,    19.91,     0.00,     0.00,     0.00,     0.00,     0.25,     0.00,     0.00,     1.82,     3.17,     0.59,     0.00,     4.35,    12.62,     6.22,     0.14,     0.00,  -999.99,  -999.99,  -999.99
cty,30035,NY: Fulton County,1981,02,PRCP,     0.00,    34.41,    14.34,     0.00,     0.16,     0.00,     2.66,     1.33,     9.06,     0.09,     4.99,    15.39,     0.00,     0.00,     0.00,     0.00,     2.90,     0.00,     0.00,    10.91,    15.51,     1.05,     0.00,    12.36,     3.63,     2.53,     0.00,     0.00,  -999.99,  -999.99,  -999.99
cty,30037,NY: Genesee County,1981,02,PRCP,     0.00,     6.01,     3.43,     0.57,     0.51,     0.00,     1.01,     0.00,     1.79,     0.00,     3.01,     3.98,     0.00,     0.00,     0.00,     0.00,     1.93,     0.00,     4.83,    22.77,    13.89,     1.21,     0.00,    17.09,     0.51,     0.30,     0.00,     6.43,  -999.99,  -999.99,  -999.99
cty,30039,NY: Greene County,1981,02,PRCP,     0.00,    28.94,    18.46,     0.00,     0.20,     0.00,     0.24,     0.06,    10.97,     0.00,    11.02,    26.34,     0.00,     0.00,     0.00,     0.00,     0.27,     0.00,     0.00,    14.21,    41.82,     5.21,     0.00,    23.13,     0.42,     6.26,     0.00,     0.00,  -999.99,  -999.99,  -999.99
cty,30041,NY: Hamilton County,1981,02,PRCP,     0.00,    41.50,    16.32,     0.30,     0.37,     0.00,     3.21,     1.82,    11.15,     0.80,     7.24,    23.83,     0.00,     0.00,     0.00,     0.00,     1.97,     0.00,     0.00,     7.39,    14.75,     1.54,     0.00,    11.78,     6.38,     4.02,     0.06,     0.00,  -999.99,  -999.99,  -999.99
cty,30043,NY: Herkimer County,1981,02,PRCP,     0.00,    29.03,    13.37,     0.55,     0.64,     0.00,     2.97,     2.14,     9.39,     0.88,     4.73,    17.12,     0.00,     0.00,     0.00,     0.00,     1.87,     0.00,     0.02,     4.41,     5.75,     0.80,     0.00,     7.76,     1.89,     4.29,     0.16,     0.00,  -999.99,  -999.99,  -999.99
cty,30045,NY: Jefferson County,1981,02,PRCP,     0.00,    15.69,    14.63,     2.50,     3.58,     0.12,     2.84,     0.76,     6.87,     2.27,     2.96,    22.47,     0.07,     0.00,     0.00,     0.00,     2.53,     0.00,     0.30,     9.15,     5.67,     0.25,     0.00,     8.85,     0.74,     2.95,     0.01,     0.25,  -999.99,  -999.99,  -999.99
cty,30047,NY: Kings County,1981,02,PRCP,     0.33,     6.78,    17.41,     0.00,     0.00,     0.00,     0.00,     5.75,     2.48,     0.00,     2.16,     8.87,     0.00,     0.00,     0.00,     0.00,     0.25,     0.00,     2.38,    41.25,    21.53,     7.62,     1.28,    17.39,     0.00,     6.22,     0.25,     0.38,  -999.99,  -999.99,  -999.99
cty,30049,NY: Lewis County,1981,02,PRCP,     0.01,    30.68,    14.82,     1.67,     1.73,     0.01,     3.72,     2.03,     9.17,     2.22,     6.23,    22.81,     0.23,     0.00,     0.00,     0.00,     2.30,     0.00,     0.00,     7.60,     7.90,     0.90,     0.00,     9.94,     1.43,     3.64,     0.08,     0.01,  -999.99,  -999.99,  -999.99
cty,30051,NY: Livingston County,1981,02,PRCP,     0.00,     4.49,     3.38,     0.00,     0.23,     0.00,     0.63,     0.00,     1.74,     0.00,     2.12,     3.46,     0.00,     0.00,     0.00,     0.00,     0.76,     0.00,     1.17,    17.57,     9.62,     0.87,     0.00,    15.08,     0.30,     0.20,     0.00,     4.13,  -999.99,  -999.99,  -999.99
cty,30053,NY: Madison County,1981,02,PRCP,     0.00,    15.65,    11.88,     0.00,     0.46,     0.00,     1.13,     1.01,     7.93,     0.00,     5.29,    14.63,     0.00,     0.00,     0.00,     0.00,     0.53,     0.00,     0.00,     3.26,     7.70,     0.96,     0.00,    10.47,     0.23,     4.51,     0.00,     0.03,  -999.99,  -999.99,  -999.99
cty,30055,NY: Monroe County,1981,02,PRCP,     0.00,     3.97,     2.64,     0.00,     0.34,     0.00,     0.62,     0.00,     1.72,     0.00,     1.41,     2.99,     0.00,     0.00,     0.00,     0.00,     0.89,     0.00,     2.72,    20.18,    11.87,     0.81,     0.00,    17.63,     0.77,     0.31,     0.00,     4.55,  -999.99,  -999.99,  -999.99
cty,30057,NY: Montgomery County,1981,02,PRCP,     0.00,    23.66,    13.17,     0.00,     0.01,     0.00,     0.94,     0.63,     8.85,     0.00,     3.95,    13.39,     0.00,     0.00,     0.00,     0.00,     1.05,     0.00,     0.00,     5.35,    10.99,     0.83,     0.00,    11.52,     2.24,     5.46,     0.00,     0.00,  -999.99,  -999.99,  -999.99
cty,30059,NY: Nassau County,1981,02,PRCP,     0.05,     5.27,    18.42,     0.00,     0.00,     0.00,     0.00,     7.57,     3.69,     0.00,     1.79,    11.97,     0.00,     0.00,     0.00,     0.00,     0.41,     0.00,     0.22,    34.14,    29.21,     8.17,     0.12,    19.24,     0.01,     6.98,     0.50,     0.05,  -999.99,  -999.99,  -999.99
cty,30061,NY: New York County,1981,02,PRCP,     0.12,     8.50,    18.92,     0.00,     0.00,     0.00,     0.00,     5.17,     3.15,     0.00,     2.57,    11.89,     0.00,     0.00,     0.00,     0.00,     0.20,     0.00,     0.73,    45.08,    27.34,     8.38,     0.29,    20.98,     0.00,     5.34,     0.04,     0.13,  -999.99,  -999.99,  -999.99
cty,30063,NY: Niagara County,1981,02,PRCP,     0.00,    10.38,     1.46,     0.84,     0.51,     0.00,     0.76,     0.00,     1.00,     0.52,     5.20,     4.57,     0.00,     0.00,     0.00,     0.00,     2.19,     0.57,     4.53,    18.40,    16.74,     0.99,     0.01,    14.80,     1.95,     0.00,     0.00,     5.62,  -999.99,  -999.99,  -999.99
cty,30065,NY: Oneida County,1981,02,PRCP,     0.00,    25.67,    12.99,     0.29,     0.60,     0.03,     3.00,     2.49,     8.44,     0.76,     3.80,    15.26,     0.68,     0.00,     0.00,     0.00,     2.30,     0.00,     0.00,     6.64,     6.20,     0.59,     0.00,     9.76,     0.49,     3.03,     0.00,     0.01,  -999.99,  -999.99,  -999.99
cty,30067,NY: Onondaga County,1981,02,PRCP,     0.05,     9.72,    10.53,     0.00,     0.68,     0.00,     0.74,     0.34,     6.63,     0.00,     2.11,     9.03,     0.00,     0.00,     0.00,     0.00,     1.18,     0.00,     0.10,     6.64,     7.80,     0.52,     0.00,    13.85,     0.20,     4.13,     0.00,     0.80,  -999.99,  -999.99,  -999.99
cty,30069,NY: Ontario County,1981,02,PRCP,     0.00,     3.87,     2.83,     0.00,     0.10,     0.00,     0.36,     0.00,     2.48,     0.00,     1.35,     3.60,     0.00,     0.00,     0.00,     0.00,     0.07,     0.00,     1.13,    15.56,     9.86,     0.78,     0.02,    15.67,     1.12,     0.30,     0.00,     2.57,  -999.99,  -999.99,  -999.99
cty,30071,NY: Orange County,1981,02,PRCP,     0.00,    17.88,    19.27,     0.00,     0.01,     0.00,     0.00,     0.66,     7.90,     0.00,     7.75,    22.48,     0.00,     0.00,     0.00,     0.00,     0.48,     0.00,     0.00,    22.12,    30.54,     5.91,     0.00,    23.63,     0.00,     1.40,     0.04,     0.00,  -999.99,  -999.99,  -999.99
cty,30073,NY: Orleans County,1981,02,PRCP,     0.00,     6.03,     2.27,     0.67,     0.51,     0.00,     0.75,     0.00,     1.27,     0.03,     2.64,     3.52,     0.00,     0.00,     0.00,     0.00,     1.45,     0.02,     3.75,    19.96,    15.22,     1.02,     0.00,    15.82,     0.86,     0.19,     0.00,     5.59,  -999.99,  -999.99,  -999.99
cty,30075,NY: Oswego County,1981,02,PRCP,     0.01,    18.88,    15.25,     1.01,     1.81,     0.00,     2.49,     0.93,     7.90,     1.00,     1.74,    16.37,     2.23,     0.00,     0.00,     0.00,     3.54,     0.00,     0.77,    10.62,     8.56,     0.40,     0.00,    17.03,     0.48,     2.45,     0.11,     0.32,  -999.99,  -999.99,  -999.99
cty,30077,NY: Otsego County,1981,02,PRCP,     0.00,    23.30,    13.09,     0.00,     0.29,     0.00,     1.02,     1.05,    10.05,     0.00,     7.48,    18.36,     0.00,     0.00,     0.00,     0.00,     0.73,     0.00,     0.00,     2.68,     8.00,     1.41,     0.00,     8.64,     0.27,     5.03,     0.00,     0.00,  -999.99,  -999.99,  -999.99
cty,30079,NY: Putnam County,1981,02,PRCP,     0.00,    13.63,    22.25,     0.00,     0.09,     0.00,     0.00,     2.76,     9.57,     0.00,     4.80,    29.71,     0.00,     0.00,     0.00,     0.00,     1.51,     0.00,     0.00,    22.89,    38.04,     6.40,     0.00,    26.59,     0.03,     6.06,     0.89,     0.00,  -999.99,  -999.99,  -999.99
cty,30081,NY: Queens County,1981,02,PRCP,     0.49,     6.50,    17.21,     0.00,     0.00,     0.00,     0.00,     6.60,     2.62,     0.00,     2.31,     8.83,     0.00,     0.00,     0.00,     0.00,     0.31,     0.00,     3.10,    39.56,    23.63,     7.76,     1.40,    17.57,     0.00,     7.29,     0.31,     0.53,  -999.99,  -999.99,  -999.99
cty,30083,NY: Rensselaer County,1981,02,PRCP,     0.00,    21.46,    19.45,     0.00,     0.00,     0.00,     0.01,     0.99,    17.47,     0.00,     2.43,    24.15,     0.00,     0.00,     0.00,     0.00,     1.09,     0.00,     0.00,     5.98,    10.97,     0.32,     0.00,    19.08,     8.22,    27.57,     0.44,     0.00,  -999.99,  -999.99,  -999.99
cty,30085,NY: Richmond County,1981,02,PRCP,     0.00,     6.54,    19.62,     0.00,     0.00,     0.00,     0.00,     3.89,     3.72,     0.00,     1.21,    14.57,     0.00,     0.00,     0.00,     0.00,     0.00,     0.00,     0.00,    37.66,    22.02,     7.43,     0.00,    19.41,     0.00,     2.77,     0.29,     0.00,  -999.99,  -999.99,  -999.99
cty,30087,NY: Rockland County,1981,02,PRCP,     0.00,    12.06,    20.00,     0.00,     0.00,     0.00,     0.00,     2.18,     6.42,     0.00,     3.44,    24.58,     0.00,     0.00,     0.00,     0.00,     0.43,     0.00,     0.00,    33.04,    37.45,     7.19,     0.00,    23.67,     0.00,     1.67,     0.14,     0.00,  -999.99,  -999.99,  -999.99
cty,30089,NY: St. Lawrence County,1981,02,PRCP,     0.00,    17.17,    11.36,     0.42,     1.59,     0.00,     1.65,     0.35,     6.85,     1.49,     3.95,    15.99,     0.00,     0.00,     0.00,     0.00,     0.50,     0.00,     0.05,     6.05,     4.96,     0.18,     0.00,     5.22,     5.14,     4.18,     0.04,     0.00,  -999.99,  -999.99,  -999.99
cty,30091,NY: Saratoga County,1981,02,PRCP,     0.00,    28.84,    17.11,     0.00,     0.02,     0.00,     0.91,     0.55,    10.47,     0.00,     4.44,    17.87,     0.00,     0.00,     0.00,     0.00,     1.25,     0.00,     0.00,    10.41,    20.05,     1.20,     0.00,    17.17,     8.12,     8.06,     0.00,     0.00,  -999.99,  -999.99,  -999.99
cty,30093,NY: Schenectady County,1981,02,PRCP,     0.00,    20.65,    15.24,     0.00,     0.00,     0.00,     0.28,     0.05,     9.78,     0.00,     3.82,    15.66,     0.00,     0.00,     0.00,     0.00,     0.40,     0.00,     0.00,     6.01,    18.98,     1.50,     0.00,    15.72,     3.87,     8.86,     0.00,     0.00,  -999.99,  -999.99,  -999.99
cty,30095,NY: Schoharie County,1981,02,PRCP,     0.00,    22.99,    15.76,     0.00,     0.08,     0.00,     0.35,     0.05,    11.89,     0.00,     5.98,    18.61,     0.00,     0.00,     0.00,     0.00,     0.06,     0.00,     0.00,     4.10,    18.17,     2.57,     0.00,    14.08,     0.94,    10.08,     0.00,     0.00,  -999.99,  -999.99,  -999.99
cty,30097,NY: Schuyler County,1981,02,PRCP,     0.00,     8.70,     5.16,     0.00,     0.08,     0.00,     0.18,     0.00,     5.32,     0.00,     4.90,     6.85,     0.00,     0.00,     0.00,     0.00,     0.00,     0.00,     0.00,     9.09,     8.24,     0.69,     0.52,    18.04,     1.14,     0.57,     0.00,     0.92,  -999.99,  -999.99,  -999.99
cty,30099,NY: Seneca County,1981,02,PRCP,     0.00,     5.56,     4.56,     0.00,     0.07,     0.00,     0.09,     0.00,     3.88,     0.00,     1.77,     3.57,     0.00,     0.00,     0.00,     0.00,     0.22,     0.00,     0.65,     8.16,     7.49,     0.46,     0.00,    16.89,     1.75,     0.79,     0.00,     1.36,  -999.99,  -999.99,  -999.99
cty,30101,NY: Steuben County,1981,02,PRCP,     0.00,    11.62,     3.91,     0.00,     0.12,     0.00,     0.45,     0.00,     4.34,     0.00,     8.09,     6.78,     0.00,     0.00,     0.00,     0.00,     0.51,     0.00,     0.01,    16.39,     9.02,     0.64,     1.38,    20.49,     0.47,     0.05,     0.00,     1.81,  -999.99,  -999.99,  -999.99
cty,30103,NY: Suffolk County,1981,02,PRCP,     0.00,     2.25,    17.22,     0.00,     0.07,     0.00,     0.00,    10.28,     4.77,     0.00,     0.86,     8.16,     0.00,     0.00,     0.00,     0.00,     0.42,     0.00,     0.00,    21.73,    35.46,     7.63,     0.00,    20.04,     1.51,     7.32,     0.91,     0.00,  -999.99,  -999.99,  -999.99
cty,30105,NY: Sullivan County,1981,02,PRCP,     0.00,    33.97,    19.63,     0.00,     0.31,     0.00,     0.70,     0.14,    10.49,     0.00,    17.71,    23.66,     0.00,     0.00,     0.00,     0.00,     1.03,     0.00,     0.00,    15.64,    29.95,     4.00,     0.02,    20.92,     0.00,     0.57,     0.00,     0.00,  -999.99,  -999.99,  -999.99
cty,30107,NY: Tioga County,1981,02,PRCP,     0.00,    17.57,    10.19,     0.00,     0.24,     0.00,     0.23,     0.35,     8.05,     0.00,    14.25,    11.88,     0.00,     0.00,     0.00,     0.00,     0.04,     0.00,     0.00,     7.38,     8.47,     1.31,     0.16,    20.21,     1.35,     0.88,     0.00,     0.06,  -999.99,  -999.99,  -999.99
cty,30109,NY: Tompkins County,1981,02,PRCP,     0.00,    12.45,     9.89,     0.00,     0.28,     0.00,     0.35,     0.28,     7.54,     0.00,     6.81,    10.25,     0.00,     0.00,     0.00,     0.00,     0.14,     0.00,     0.00,     6.96,     8.51,     0.74,     0.03,    18.68,     1.66,     1.78,     0.00,     0.82,  -999.99,  -999.99,  -999.99
cty,30111,NY: Ulster County,1981,02,PRCP,     0.00,    34.50,    19.55,     0.00,     0.24,     0.00,     0.50,     0.41,     9.55,     0.00,    14.78,    27.03,     0.00,     0.00,     0.00,     0.00,     1.08,     0.00,     0.00,    24.58,    41.99,     4.88,     0.00,    26.63,     0.00,     1.62,     0.05,     0.00,  -999.99,  -999.99,  -999.99
cty,30113,NY: Warren County,1981,02,PRCP,     0.00,    37.09,    19.40,     0.00,     0.01,     0.00,     1.22,     0.77,    11.59,     0.06,     6.73,    22.74,     0.00,     0.00,     0.00,     0.00,     0.71,     0.00,     0.00,    10.13,    23.38,     1.71,     0.00,    17.94,    14.48,     8.65,     0.00,     0.00,  -999.99,  -999.99,  -999.99
cty,30115,NY: Washington County,1981,02,PRCP,     0.00,    24.32,    19.28,     0.00,     0.00,     0.00,     0.10,     0.34,    15.05,     0.00,     2.34,    20.37,     0.00,     0.00,     0.00,     0.00,     0.13,     0.00,     0.00,     6.11,     8.46,     0.24,     0.00,    16.08,    15.20,    18.53,     0.00,     0.04,  -999.99,  -999.99,  -999.99
cty,30117,NY: Wayne County,1981,02,PRCP,     0.00,     4.40,     2.69,     0.00,     0.39,     0.00,     0.29,     0.00,     2.64,     0.00,     0.92,     2.83,     0.00,     0.00,     0.00,     0.00,     0.91,     0.00,     2.16,    12.68,     7.81,     0.43,     0.00,    15.61,     1.43,     0.42,     0.00,     1.88,  -999.99,  -999.99,  -999.99
cty,30119,NY: Westchester County,1981,02,PRCP,     0.00,    10.52,    22.00,     0.00,     0.00,     0.00,     0.00,     4.20,     6.89,     0.00,     3.18,    26.70,     0.00,     0.00,     0.00,     0.00,     0.81,     0.00,     0.00,    30.60,    38.61,     7.86,     0.00,    25.19,     0.00,     4.62,     0.67,     0.00,  -999.99,  -999.99,  -999.99
cty,30121,NY: Wyoming County,1981,02,PRCP,     0.00,     7.24,     3.21,     0.36,     0.44,     0.00,     1.12,     0.00,     2.00,     0.00,     4.76,     4.58,     0.00,     0.00,     0.00,     0.00,     2.49,     0.00,     3.81,    18.42,     9.41,     1.07,     0.00,    14.37,     0.36,     0.10,     0.00,     5.53,  -999.99,  -999.99,  -999.99
cty,30123,NY: Yates County,1981,02,PRCP,     0.00,     5.65,     3.17,     0.00,     0.03,     0.00,     0.22,     0.00,     3.44,     0.00,     2.54,     4.56,     0.00,     0.00,     0.00,     0.00,     0.01,     0.00,     0.37,    13.22,     9.46,     0.73,     0.31,    17.76,     1.32,     0.23,     0.00,     1.83,  -999.99,  -999.99,  -999.99
cty,31001,NC: Alamance County,1981,02,PRCP,     0.00,    12.79,     0.79,     0.00,     0.00,     0.00,     0.00,     7.36,     0.26,     0.00,    38.96,     3.34,     0.00,     0.00,     0.00,     0.00,     0.00,     0.10,    10.80,    20.78,     0.01,     0.00,     0.43,     1.03,     0.00,     0.00,     0.00,     0.00,  -999.99,  -999.99,  -999.99
cty,31003,NC: Alexander County,1981,02,PRCP,     0.00,    12.59,     0.00,     0.00,     0.00,     0.00,     0.00,     1.61,     0.00,     0.00,    42.14,     1.14,     0.00,     0.00,     0.00,     0.00,     0.18,     5.93,     9.11,    14.19,     0.00,     0.00,     6.87,     0.05,     0.00,     0.00,     0.00,     0.00,  -999.99,  -999.99,  -999.99
cty,31005,NC: Alleghany County,1981,02,PRCP,     0.00,    31.85,     0.62,     0.00,     0.00,     0.00,     0.00,     1.43,     0.00,     0.00,    49.79,     4.52,     0.00,     0.00,     0.00,     0.00,     0.88,     4.49,     5.05,    11.93,     0.00,     0.00,    16.16,     2.20,     0.00,     0.00,     0.00,     0.00,  -999.99,  -999.99,  -999.99
cty,31007,NC: Anson County,1981,02,PRCP,     0.00,    10.44,     0.24,     0.00,     0.00,     0.00,     0.00,     4.84,     0.01,     0.00,    49.77,     2.94,     0.00,     0.00,     0.00,     0.00,     0.00,     0.44,     8.29,    18.61,     0.00,     0.00,     0.40,     0.00,     0.00,     0.00,     0.00,     0.00,  -999.99,  -999.99,  -999.99
cty,31009,NC: Ashe County,1981,02,PRCP,     0.00,    28.27,     1.08,     0.00,     0.00,     0.00,     0.00,     0.47,     0.40,     0.00,    45.48,     3.10,     0.00,     0.00,     0.00,     0.00,     1.67,     4.68,     4.11,    16.25,     0.66,     0.00,    16.10,     2.79,     0.00,     0.00,     0.00,     0.00,  -999.99,  -999.99,  -999.99
cty,31011,NC: Avery County,1981,02,PRCP,     0.04,    28.12,     0.91,     0.00,     0.00,     0.00,     0.00,     0.32,     0.38,     0.00,    51.25,     1.97,     0.00,     0.00,     0.00,     0.00,     1.92,     8.43,     5.12,    15.07,     0.91,     0.00,    14.49,     3.89,     0.00,     0.00,     0.00,     0.00,  -999.99,  -999.99,  -999.99
cty,31013,NC: Beaufort County,1981,02,PRCP,     0.01,     5.89,    16.11,     0.00,     0.00,     0.00,     0.36,     5.18,     0.00,     0.00,     3.39,    16.45,     0.00,     0.23,     0.03,     0.00,     0.00,     0.00,     4.03,     4.55,     6.85,     0.00,     0.01,     0.80,     0.00,     0.00,     0.00,     0.00,  -999.99,  -999.99,  -999.99
cty,31015,NC: Bertie County,1981,02,PRCP,     0.00,     4.69,    12.14,     0.00,     0.00,     0.00,     0.00,     8.56,     0.15,     0.00,     7.27,    14.57,     0.00,     0.00,     0.00,     0.00,     0.00,     0.00,     3.91,     7.21,     5.43,     0.00,     0.00,     1.36,     0.00,     0.00,     0.00,     0.00,  -999.99,  -999.99,  -999.99
cty,31017,NC: Bladen County,1981,02,PRCP,     0.00,    12.55,     1.77,     0.00,     0.00,     0.00,     0.32,     2.62,     0.00,     0.00,    13.13,    12.14,     0.00,     0.00,     0.00,     0.00,     0.00,     0.00,     4.49,    12.00,     1.04,     0.00,     0.00,     0.00,     0.00,     0.00,     0.00,     0.00,  -999.99,  -999.99,  -999.99
cty,31019,NC: Brunswick County,1981,02,PRCP,     0.00,    17.41,     3.60,     0.00,     0.00,     0.00,     0.98,     4.74,     0.00,     0.00,     7.70,    17.06,     0.00,     0.00,     0.00,     0.00,     0.00,     0.00,    10.63,    13.66,     0.70,     0.00,     0.00,     0.00,     0.00,     0.00,     0.00,     0.00,  -999.99,  -999.99,  -999.99
cty,31021,NC: Buncombe County,1981,02,PRCP,     0.00,    24.16,     0.12,     0.00,     0.00,     0.00,     0.00,     0.36,     0.09,     0.00,    52.68,     0.56,     0.00,     0.00,     0.00,     0.00,     0.70,    16.37,     6.28,     8.62,     0.09,     0.00,     9.89,     0.16,     0.00,     0.00,     0.00,     0.00,  -999.99,  -999.99,  -999.99
cty,31023,NC: Burke County,1981,02,PRCP,     0.00,    17.37,     0.01,     0.00,     0.00,     0.00,     0.00,     0.80,     0.00,     0.00,    45.07,     1.00,     0.00,     0.00,     0.00,     0.00,     0.17,    11.02,     9.43,    10.30,     0.06,     0.00,     9.05,     0.44,     0.00,     0.00,     0.00,     0.00,  -999.99,  -999.99,  -999.99
cty,31025,NC: Cabarrus County,1981,02,PRCP,     0.00,     8.67,     0.00,     0.00,     0.00,     0.00,     0.00,     4.42,     0.00,     0.00,    50.25,     1.65,     0.00,     0.00,     0.00,     0.00,     0.00,     1.83,    11.99,    19.48,     0.08,     0.00,     1.18,     0.35,     0.00,     0.00,     0.00,     0.00,  -999.99,  -999.99,  -999.99
cty,31027,NC: Caldwell County,1981,02,PRCP,     0.00,    21.73,     0.01,     0.00,     0.00,     0.00,     0.00,     1.12,     0.00,     0.00,    45.25,     1.81,     0.00,     0.00,     0.00,     0.00,     0.36,     8.76,     8.70,    12.04,     0.16,     0.00,    10.70,     1.20,     0.00,     0.00,     0.00,     0.00,  -999.99,  -999.99,  -999.99
cty,31029,NC: Camden County,1981,02,PRCP,     0.00,     1.97,    18.33,     0.00,     0.00,     0.00,     0.00,    11.38,     2.05,     0.00,     3.22,    11.47,     0.00,     0.00,     0.00,     0.00,     0.00,     0.00,     0.25,     2.77,    12.82,     1.94,     0.28,     3.08,     0.00,     0.00,     0.00,     0.00,  -999.99,  -999.99,  -999.99
cty,31031,NC: Carteret County,1981,02,PRCP,     0.00,     5.48,    14.51,     0.00,     0.00,     0.00,     1.12,     4.46,     0.00,     0.00,     0.12,    13.90,     0.00,     0.00,     0.00,     0.00,     0.00,     0.00,     2.73,     4.58,     4.61,     0.00,     0.00,     0.43,     0.00,     0.00,     0.00,     0.00,  -999.99,  -999.99,  -999.99
cty,31033,NC: Caswell County,1981,02,PRCP,     0.00,    13.65,     1.02,     0.00,     0.00,     0.00,     0.00,     6.23,     0.39,     0.00,    34.39,     2.25,     0.00,     0.00,     0.00,     0.00,     0.00,     0.02,     9.00,    21.08,     0.11,     0.00,     0.32,     1.62,     0.00,     0.00,     0.00,     0.00,  -999.99,  -999.99,  -999.99
cty,31035,NC: Catawba County,1981,02,PRCP,     0.15,     9.13,     0.00,     0.00,     0.00,     0.00,     0.00,     1.76,     0.00,     0.00,    41.53,     0.64,     0.00,     0.00,     0.00,     0.00,     0.00,     6.17,    10.65,    12.14,     0.00,     0.00,     4.72,     0.00,     0.00,     0.00,     0.00,     0.00,  -999.99,  -999.99,  -999.99
cty,31037,NC: Chatham County,1981,02,PRCP,     0.00,    10.71,     0.86,     0.00,     0.00,     0.00,     0.00,     7.27,     0.17,     0.00,    33.21,     6.63,     0.00,     0.00,     0.00,     0.00,     0.00,     0.20,     8.36,    21.82,     0.14,     0.00,     0.10,     0.46,     0.00,     0.00,     0.00,     0.00,  -999.99,  -999.99,  -999.99
cty,31039,NC: Cherokee County,1981,02,PRCP,     0.88,    38.20,     0.01,     0.00,     0.00,     0.00,     0.00,     2.43,     0.34,     0.00,    67.91,     1.21,     0.00,     0.00,     0.00,     0.00,     0.42,    17.77,    17.05,     4.00,     0.00,     0.00,     7.16,     0.00,     0.00,     0.00,     0.00,     0.00,  -999.99,  -999.99,  -999.99
cty,31041,NC: Chowan County,1981,02,PRCP,     0.00,     3.61,    17.12,     0.00,     0.00,     0.00,     0.00,    10.36,     0.77,     0.00,     5.09,    14.22,     0.00,     0.00,     0.00,     0.00,     0.00,     0.00,     1.88,     4.92,     9.24,     0.00,     0.00,     2.16,     0.00,     0.00,     0.00,     0.00,  -999.99,  -999.99,  -999.99
cty,31043,NC: Clay County,1981,02,PRCP,     0.39,    37.23,     0.00,     0.00,     0.00,     0.00,     0.00,     1.95,     0.52,     0.00,    77.21,     0.93,     0.00,     0.00,     0.00,     0.00,     0.67,    22.30,    15.50,     5.04,     0.00,     0.00,     8.43,     0.00,     0.00,     0.00,     0.00,     0.00,  -999.99,  -999.99,  -999.99
cty,31045,NC: Cleveland County,1981,02,PRCP,     0.00,    10.17,     0.00,     0.00,     0.00,     0.00,     0.00,     1.21,     0.00,     0.00,    42.88,     0.24,     0.00,     0.00,     0.00,     0.00,     0.00,     8.29,    13.06,     7.07,     0.00,     0.00,     4.98,     0.00,     0.00,     0.00,     0.00,     0.00,  -999.99,  -999.99,  -999.99
cty,31047,NC: Columbus County,1981,02,PRCP,     0.00,    15.41,     1.96,     0.00,     0.00,     0.00,     0.76,     3.26,     0.00,     0.00,    13.44,    15.11,     0.00,     0.00,     0.00,     0.00,     0.00,     0.00,     5.88,     7.93,     0.35,     0.00,     0.00,     0.00,     0.00,     0.00,     0.00,     0.00,  -999.99,  -999.99,  -999.99
cty,31049,NC: Craven County,1981,02,PRCP,     0.00,     7.44,    13.75,     0.00,     0.00,     0.00,     0.39,     3.65,     0.00,     0.00,     3.13,    17.20,     0.00,     0.00,     0.00,     0.00,     0.00,     0.00,     3.51,     6.74,     5.51,     0.00,     0.00,     0.18,     0.00,     0.00,     0.00,     0.00,  -999.99,  -999.99,  -999.99
cty,31051,NC: Cumberland County,1981,02,PRCP,     0.00,     9.89,     1.32,     0.00,     0.00,     0.00,     0.00,     3.73,     0.00,     0.00,    17.25,    13.10,     0.00,     0.00,     0.00,     0.00,     0.00,     0.02,     4.14,    15.74,     1.82,     0.00,     0.00,     0.00,     0.00,     0.00,     0.00,     0.00,  -999.99,  -999.99,  -999.99
cty,31053,NC: Currituck County,1981,02,PRCP,     0.00,     1.66,    19.71,     0.00,     0.00,     0.00,     0.00,    12.09,     2.73,     0.00,     2.29,    11.98,     0.00,     0.00,     0.00,     0.00,     0.00,     0.00,     0.00,     2.08,    13.30,     2.35,     0.24,     3.57,     0.00,     0.00,     0.00,     0.00,  -999.99,  -999.99,  -999.99
cty,31055,NC: Dare County,1981,02,PRCP,     0.00,     1.30,    17.39,     0.00,     0.00,     0.00,     1.51,     9.56,     1.81,     0.00,     0.00,     9.22,     0.00,     0.00,     0.00,     0.00,     0.00,     0.00,     0.18,     1.32,     7.11,     1.26,     0.00,     2.72,     0.00,     0.00,     0.00,     0.00,  -999.99,  -999.99,  -999.99
cty,31057,NC: Davidson County,1981,02,PRCP,     0.00,    11.11,     0.00,     0.00,     0.00,     0.00,     0.00,     4.69,     0.00,     0.00,    45.90,     1.45,     0.00,     0.00,     0.00,     0.00,     0.00,     1.30,    11.78,    20.20,     0.00,     0.00,     1.65,     0.51,     0.00,     0.00,     0.00,     0.00,  -999.99,  -999.99,  -999.99
cty,31059,NC: Davie County,1981,02,PRCP,     0.00,    10.07,     0.00,     0.00,     0.00,     0.00,     0.00,     2.95,     0.00,     0.00,    37.60,     1.40,     0.00,     0.00,     0.00,     0.00,     0.08,     1.71,     9.14,    15.71,     0.00,     0.00,     2.54,     0.22,     0.00,     0.00,     0.00,     0.00,  -999.99,  -999.99,  -999.99
cty,31061,NC: Duplin County,1981,02,PRCP,     0.00,    11.61,     4.93,     0.00,     0.00,     0.00,     0.01,     2.55,     0.00,     0.00,     9.30,    13.77,     0.00,     0.00,     0.00,     0.00,     0.00,     0.00,     5.01,    13.60,     2.08,     0.00,     0.00,     0.00,     0.00,     0.00,     0.00,     0.00,  -999.99,  -999.99,  -999.99
cty,31063,NC: Durham County,1981,02,PRCP,     0.00,     9.44,     1.45,     0.00,     0.00,     0.00,     0.00,     7.43,     0.31,     0.00,    24.01,     5.48,     0.00,     0.00,     0.00,     0.00,     0.00,     0.00,     4.67,    19.37,     0.22,     0.00,     0.00,     0.42,     0.00,     0.00,     0.00,     0.00,  -999.99,  -999.99,  -999.99
cty,31065,NC: Edgecombe County,1981,02,PRCP,     0.00,     7.28,     6.11,     0.00,     0.00,     0.00,     0.00,     8.76,     0.00,     0.00,    13.14,    13.97,     0.00,     0.00,     0.00,     0.00,     0.00,     0.00,     6.54,    17.73,     2.68,     0.00,     0.00,     0.52,     0.00,     0.00,     0.00,     0.00,  -999.99,  -999.99,  -999.99
cty,31067,NC: Forsyth County,1981,02,PRCP,     0.00,    12.80,     0.00,     0.00,     0.00,     0.00,     0.00,     3.30,     0.00,     0.00,    38.60,     1.69,     0.00,     0.00,     0.00,     0.00,     0.00,     0.98,     9.31,    16.08,     0.00,     0.00,     2.39,     0.55,     0.00,     0.00,     0.00,     0.00,  -999.99,  -999.99,  -999.99
cty,31069,NC: Franklin County,1981,02,PRCP,     0.00,     7.92,     2.11,     0.00,     0.00,     0.00,     0.00,     8.69,     0.00,     0.00,    16.65,     5.57,     0.00,     0.00,     0.00,     0.00,     0.00,     0.00,     3.60,    25.01,     0.75,     0.00,     0.00,     0.21,     0.00,     0.00,     0.00,     0.00,  -999.99,  -999.99,  -999.99
cty,31071,NC: Gaston County,1981,02,PRCP,     0.00,     7.54,     0.00,     0.00,     0.00,     0.00,     0.00,     2.06,     0.00,     0.00,    41.93,     0.50,     0.00,     0.00,     0.00,     0.00,     0.00,     3.58,    11.39,     8.46,     0.00,     0.00,     2.76,     0.00,     0.00,     0.00,     0.00,     0.00,  -999.99,  -999.99,  -999.99
cty,31073,NC: Gates County,1981,02,PRCP,     0.00,     3.17,    13.73,     0.00,     0.00,     0.00,     0.00,    10.78,     0.91,     0.00,     6.40,    12.66,     0.00,     0.00,     0.00,     0.00,     0.00,     0.00,     1.35,     5.51,     8.83,     0.62,     0.10,     2.28,     0.00,     0.00,     0.00,     0.00,  -999.99,  -999.99,  -999.99
cty,31075,NC: Graham County,1981,02,PRCP,     0.00,    45.15,     0.14,     0.00,     0.00,     0.00,     0.00,     2.91,     1.14,     0.00,    76.52,     1.71,     0.00,     0.00,     0.00,     0.00,     0.63,    16.08,    15.82,     6.43,     0.00,     0.00,     9.32,     0.00,     0.00,     0.00,     0.00,     0.00,  -999.99,  -999.99,  -999.99
cty,31077,NC: Granville County,1981,02,PRCP,     0.00,     9.98,     1.84,     0.00,     0.00,     0.00,     0.00,     8.04,     0.34,     0.00,    23.26,     4.44,     0.00,     0.00,     0.00,     0.00,     0.00,     0.00,     3.76,    19.33,     0.43,     0.00,     0.00,     0.51,     0.00,     0.00,     0.00,     0.00,  -999.99,  -999.99,  -999.99
cty,31079,NC: Greene County,1981,02,PRCP,     0.00,     7.72,     5.98,     0.00,     0.00,     0.00,     0.00,     4.98,     0.00,     0.00,    10.57,    13.60,     0.00,     0.00,     0.00,     0.00,     0.00,     0.00,     5.25,    14.82,     2.79,     0.00,     0.00,     0.10,     0.00,     0.00,     0.00,     0.00,  -999.99,  -999.99,  -999.99
cty,31081,NC: Guilford County,1981,02,PRCP,     0.00,    13.44,     0.22,     0.00,     0.00,     0.00,     0.00,     5.78,     0.01,     0.00,    43.92,     1.56,     0.00,     0.00,     0.00,     0.00,     0.00,     0.45,    12.91,    19.90,     0.00,     0.00,     1.55,     1.04,     0.00,     0.00,     0.00,     0.00,  -999.99,  -999.99,  -999.99
cty,31083,NC: Halifax County,1981,02,PRCP,     0.00,     7.25,     5.19,     0.00,     0.00,     0.00,     0.00,    10.57,     0.01,     0.00,    14.34,    13.59,     0.00,     0.00,     0.00,     0.00,     0.00,     0.00,     5.36,    19.05,     1.94,     0.00,     0.00,     0.65,     0.00,     0.00,     0.00,     0.00,  -999.99,  -999.99,  -999.99
cty,31085,NC: Harnett County,1981,02,PRCP,     0.00,    10.74,     1.59,     0.00,     0.00,     0.00,     0.00,     6.38,     0.00,     0.00,    23.45,    13.74,     0.00,     0.00,     0.00,     0.00,     0.00,     0.09,     5.73,    24.10,     1.55,     0.00,     0.00,     0.01,     0.00,     0.00,     0.00,     0.00,  -999.99,  -999.99,  -999.99
cty,31087,NC: Haywood County,1981,02,PRCP,     0.00,    32.94,     0.58,     0.00,     0.00,     0.00,     0.00,     0.69,     0.46,     0.00,    66.10,     2.02,     0.00,     0.00,     0.00,     0.00,     0.80,    14.31,     5.92,     8.56,     0.40,     0.00,    10.97,     0.24,     0.00,     0.00,     0.00,     0.00,  -999.99,  -999.99,  -999.99
cty,31089,NC: Henderson County,1981,02,PRCP,     0.00,    25.20,     0.00,     0.00,     0.00,     0.00,     0.00,     0.14,     0.00,     0.00,    65.75,     0.47,     0.00,     0.00,     0.00,     0.00,     0.36,    20.64,    12.14,     4.24,     0.00,     0.00,    12.31,     0.00,     0.00,     0.00,     0.00,     0.00,  -999.99,  -999.99,  -999.99
cty,31091,NC: Hertford County,1981,02,PRCP,     0.00,     4.14,    10.61,     0.00,     0.00,     0.00,     0.00,    10.03,     0.44,     0.00,     8.21,    13.80,     0.00,     0.00,     0.00,     0.00,     0.00,     0.00,     3.01,     7.86,     4.78,     0.00,     0.00,     1.65,     0.00,     0.00,     0.00,     0.00,  -999.99,  -999.99,  -999.99
cty,31093,NC: Hoke County,1981,02,PRCP,     0.00,     9.96,     0.87,     0.00,     0.00,     0.00,     0.00,     3.81,     0.00,     0.00,    23.31,    11.09,     0.00,     0.00,     0.00,     0.00,     0.00,     0.00,     4.28,    13.44,     1.35,     0.00,     0.00,     0.00,     0.00,     0.00,     0.00,     0.00,  -999.99,  -999.99,  -999.99
cty,31095,NC: Hyde County,1981,02,PRCP,     0.02,     2.39,    15.24,     0.00,     0.00,     0.00,     1.08,     6.47,     0.54,     0.00,     0.38,     9.99,     0.00,     0.00,     0.00,     0.00,     0.00,     0.01,     1.09,     1.77,     5.64,     0.26,     0.00,     1.47,     0.00,     0.00,     0.00,     0.00,  -999.99,  -999.99,  -999.99
cty,31097,NC: Iredell County,1981,02,PRCP,     0.03,     9.12,     0.00,     0.00,     0.00,     0.00,     0.00,     2.32,     0.00,     0.00,    39.44,     1.12,     0.00,     0.00,     0.00,     0.00,     0.04,     3.29,     9.53,    13.95,     0.00,     0.00,     3.56,     0.00,     0.00,     0.00,     0.00,     0.00,  -999.99,  -999.99,  -999.99
cty,31099,NC: Jackson County,1981,02,PRCP,     0.08,    34.02,     0.08,     0.00,     0.00,     0.00,     0.00,     1.24,     0.66,     0.00,    74.97,     0.64,     0.00,     0.00,     0.00,     0.00,     1.34,    24.84,    14.72,     6.02,     0.00,     0.00,    12.70,     0.01,     0.00,     0.00,     0.00,     0.00,  -999.99,  -999.99,  -999.99
cty,31101,NC: Johnston County,1981,02,PRCP,     0.00,    10.53,     2.75,     0.00,     0.00,     0.00,     0.00,     7.16,     0.00,     0.00,    19.04,    13.35,     0.00,     0.00,     0.00,     0.00,     0.00,     0.02,     4.90,    28.70,     0.76,     0.00,     0.00,     0.00,     0.00,     0.00,     0.00,     0.00,  -999.99,  -999.99,  -999.99
cty,31103,NC: Jones County,1981,02,PRCP,     0.00,     8.92,    11.21,     0.00,     0.00,     0.06,     0.21,     2.97,     0.00,     0.00,     4.47,    17.34,     0.00,     0.00,     0.00,     0.00,     0.00,     0.00,     3.16,     9.46,     4.58,     0.00,     0.00,     0.00,     0.00,     0.00,     0.00,     0.00,  -999.99,  -999.99,  -999.99
cty,31105,NC: Lee County,1981,02,PRCP,     0.00,    10.33,     0.99,     0.00,     0.00,     0.00,     0.00,     6.85,     0.01,     0.00,    29.57,     9.70,     0.00,     0.00,     0.00,     0.00,     0.00,     0.29,     7.24,    22.57,     1.02,     0.00,     0.00,     0.21,     0.00,     0.00,     0.00,     0.00,  -999.99,  -999.99,  -999.99
cty,31107,NC: Lenoir County,1981,02,PRCP,     0.00,     9.15,     7.52,     0.00,     0.00,     0.00,     0.02,     3.52,     0.00,     0.00,     8.85,    15.62,     0.00,     0.00,     0.00,     0.00,     0.00,     0.00,     4.47,    12.69,     3.36,     0.00,     0.00,     0.01,     0.00,     0.00,     0.00,     0.00,  -999.99,  -999.99,  -999.99
cty,31109,NC: Lincoln County,1981,02,PRCP,     0.00,     8.40,     0.00,     0.00,     0.00,     0.00,     0.00,     1.73,     0.00,     0.00,    41.21,     0.54,     0.00,     0.00,     0.00,     0.00,     0.00,     5.48,    11.02,    10.21,     0.00,     0.00,     3.87,     0.00,     0.00,     0.00,     0.00,     0.00,  -999.99,  -999.99,  -999.99
cty,31111,NC: McDowell County,1981,02,PRCP,     0.00,    25.00,     0.01,     0.00,     0.00,     0.00,     0.00,     0.43,     0.00,     0.00,    53.76,     1.29,     0.00,     0.00,     0.00,     0.00,     0.44,    14.17,    10.53,     8.09,     0.09,     0.00,    12.57,     0.59,     0.00,     0.00,     0.00,     0.00,  -999.99,  -999.99,  -999.99
cty,31113,NC: Macon County,1981,02,PRCP,     0.00,    35.48,     0.00,     0.00,     0.00,     0.00,     0.00,     1.37,     0.69,     0.00,    79.30,     0.86,     0.00,     0.00,     0.00,     0.00,     1.14,    26.08,    15.40,     5.84,     0.00,     0.00,    11.16,     0.00,     0.00,     0.00,     0.00,     0.00,  -999.99,  -999.99,  -999.99
cty,31115,NC: Madison County,1981,02,PRCP,     0.00,    23.28,     0.30,     0.00,     0.00,     0.00,     0.00,     0.82,     0.74,     0.00,    36.09,     1.92,     0.00,     0.00,     0.00,     0.00,     0.73,    10.83,     3.40,    10.12,     0.46,     0.00,     8.27,     0.39,     0.00,     0.00,     0.00,     0.00,  -999.99,  -999.99,  -999.99
cty,31117,NC: Martin County,1981,02,PRCP,     0.00,     5.72,    12.16,     0.00,     0.00,     0.00,     0.00,     7.08,     0.00,     0.00,     7.62,    15.78,     0.00,     0.01,     0.00,     0.00,     0.00,     0.00,     5.34,     7.54,     5.48,     0.00,     0.00,     1.05,     0.00,     0.00,     0.00,     0.00,  -999.99,  -999.99,  -999.99
cty,31119,NC: Mecklenburg County,1981,02,PRCP,     0.00,     8.61,     0.00,     0.00,     0.00,     0.00,     0.00,     3.70,     0.00,     0.00,    53.26,     1.07,     0.00,     0.00,     0.00,     0.00,     0.00,     1.88,    12.22,    13.46,     0.00,     0.00,     1.74,     0.00,     0.00,     0.00,     0.00,     0.00,  -999.99,  -999.99,  -999.99
cty,31121,NC: Mitchell County,1981,02,PRCP,     0.00,    26.69,     0.86,     0.00,     0.00,     0.00,     0.00,     0.31,     1.14,     0.00,    43.48,     3.72,     0.00,     0.00,     0.00,     0.00,     1.30,     8.72,     3.57,    14.31,     1.43,     0.00,    12.33,     1.50,     0.00,     0.00,     0.00,     0.00,  -999.99,  -999.99,  -999.99
cty,31123,NC: Montgomery County,1981,02,PRCP,     0.00,    11.66,     0.06,     0.00,     0.00,     0.00,     0.00,     6.17,     0.01,     0.00,    51.61,     2.60,     0.00,     0.00,     0.00,     0.00,     0.00,     1.16,    11.63,    25.50,     0.02,     0.00,     0.62,     0.28,     0.00,     0.00,     0.00,     0.00,  -999.99,  -999.99,  -999.99
cty,31125,NC: Moore County,1981,02,PRCP,     0.00,    10.55,     0.59,     0.00,     0.00,     0.00,     0.00,     5.63,     0.00,     0.00,    35.97,     6.87,     0.00,     0.00,     0.00,     0.00,     0.00,     0.51,     7.69,    20.13,     0.70,     0.00,     0.07,     0.20,     0.00,     0.00,     0.00,     0.00,  -999.99,  -999.99,  -999.99
cty,31127,NC: Nash County,1981,02,PRCP,     0.00,     8.74,     3.33,     0.00,     0.00,     0.00,     0.00,    10.46,     0.00,     0.00,    16.60,    10.48,     0.00,     0.00,     0.00,     0.00,     0.00,     0.00,     5.33,    28.84,     1.31,     0.00,     0.00,     0.22,     0.00,     0.00,     0.00,     0.00,  -999.99,  -999.99,  -999.99
cty,31129,NC: New Hanover County,1981,02,PRCP,     0.00,    16.10,     4.92,     0.00,     0.00,     0.18,     0.57,     4.87,     0.00,     0.00,     3.17,    14.02,     0.00,     0.00,     0.00,     0.00,     0.00,     0.00,    11.87,    21.73,     1.70,     0.00,     0.00,     0.00,     0.00,     0.00,     0.00,     0.00,  -999.99,  -999.99,  -999.99
cty,31131,NC: Northampton County,1981,02,PRCP,     0.00,     5.78,     6.86,     0.00,     0.00,     0.00,     0.00,    10.19,     0.07,     0.00,    12.14,    14.69,     0.00,     0.00,     0.00,     0.00,     0.00,     0.00,     4.32,    13.13,     2.66,     0.00,     0.00,     1.05,     0.00,     0.00,     0.00,     0.00,  -999.99,  -999.99,  -999.99
cty,31133,NC: Onslow County,1981,02,PRCP,     0.00,    10.57,     9.38,     0.00,     0.00,     0.00,     0.38,     3.11,     0.00,     0.00,     3.54,    15.92,     0.00,     0.00,     0.00,     0.00,     0.00,     0.00,     4.71,    11.79,     3.57,     0.00,     0.00,     0.00,     0.00,     0.00,     0.00,     0.00,  -999.99,  -999.99,  -999.99
cty,31135,NC: Orange County,1981,02,PRCP,     0.00,    10.57,     1.11,     0.00,     0.00,     0.00,     0.00,     6.76,     0.39,     0.00,    28.89,     4.74,     0.00,     0.00,     0.00,     0.00,     0.00,     0.00,     6.41,    17.39,     0.08,     0.00,     0.00,     0.73,     0.00,     0.00,     0.00,     0.00,  -999.99,  -999.99,  -999.99
cty,31137,NC: Pamlico County,1981,02,PRCP,     0.00,     5.60,    16.07,     0.00,     0.00,     0.00,     0.80,     4.26,     0.00,     0.00,     0.47,    15.11,     0.00,     0.04,     0.00,     0.00,     0.00,     0.00,     2.82,     3.82,     5.89,     0.00,     0.00,     0.56,     0.00,     0.00,     0.00,     0.00,  -999.99,  -999.99,  -999.99
cty,31139,NC: Pasquotank County,1981,02,PRCP,     0.00,     2.21,    18.08,     0.00,     0.00,     0.00,     0.00,    10.94,     1.64,     0.00,     3.33,    11.63,     0.00,     0.00,     0.00,     0.00,     0.00,     0.00,     0.53,     3.03,    11.76,     1.61,     0.15,     2.79,     0.00,     0.00,     0.00,     0.00,  -999.99,  -999.99,  -999.99
cty,31141,NC: Pender County,1981,02,PRCP,     0.00,    14.33,     5.00,     0.00,     0.00,     0.05,     0.38,     3.60,     0.00,     0.00,     5.25,    13.74,     0.00,     0.00,     0.00,     0.00,     0.00,     0.00,     8.28,    18.00,     1.98,     0.00,     0.00,     0.00,     0.00,     0.00,     0.00,     0.00,  -999.99,  -999.99,  -999.99
cty,31143,NC: Perquimans County,1981,02,PRCP,     0.00,     2.90,    17.89,     0.00,     0.00,     0.00,     0.00,    10.73,     1.15,     0.00,     4.17,    12.91,     0.00,     0.00,     0.00,     0.00,     0.00,     0.00,     1.10,     3.95,    10.61,     0.98,     0.00,     2.47,     0.00,     0.00,     0.00,     0.00,  -999.99,  -999.99,  -999.99
cty,31145,NC: Person County,1981,02,PRCP,     0.00,    11.67,     1.47,     0.00,     0.00,     0.00,     0.00,     7.07,     0.53,     0.00,    28.50,     3.24,     0.00,     0.00,     0.00,     0.00,     0.00,     0.00,     5.11,    16.04,     0.36,     0.00,     0.00,     0.98,     0.00,     0.00,     0.00,     0.00,  -999.99,  -999.99,  -999.99
cty,31147,NC: Pitt County,1981,02,PRCP,     0.00,     6.99,     9.79,     0.00,     0.00,     0.00,     0.00,     5.32,     0.00,     0.03,     9.33,    16.06,     0.00,     0.06,     0.00,     0.00,     0.00,     0.02,     6.47,     9.53,     4.81,     0.00,     0.00,     0.64,     0.00,     0.00,     0.00,     0.00,  -999.99,  -999.99,  -999.99
cty,31149,NC: Polk County,1981,02,PRCP,     0.00,    18.84,     0.00,     0.00,     0.00,     0.00,     0.00,     0.28,     0.00,     0.00,    56.91,     1.02,     0.00,     0.00,     0.00,     0.00,     0.01,    17.68,    14.55,     3.55,     0.00,     0.00,    10.87,     0.00,     0.00,     0.00,     0.00,     0.00,  -999.99,  -999.99,  -999.99
cty,31151,NC: Randolph County,1981,02,PRCP,     0.00,    11.82,     0.05,     0.00,     0.00,     0.00,     0.00,     6.61,     0.00,     0.00,    48.32,     2.24,     0.00,     0.00,     0.00,     0.00,     0.00,     0.92,    12.91,    22.04,     0.00,     0.00,     1.08,     0.66,     0.00,     0.00,     0.00,     0.00,  -999.99,  -999.99,  -999.99
cty,31153,NC: Richmond County,1981,02,PRCP,     0.00,    10.43,     0.51,     0.00,     0.00,     0.00,     0.00,     4.38,     0.01,     0.00,    36.98,     5.25,     0.00,     0.00,     0.00,     0.00,     0.00,     0.30,     5.81,    15.67,     0.05,     0.00,     0.10,     0.01,     0.00,     0.00,     0.00,     0.00,  -999.99,  -999.99,  -999.99
cty,31155,NC: Robeson County,1981,02,PRCP,     0.00,    11.02,     1.09,     0.00,     0.00,     0.00,     0.01,     2.44,     0.00,     0.00,    17.18,    11.72,     0.00,     0.00,     0.00,     0.00,     0.00,     0.00,     2.70,     6.87,     0.57,     0.00,     0.00,     0.00,     0.00,     0.00,     0.00,     0.00,  -999.99,  -999.99,  -999.99
cty,31157,NC: Rockingham County,1981,02,PRCP,     0.00,    15.42,     0.43,     0.00,     0.00,     0.00,     0.00,     4.42,     0.09,     0.00,    38.17,     1.50,     0.00,     0.00,     0.00,     0.00,     0.00,     0.26,    11.32,    20.06,     0.01,     0.00,     1.60,     1.59,     0.00,     0.00,     0.00,     0.00,  -999.99,  -999.99,  -999.99
cty,31159,NC: Rowan County,1981,02,PRCP,     0.00,     9.30,     0.00,     0.00,     0.00,     0.00,     0.00,     3.95,     0.00,     0.00,    46.02,     1.47,     0.00,     0.00,     0.00,     0.00,     0.00,     2.01,    11.39,    19.38,     0.00,     0.00,     1.79,     0.32,     0.00,     0.00,     0.00,     0.00,  -999.99,  -999.99,  -999.99
cty,31161,NC: Rutherford County,1981,02,PRCP,     0.00,    14.62,     0.00,     0.00,     0.00,     0.00,     0.00,     0.62,     0.00,     0.00,    46.23,     0.48,     0.00,     0.00,     0.00,     0.00,     0.04,    13.06,    12.43,     6.24,     0.00,     0.00,     7.78,     0.00,     0.00,     0.00,     0.00,     0.00,  -999.99,  -999.99,  -999.99
cty,31163,NC: Sampson County,1981,02,PRCP,     0.00,    10.80,     2.36,     0.00,     0.00,     0.00,     0.02,     3.22,     0.00,     0.00,    13.10,    12.34,     0.00,     0.00,     0.00,     0.00,     0.00,     0.00,     4.43,    15.93,     1.24,     0.00,     0.00,     0.00,     0.00,     0.00,     0.00,     0.00,  -999.99,  -999.99,  -999.99
cty,31165,NC: Scotland County,1981,02,PRCP,     0.00,     9.71,     0.75,     0.00,     0.00,     0.00,     0.00,     3.01,     0.00,     0.00,    23.99,     8.39,     0.00,     0.00,     0.00,     0.00,     0.00,     0.00,     3.16,     9.07,     0.25,     0.00,     0.00,     0.00,     0.00,     0.00,     0.00,     0.00,  -999.99,  -999.99,  -999.99
cty,31167,NC: Stanly County,1981,02,PRCP,     0.00,    10.40,     0.00,     0.00,     0.00,     0.00,     0.00,     5.58,     0.00,     0.00,    55.78,     1.47,     0.00,     0.00,     0.00,     0.00,     0.00,     1.50,    13.07,    25.64,     0.00,     0.00,     0.78,     0.24,     0.00,     0.00,     0.00,     0.00,  -999.99,  -999.99,  -999.99
cty,31169,NC: Stokes County,1981,02,PRCP,     0.00,    17.75,     0.00,     0.00,     0.00,     0.00,     0.00,     2.23,     0.02,     0.00,    35.81,     2.91,     0.00,     0.00,     0.00,     0.00,     0.10,     0.80,     6.61,    12.23,     0.00,     0.00,     3.11,     0.77,     0.00,     0.00,     0.00,     0.00,  -999.99,  -999.99,  -999.99
cty,31171,NC: Surry County,1981,02,PRCP,     0.00,    23.75,     0.00,     0.00,     0.00,     0.00,     0.00,     2.05,     0.07,     0.00,    40.27,     3.73,     0.00,     0.00,     0.00,     0.00,     0.47,     2.04,     6.40,     9.65,     0.00,     0.00,     7.51,     0.80,     0.00,     0.00,     0.00,     0.00,  -999.99,  -999.99,  -999.99
cty,31173,NC: Swain County,1981,02,PRCP,     0.00,    43.94,     0.54,     0.00,     0.00,     0.00,     0.00,     2.34,     1.11,     0.00,    75.08,     1.97,     0.00,     0.00,     0.00,     0.00,     0.72,    16.67,    11.84,     8.69,     0.40,     0.00,    10.98,     0.50,     0.00,     0.00,     0.02,     0.00,  -999.99,  -999.99,  -999.99
cty,31175,NC: Transylvania County,1981,02,PRCP,     0.16,    32.93,     0.02,     0.00,     0.00,     0.00,     0.00,     0.37,     0.01,     0.00,    79.19,     0.53,     0.00,     0.00,     0.00,     0.00,     1.67,    27.31,    21.38,     5.39,     0.00,     0.00,    16.26,     0.00,     0.00,     0.00,     0.00,     0.00,  -999.99,  -999.99,  -999.99
cty,31177,NC: Tyrrell County,1981,02,PRCP,     0.00,     2.32,    17.74,     0.00,     0.00,     0.00,     0.71,     8.69,     1.03,     0.00,     1.32,    11.22,     0.00,     0.00,     0.00,     0.00,     0.00,     0.00,     0.89,     2.14,     7.95,     0.70,     0.00,     2.11,     0.00,     0.00,     0.00,     0.00,  -999.99,  -999.99,  -999.99
cty,31179,NC: Union County,1981,02,PRCP,     0.00,     9.55,     0.00,     0.00,     0.00,     0.00,     0.00,     4.58,     0.00,     0.00,    57.93,     1.30,     0.00,     0.00,     0.00,     0.00,     0.00,     0.49,    10.57,    14.36,     0.00,     0.00,     0.79,     0.00,     0.00,     0.00,     0.00,     0.00,  -999.99,  -999.99,  -999.99
cty,31181,NC: Vance County,1981,02,PRCP,     0.00,     9.30,     2.14,     0.00,     0.00,     0.00,     0.00,     8.80,     0.26,     0.00,    20.52,     5.30,     0.00,     0.00,     0.00,     0.00,     0.00,     0.00,     3.44,    21.67,     0.56,     0.00,     0.00,     0.40,     0.00,     0.00,     0.00,     0.00,  -999.99,  -999.99,  -999.99
cty,31183,NC: Wake County,1981,02,PRCP,     0.00,     9.11,     1.93,     0.00,     0.00,     0.00,     0.00,     7.96,     0.02,     0.00,    21.27,     8.18,     0.00,     0.00,     0.00,     0.00,     0.00,     0.00,     4.31,    27.40,     0.53,     0.00,     0.00,     0.18,     0.00,     0.00,     0.00,     0.00,  -999.99,  -999.99,  -999.99
cty,31185,NC: Warren County,1981,02,PRCP,     0.00,     7.62,     2.25,     0.00,     0.00,     0.00,     0.00,     9.23,     0.06,     0.00,    15.73,     6.97,     0.00,     0.00,     0.00,     0.00,     0.00,     0.00,     3.50,    20.65,     0.75,     0.00,     0.00,     0.37,     0.00,     0.00,     0.00,     0.00,  -999.99,  -999.99,  -999.99
cty,31187,NC: Washington County,1981,02,PRCP,     0.00,     4.06,    18.36,     0.00,     0.00,     0.00,     0.13,     8.46,     0.36,     0.00,     3.36,    14.88,     0.00,     0.00,     0.00,     0.00,     0.00,     0.00,     2.43,     3.88,     8.44,     0.00,     0.00,     1.71,     0.00,     0.00,     0.00,     0.00,  -999.99,  -999.99,  -999.99
cty,31189,NC: Watauga County,1981,02,PRCP,     0.00,    28.77,     0.95,     0.00,     0.00,     0.00,     0.00,     0.45,     0.22,     0.00,    49.84,     2.46,     0.00,     0.00,     0.00,     0.00,     1.76,     6.61,     5.01,    16.84,     0.74,     0.00,    15.85,     4.30,     0.00,     0.00,     0.00,     0.00,  -999.99,  -999.99,  -999.99
cty,31191,NC: Wayne County,1981,02,PRCP,     0.00,     9.35,     3.95,     0.00,     0.00,     0.00,     0.00,     4.78,     0.00,     0.00,    12.85,    13.08,     0.00,     0.00,     0.00,     0.00,     0.00,     0.00,     4.64,    19.44,     1.52,     0.00,     0.00,     0.00,     0.00,     0.00,     0.00,     0.00,  -999.99,  -999.99,  -999.99
cty,31193,NC: Wilkes County,1981,02,PRCP,     0.00,    24.16,     0.02,     0.00,     0.00,     0.00,     0.00,     1.91,     0.00,     0.00,    45.01,     3.48,     0.00,     0.00,     0.00,     0.00,     0.40,     5.06,     7.65,    13.47,     0.05,     0.00,    11.22,     1.00,     0.00,     0.00,     0.00,     0.00,  -999.99,  -999.99,  -999.99
cty,31195,NC: Wilson County,1981,02,PRCP,     0.00,     8.35,     3.80,     0.00,     0.00,     0.00,     0.00,     8.07,     0.02,     0.00,    14.26,    11.76,     0.00,     0.00,     0.00,     0.00,     0.00,     0.00,     5.33,    25.62,     1.57,     0.00,     0.00,     0.06,     0.00,     0.00,     0.00,     0.00,  -999.99,  -999.99,  -999.99
cty,31197,NC: Yadkin County,1981,02,PRCP,     0.00,    13.84,     0.00,     0.00,     0.00,     0.00,     0.00,     2.14,     0.00,     0.00,    36.71,     2.09,     0.00,     0.00,     0.00,     0.00,     0.20,     2.02,     7.54,    12.85,     0.00,     0.00,     4.50,     0.09,     0.00,     0.00,     0.00,     0.00,  -999.99,  -999.99,  -999.99
cty,31199,NC: Yancey County,1981,02,PRCP,     0.00,    27.89,     0.58,     0.00,     0.00,     0.00,     0.00,     0.43,     0.83,     0.00,    49.61,     2.29,     0.00,     0.00,     0.00,     0.00,     1.25,    11.68,     4.44,    13.06,     0.97,     0.00,    12.17,     1.31,     0.00,     0.00,     0.00,     0.00,  -999.99,  -999.99,  -999.99
cty,32001,ND: Adams County,1981,02,PRCP,     2.63,     0.00,     0.00,     0.00,     0.00,     0.00,     0.08,     0.00,     0.06,     0.00,     0.00,     0.00,     0.00,     0.00,     0.00,     0.00,     0.00,     0.00,     0.41,     0.00,     0.00,     0.00,     0.00,     0.00,     0.00,     0.00,     0.00,     0.13,  -999.99,  -999.99,  -999.99
cty,32003,ND: Barnes County,1981,02,PRCP,     0.65,     0.00,     0.00,     0.00,     0.34,     0.00,     1.85,     0.03,     0.09,     0.00,     0.00,     0.00,     0.00,     0.00,     0.00,     0.00,     0.00,     0.00,     0.00,     0.00,     0.00,     0.00,     0.00,     0.00,     0.00,     0.00,     0.45,     5.42,  -999.99,  -999.99,  -999.99
cty,32005,ND: Benson County,1981,02,PRCP,     1.40,     0.13,     0.00,     0.00,     0.30,     0.00,     1.38,     1.87,     0.00,     0.00,     0.00,     0.00,     0.00,     0.00,     0.00,     0.00,     0.00,     0.00,     0.00,     0.00,     0.00,     0.00,     0.00,     0.00,     0.00,     0.00,     7.70,     6.17,  -999.99,  -999.99,  -999.99
cty,32007,ND: Billings County,1981,02,PRCP,     0.69,     0.00,     0.00,     0.00,     0.29,     0.00,     0.39,     0.00,     0.08,     0.00,     0.00,     0.00,     0.00,     0.00,     0.00,     0.00,     0.00,     0.00,     0.00,     0.00,     0.00,     0.00,     0.00,     0.00,     0.00,     0.00,     0.00,     0.00,  -999.99,  -999.99,  -999.99
cty,32009,ND: Bottineau County,1981,02,PRCP,     0.00,     0.00,     0.00,     0.00,     0.89,     0.00,     1.35,     0.01,     0.00,     0.00,     0.00,     0.00,     0.00,     0.00,     0.00,     0.00,     0.00,     0.00,     0.00,     0.00,     0.00,     0.00,     0.00,     0.00,     0.00,     0.00,     0.00,     1.26,  -999.99,  -999.99,  -999.99
cty,32011,ND: Bowman County,1981,02,PRCP,     1.69,     0.00,     0.00,     0.00,     0.03,     0.00,     0.33,     0.23,     0.01,     0.86,     0.00,     0.00,     0.00,     0.00,     0.00,     0.00,     0.00,     0.00,     0.16,     0.00,     0.00,     0.00,     0.00,     0.00,     0.00,     0.00,     0.00,     0.04,  -999.99,  -999.99,  -999.99
cty,32013,ND: Burke County,1981,02,PRCP,     0.00,     0.00,     0.00,     0.00,     0.80,     0.00,     4.30,     1.25,     0.85,     0.00,     0.00,     0.00,     0.00,     0.00,     0.00,     0.00,     0.00,     0.00,     0.00,     0.03,     2.76,     0.00,     0.00,     0.00,     0.00,     0.00,     0.00,     0.12,  -999.99,  -999.99,  -999.99
cty,32015,ND: Burleigh County,1981,02,PRCP,     0.21,     0.00,     0.00,     0.00,     0.38,     0.00,     0.93,     0.00,     0.44,     0.00,     0.00,     0.00,     0.00,     0.00,     0.00,     0.00,     0.00,     0.00,     0.00,     0.00,     0.00,     0.00,     0.00,     0.00,     0.00,     0.00,     5.83,     2.95,  -999.99,  -999.99,  -999.99
cty,32017,ND: Cass County,1981,02,PRCP,     0.70,     0.01,     0.00,     0.00,     0.00,     0.00,     1.05,     0.65,     0.00,     0.00,     0.00,     0.00,     0.00,     0.00,     0.00,     0.00,     0.00,     0.00,     0.00,     0.00,     0.00,     0.00,     0.00,     0.00,     0.00,     0.00,     0.09,     6.51,  -999.99,  -999.99,  -999.99
cty,32019,ND: Cavalier County,1981,02,PRCP,     2.33,     0.00,     0.00,     0.00,     0.00,     0.00,     1.10,     1.44,     0.00,     0.00,     0.00,     0.00,     0.00,     0.00,     0.00,     0.00,     0.00,     0.00,     0.00,     0.00,     0.00,     0.00,     0.00,     0.00,     0.00,     0.00,     0.77,     6.61,  -999.99,  -999.99,  -999.99
cty,32021,ND: Dickey County,1981,02,PRCP,     0.00,     0.00,     0.00,     0.00,     0.13,     0.00,     0.83,     0.00,     0.00,     0.00,     0.00,     0.00,     0.00,     0.00,     0.00,     0.00,     0.00,     0.00,     0.04,     0.00,     0.00,     0.00,     0.00,     0.00,     0.00,     0.00,     0.00,     2.38,  -999.99,  -999.99,  -999.99
cty,32023,ND: Divide County,1981,02,PRCP,     0.12,     0.00,     0.00,     0.00,     0.61,     0.00,     2.56,     0.93,     1.13,     0.00,     0.00,     0.01,     0.00,     0.00,     0.00,     0.00,     0.00,     0.00,     0.00,     0.00,     4.40,     0.00,     0.00,     0.00,     0.00,     0.00,     0.00,     0.00,  -999.99,  -999.99,  -999.99
cty,32025,ND: Dunn County,1981,02,PRCP,     1.55,     0.00,     0.00,     0.00,     0.68,     0.10,     1.15,     0.00,     1.00,     0.00,     0.00,     0.00,     0.00,     0.00,     0.00,     0.00,     0.00,     0.00,     0.00,     0.00,     0.00,     0.00,     0.00,     0.00,     0.05,     0.00,     0.12,     1.19,  -999.99,  -999.99,  -999.99
cty,32027,ND: Eddy County,1981,02,PRCP,     1.43,     0.00,     0.00,     0.00,     0.30,     0.00,     2.26,     1.08,     0.02,     0.00,     0.00,     0.00,     0.00,     0.00,     0.00,     0.00,     0.00,     0.00,     0.00,     0.00,     0.00,     0.00,     0.00,     0.00,     0.00,     0.00,     5.80,     7.52,  -999.99,  -999.99,  -999.99
cty,32029,ND: Emmons County,1981,02,PRCP,     0.00,     0.00,     0.00,     0.00,     0.34,     0.00,     0.54,     0.00,     0.55,     0.00,     0.00,     0.00,     0.00,     0.00,     0.00,     0.00,     0.00,     0.00,     0.00,     0.00,     0.00,     0.00,     0.00,     0.00,     0.00,     0.00,     1.13,     2.09,  -999.99,  -999.99,  -999.99
cty,32031,ND: Foster County,1981,02,PRCP,     1.02,     0.00,     0.00,     0.00,     0.29,     0.01,     2.27,     0.04,     0.01,     0.00,     0.00,     0.00,     0.00,     0.00,     0.00,     0.00,     0.00,     0.00,     0.00,     0.00,     0.00,     0.00,     0.00,     0.00,     0.00,     0.00,     4.52,     5.97,  -999.99,  -999.99,  -999.99
cty,32033,ND: Golden Valley County,1981,02,PRCP,     1.78,     0.00,     0.00,     0.00,     0.35,     0.04,     0.95,     0.60,     0.09,     0.05,     0.00,     0.00,     0.00,     0.00,     0.00,     0.00,     0.00,     0.08,     0.00,     0.00,     0.00,     0.00,     0.00,     0.00,     0.00,     0.00,     0.00,     0.00,  -999.99,  -999.99,  -999.99
cty,32035,ND: Grand Forks County,1981,02,PRCP,     1.64,     0.00,     0.00,     0.00,     0.00,     0.00,     1.09,     1.48,     0.00,     0.00,     0.00,     0.00,     0.00,     0.00,     0.00,     0.00,     0.00,     0.00,     0.00,     0.00,     0.00,     0.00,     0.00,     0.00,     0.00,     0.00,     0.00,    12.14,  -999.99,  -999.99,  -999.99
cty,32037,ND: Grant County,1981,02,PRCP,     0.68,     0.00,     0.00,     0.00,     0.02,     0.00,     0.11,     0.00,     0.36,     0.00,     0.00,     0.00,     0.00,     0.00,     0.00,     0.00,     0.00,     0.00,     0.00,     0.00,     0.00,     0.00,     0.00,     0.00,     0.00,     0.00,     1.97,     5.43,  -999.99,  -999.99,  -999.99
cty,32039,ND: Griggs County,1981,02,PRCP,     1.06,     0.00,     0.00,     0.00,     0.26,     0.00,     2.54,     0.41,     0.00,     0.00,     0.00,     0.00,     0.00,     0.00,     0.00,     0.00,     0.00,     0.00,     0.00,     0.00,     0.00,     0.00,     0.00,     0.00,     0.00,     0.00,     1.53,     8.08,  -999.99,  -999.99,  -999.99
cty,32041,ND: Hettinger County,1981,02,PRCP,     1.03,     0.00,     0.00,     0.00,     0.01,     0.00,     0.12,     0.00,     0.01,     0.00,     0.00,     0.00,     0.00,     0.00,     0.00,     0.00,     0.00,     0.00,     0.01,     0.00,     0.00,     0.00,     0.00,     0.00,     0.00,     0.00,     0.00,     0.73,  -999.99,  -999.99,  -999.99
cty,32043,ND: Kidder County,1981,02,PRCP,     0.31,     0.00,     0.00,     0.00,     0.37,     0.00,     1.17,     0.00,     0.05,     0.00,     0.00,     0.00,     0.00,     0.00,     0.00,     0.00,     0.00,     0.00,     0.00,     0.00,     0.00,     0.00,     0.00,     0.00,     0.00,     0.00,     4.72,     2.27,  -999.99,  -999.99,  -999.99
cty,32045,ND: LaMoure County,1981,02,PRCP,     0.01,     0.00,     0.00,     0.00,     0.50,     0.00,     1.65,     0.00,     0.35,     0.00,     0.00,     0.00,     0.00,     0.00,     0.00,     0.00,     0.00,     0.00,     0.00,     0.00,     0.00,     0.00,     0.00,     0.00,     0.00,     0.00,     0.66,     4.30,  -999.99,  -999.99,  -999.99
cty,32047,ND: Logan County,1981,02,PRCP,     0.02,     0.00,     0.00,     0.00,     0.44,     0.00,     1.05,     0.00,     0.58,     0.00,     0.00,     0.00,     0.00,     0.00,     0.00,     0.00,     0.00,     0.00,     0.00,     0.00,     0.00,     0.00,     0.00,     0.00,     0.00,     0.00,     1.15,     2.69,  -999.99,  -999.99,  -999.99
cty,32049,ND: McHenry County,1981,02,PRCP,     0.34,     0.00,     0.00,     0.00,     0.75,     0.00,     2.04,     0.00,     0.00,     0.00,     0.00,     0.00,     0.00,     0.00,     0.00,     0.00,     0.00,     0.00,     0.00,     0.00,     0.00,     0.00,     0.00,     0.00,     0.00,     0.00,     3.54,     2.64,  -999.99,  -999.99,  -999.99
cty,32051,ND: McIntosh County,1981,02,PRCP,     0.00,     0.00,     0.00,     0.00,     0.33,     0.00,     0.55,     0.00,     0.40,     0.00,     0.00,     0.00,     0.00,     0.00,     0.00,     0.00,     0.00,     0.00,     0.00,     0.00,     0.00,     0.00,     0.00,     0.00,     0.00,     0.00,     0.00,     1.57,  -999.99,  -999.99,  -999.99
cty,32053,ND: McKenzie County,1981,02,PRCP,     1.34,     0.00,     0.00,     0.00,     1.00,     0.03,     1.83,     0.55,     0.72,     0.00,     0.00,     0.00,     0.00,     0.00,     0.00,     0.00,     0.00,     0.00,     0.00,     0.32,     0.40,     0.00,     0.00,     0.00,     0.00,     0.00,     0.00,     0.07,  -999.99,  -999.99,  -999.99
cty,32055,ND: McLean County,1981,02,PRCP,     1.09,     0.00,     0.00,     0.00,     0.65,     0.00,     1.64,     0.08,     0.44,     0.00,     0.00,     0.00,     0.00,     0.00,     0.00,     0.00,     0.00,     0.00,     0.00,     0.00,     0.00,     0.00,     0.00,     0.00,     0.00,     0.00,     5.55,     3.13,  -999.99,  -999.99,  -999.99
cty,32057,ND: Mercer County,1981,02,PRCP,     1.30,     0.00,     0.00,     0.00,     0.51,     0.00,     0.84,     0.00,     0.82,     0.00,     0.00,     0.00,     0.00,     0.00,     0.00,     0.00,     0.00,     0.00,     0.00,     0.00,     0.00,     0.00,     0.00,     0.00,     0.00,     0.00,     5.98,     2.23,  -999.99,  -999.99,  -999.99
cty,32059,ND: Morton County,1981,02,PRCP,     0.85,     0.00,     0.00,     0.00,     0.39,     0.00,     0.54,     0.00,     0.93,     0.00,     0.00,     0.00,     0.00,     0.00,     0.00,     0.00,     0.00,     0.00,     0.00,     0.00,     0.00,     0.00,     0.00,     0.00,     0.00,     0.00,     5.41,     6.23,  -999.99,  -999.99,  -999.99
cty,32061,ND: Mountrail County,1981,02,PRCP,     1.17,     0.00,     0.00,     0.00,     0.85,     0.00,     3.32,     0.77,     0.62,     0.00,     0.00,     0.01,     0.00,     0.00,     0.00,     0.00,     0.00,     0.00,     0.00,     0.00,     1.29,     0.00,     0.00,     0.00,     0.00,     0.00,     0.11,     0.79,  -999.99,  -999.99,  -999.99
cty,32063,ND: Nelson County,1981,02,PRCP,     1.51,     0.00,     0.00,     0.00,     0.01,     0.00,     1.85,     1.12,     0.00,     0.00,     0.00,     0.00,     0.00,     0.00,     0.00,     0.00,     0.00,     0.00,     0.00,     0.00,     0.00,     0.00,     0.00,     0.00,     0.00,     0.00,     1.42,     9.44,  -999.99,  -999.99,  -999.99
cty,32065,ND: Oliver County,1981,02,PRCP,     1.30,     0.00,     0.00,     0.00,     0.61,     0.00,     1.07,     0.00,     1.05,     0.00,     0.00,     0.00,     0.00,     0.00,     0.00,     0.00,     0.00,     0.00,     0.00,     0.00,     0.00,     0.00,     0.00,     0.00,     0.00,     0.00,     8.80,     5.46,  -999.99,  -999.99,  -999.99
cty,32067,ND: Pembina County,1981,02,PRCP,     4.08,     0.00,     0.00,     0.00,     0.00,     0.00,     1.13,     1.67,     0.00,     0.00,     0.00,     0.00,     0.00,     0.00,     0.00,     0.00,     0.00,     0.00,     0.00,     0.00,     0.00,     0.00,     0.00,     0.00,     0.00,     0.00,     0.00,    10.57,  -999.99,  -999.99,  -999.99
cty,32069,ND: Pierce County,1981,02,PRCP,     0.30,     0.00,     0.00,     0.00,     0.82,     0.00,     1.87,     0.01,     0.00,     0.00,     0.00,     0.00,     0.00,     0.00,     0.00,     0.00,     0.00,     0.00,     0.00,     0.00,     0.00,     0.00,     0.00,     0.00,     0.00,     0.00,     5.81,     4.56,  -999.99,  -999.99,  -999.99
cty,32071,ND: Ramsey County,1981,02,PRCP,     2.45,     0.00,     0.00,     0.00,     0.03,     0.00,     2.01,     1.76,     0.00,     0.00,     0.00,     0.00,     0.00,     0.00,     0.00,     0.00,     0.00,     0.00,     0.00,     0.00,     0.00,     0.00,     0.00,     0.00,     0.00,     0.00,     4.78,     8.55,  -999.99,  -999.99,  -999.99
cty,32073,ND: Ransom County,1981,02,PRCP,     0.85,     0.00,     0.00,     0.00,     0.18,     0.01,     1.28,     0.34,     0.01,     0.00,     0.00,     0.00,     0.00,     0.00,     0.00,     0.00,     0.00,     0.00,     0.00,     0.00,     0.00,     0.00,     0.00,     0.00,     0.00,     0.00,     0.11,     5.40,  -999.99,  -999.99,  -999.99
cty,32075,ND: Renville County,1981,02,PRCP,     0.00,     0.00,     0.00,     0.00,     0.76,     0.00,     2.09,     0.23,     0.18,     0.00,     0.00,     0.00,     0.00,     0.00,     0.00,     0.00,     0.00,     0.00,     0.00,     0.00,     0.07,     0.00,     0.00,     0.00,     0.00,     0.00,     0.00,     0.94,  -999.99,  -999.99,  -999.99
cty,32077,ND: Richland County,1981,02,PRCP,     1.98,     0.00,     0.00,     0.00,     0.00,     0.00,     3.23,     1.03,     0.31,     0.00,     0.00,     0.00,     0.00,     0.00,     0.00,     0.00,     0.00,     0.02,     0.00,     0.00,     0.01,     0.00,     0.00,     0.00,     0.00,     0.00,     2.64,    11.01,  -999.99,  -999.99,  -999.99
cty,32079,ND: Rolette County,1981,02,PRCP,     0.29,     0.00,     0.00,     0.00,     0.47,     0.00,     0.78,     0.00,     0.00,     0.00,     0.00,     0.00,     0.00,     0.00,     0.00,     0.00,     0.00,     0.00,     0.00,     0.00,     0.00,     0.00,     0.00,     0.00,     0.00,     0.00,     0.00,     2.43,  -999.99,  -999.99,  -999.99
cty,32081,ND: Sargent County,1981,02,PRCP,     1.22,     0.00,     0.00,     0.00,     0.24,     0.00,     1.75,     0.50,     0.01,     0.00,     0.00,     0.00,     0.00,     0.00,     0.00,     0.00,     0.00,     0.05,     0.00,     0.00,     0.00,     0.00,     0.00,     0.00,     0.00,     0.00,     1.09,     4.92,  -999.99,  -999.99,  -999.99
cty,32083,ND: Sheridan County,1981,02,PRCP,     0.86,     0.00,     0.00,     0.00,     0.57,     0.01,     1.80,     0.00,     0.03,     0.00,     0.00,     0.00,     0.00,     0.00,     0.00,     0.00,     0.00,     0.00,     0.00,     0.00,     0.00,     0.00,     0.00,     0.00,     0.00,     0.00,    11.47,     2.97,  -999.99,  -999.99,  -999.99
cty,32085,ND: Sioux County,1981,02,PRCP,     0.04,     0.00,     0.00,     0.00,     0.02,     0.00,     0.06,     0.00,     0.54,     0.00,     0.00,     0.00,     0.00,     0.00,     0.00,     0.00,     0.00,     0.00,     0.00,     0.00,     0.00,     0.00,     0.00,     0.00,     0.00,     0.00,     0.23,     2.98,  -999.99,  -999.99,  -999.99
cty,32087,ND: Slope County,1981,02,PRCP,     1.51,     0.00,     0.00,     0.00,     0.16,     0.00,     0.47,     0.18,     0.02,     0.47,     0.00,     0.00,     0.00,     0.00,     0.00,     0.00,     0.00,     0.00,     0.01,     0.00,     0.00,     0.00,     0.00,     0.00,     0.00,     0.00,     0.00,     0.07,  -999.99,  -999.99,  -999.99
cty,32089,ND: Stark County,1981,02,PRCP,     0.82,     0.00,     0.00,     0.00,     0.22,     0.00,     0.21,     0.00,     0.20,     0.01,     0.00,     0.00,     0.00,     0.00,     0.00,     0.00,     0.00,     0.00,     0.00,     0.00,     0.00,     0.00,     0.00,     0.00,     0.00,     0.00,     0.00,     0.82,  -999.99,  -999.99,  -999.99
cty,32091,ND: Steele County,1981,02,PRCP,     0.83,     0.00,     0.00,     0.00,     0.02,     0.00,     1.44,     0.82,     0.00,     0.00,     0.00,     0.00,     0.00,     0.00,     0.00,     0.00,     0.00,     0.00,     0.00,     0.00,     0.00,     0.00,     0.00,     0.00,     0.00,     0.00,     0.00,     9.12,  -999.99,  -999.99,  -999.99
cty,32093,ND: Stutsman County,1981,02,PRCP,     0.34,     0.00,     0.00,     0.00,     0.38,     0.00,     2.03,     0.00,     0.29,     0.00,     0.00,     0.00,     0.00,     0.00,     0.00,     0.00,     0.00,     0.00,     0.00,     0.00,     0.00,     0.00,     0.00,     0.00,     0.00,     0.00,     3.29,     4.39,  -999.99,  -999.99,  -999.99
cty,32095,ND: Towner County,1981,02,PRCP,     1.58,     0.00,     0.00,     0.00,     0.07,     0.00,     0.95,     1.01,     0.00,     0.00,     0.00,     0.00,     0.00,     0.00,     0.00,     0.00,     0.00,     0.00,     0.00,     0.00,     0.00,     0.00,     0.00,     0.00,     0.00,     0.00,     1.21,     3.87,  -999.99,  -999.99,  -999.99
cty,32097,ND: Traill County,1981,02,PRCP,     0.91,     0.00,     0.00,     0.00,     0.00,     0.00,     1.14,     0.85,     0.00,     0.00,     0.00,     0.00,     0.00,     0.00,     0.00,     0.00,     0.00,     0.00,     0.00,     0.00,     0.00,     0.00,     0.00,     0.00,     0.00,     0.00,     0.00,     7.76,  -999.99,  -999.99,  -999.99
cty,32099,ND: Walsh County,1981,02,PRCP,     2.76,     0.00,     0.00,     0.00,     0.00,     0.00,     1.23,     1.59,     0.00,     0.00,     0.00,     0.00,     0.00,     0.00,     0.00,     0.00,     0.00,     0.00,     0.00,     0.00,     0.00,     0.00,     0.00,     0.00,     0.00,     0.00,     0.26,    11.71,  -999.99,  -999.99,  -999.99
cty,32101,ND: Ward County,1981,02,PRCP,     0.74,     0.00,     0.00,     0.00,     0.92,     0.00,     2.53,     0.48,     0.46,     0.00,     0.00,     0.13,     0.00,     0.00,     0.00,     0.00,     0.00,     0.00,     0.00,     0.00,     0.05,     0.00,     0.00,     0.00,     0.00,     0.00,     0.62,     2.15,  -999.99,  -999.99,  -999.99
cty,32103,ND: Wells County,1981,02,PRCP,     0.93,     0.00,     0.00,     0.00,     0.41,     0.00,     1.37,     0.28,     0.00,     0.00,     0.00,     0.00,     0.00,     0.00,     0.00,     0.00,     0.00,     0.00,     0.00,     0.00,     0.00,     0.00,     0.00,     0.00,     0.00,     0.00,     9.21,     3.67,  -999.99,  -999.99,  -999.99
cty,32105,ND: Williams County,1981,02,PRCP,     0.59,     0.00,     0.00,     0.00,     0.82,     0.00,     2.63,     0.83,     0.62,     0.00,     0.00,     0.00,     0.00,     0.00,     0.00,     0.00,     0.00,     0.00,     0.00,     0.00,     2.46,     0.00,     0.00,     0.00,     0.00,     0.00,     0.00,     0.00,  -999.99,  -999.99,  -999.99
cty,33001,OH: Adams County,1981,02,PRCP,     1.81,    46.56,     0.10,     0.00,     0.00,     0.00,     0.00,     0.75,     0.00,     0.45,     9.09,     2.32,     0.00,     0.00,     0.00,     0.00,     8.02,     0.63,    11.35,    10.40,     0.00,     0.00,     7.65,     1.32,     0.00,     0.00,     0.00,     1.19,  -999.99,  -999.99,  -999.99
cty,33003,OH: Allen County,1981,02,PRCP,     3.78,     6.31,     0.00,     0.00,     0.00,     0.60,     0.00,     0.00,     0.00,     1.31,    21.71,     0.57,     0.00,     0.00,     0.00,     0.35,     3.45,     0.12,     0.19,     7.93,     0.00,     0.00,     2.80,     1.61,     0.00,     0.00,     0.00,     0.69,  -999.99,  -999.99,  -999.99
cty,33005,OH: Ashland County,1981,02,PRCP,     0.05,    22.01,     0.49,     0.33,     0.28,     0.73,     0.37,     0.01,     0.00,     0.00,    11.25,     1.65,     0.00,     0.00,     0.00,     0.00,     6.39,     0.28,    15.90,    16.94,     2.52,     0.00,     5.89,     4.07,     0.57,     0.00,     0.00,     0.63,  -999.99,  -999.99,  -999.99
cty,33007,OH: Ashtabula County,1981,02,PRCP,     0.02,    20.34,     1.12,     0.23,     0.57,     1.28,     0.96,     0.01,     1.75,     0.00,    11.16,     8.41,     0.00,     0.00,     0.00,     0.00,     7.71,     0.38,    20.52,    17.34,     4.44,     0.20,     6.05,     9.70,     0.70,     0.00,     0.00,     1.94,  -999.99,  -999.99,  -999.99
cty,33009,OH: Athens County,1981,02,PRCP,     0.00,    49.10,     1.17,     0.00,     0.00,     0.44,     0.00,     1.95,     0.11,     0.00,     6.18,     4.87,     0.00,     0.00,     0.00,     0.00,    14.63,     1.00,     2.03,    12.47,     2.93,     0.00,     8.27,     3.88,     0.00,     0.00,     0.00,     0.05,  -999.99,  -999.99,  -999.99
cty,33011,OH: Auglaize County,1981,02,PRCP,     4.62,     6.07,     0.00,     0.00,     0.00,     0.45,     0.00,     0.00,     0.00,     1.20,    20.75,     0.71,     0.00,     0.00,     0.00,     0.45,     3.99,     0.15,     0.24,     5.28,     0.00,     0.00,     2.99,     1.54,     0.00,     0.00,     0.00,     0.60,  -999.99,  -999.99,  -999.99
cty,33013,OH: Belmont County,1981,02,PRCP,     0.00,    38.56,     0.65,     0.00,     0.00,     1.09,     0.07,     1.58,     0.99,     0.00,     8.94,     8.03,     0.00,     0.00,     0.00,     0.00,     8.73,     0.70,     0.06,    15.29,     6.31,     0.00,     7.95,     6.12,     1.03,     0.00,     0.01,     1.41,  -999.99,  -999.99,  -999.99
cty,33015,OH: Brown County,1981,02,PRCP,     3.71,    39.61,     0.00,     0.00,     0.00,     0.00,     0.00,     0.23,     0.00,     0.75,    11.46,     2.80,     0.00,     0.00,     0.00,     0.03,     7.07,     0.72,    12.46,    10.34,     0.00,     0.00,     7.00,     1.28,     0.00,     0.00,     0.00,     1.37,  -999.99,  -999.99,  -999.99
cty,33017,OH: Butler County,1981,02,PRCP,     9.38,    16.00,     0.00,     0.00,     0.00,     0.00,     0.00,     0.00,     0.00,     2.08,    21.64,     1.48,     0.00,     0.00,     0.00,     1.74,     7.55,     0.24,     3.08,     7.37,     0.00,     0.00,     6.80,     1.79,     0.00,     0.00,     0.00,     0.92,  -999.99,  -999.99,  -999.99
cty,33019,OH: Carroll County,1981,02,PRCP,     0.00,    34.98,     0.43,     0.05,     0.10,     1.04,     0.35,     0.65,     0.71,     0.00,    13.01,     7.89,     0.00,     0.00,     0.00,     0.00,    10.13,     0.57,     2.63,    18.91,     6.95,     0.00,     6.80,     7.06,     1.26,     0.00,     0.00,     1.61,  -999.99,  -999.99,  -999.99
cty,33021,OH: Champaign County,1981,02,PRCP,     5.10,    12.17,     0.00,     0.00,     0.00,     0.33,     0.00,     0.00,     0.00,     0.45,    21.78,     1.37,     0.00,     0.00,     0.00,     0.41,     9.22,     0.40,     5.03,     7.17,     0.00,     0.00,     5.20,     2.31,     0.00,     0.00,     0.00,     0.94,  -999.99,  -999.99,  -999.99
cty,33023,OH: Clark County,1981,02,PRCP,     5.32,    14.58,     0.00,     0.00,     0.00,     0.23,     0.00,     0.00,     0.00,     0.56,    19.78,     1.57,     0.00,     0.00,     0.00,     0.52,     9.50,     0.36,     5.75,     8.24,     0.00,     0.00,     5.28,     2.17,     0.00,     0.00,     0.00,     1.04,  -999.99,  -999.99,  -999.99
cty,33025,OH: Clermont County,1981,02,PRCP,     5.54,    30.92,     0.01,     0.00,     0.00,     0.00,     0.00,     0.00,     0.00,     0.95,    13.71,     2.46,     0.00,     0.00,     0.00,     0.31,     6.08,     0.48,    10.32,     9.26,     0.00,     0.00,     6.20,     1.13,     0.01,     0.00,     0.00,     1.46,  -999.99,  -999.99,  -999.99
cty,33027,OH: Clinton County,1981,02,PRCP,     4.13,    24.79,     0.07,     0.00,     0.00,     0.00,     0.00,     0.00,     0.00,     0.54,    13.63,     2.27,     0.00,     0.00,     0.00,     0.30,     8.23,     0.23,     9.22,    11.19,     0.00,     0.00,     5.95,     1.73,     0.06,     0.00,     0.00,     1.48,  -999.99,  -999.99,  -999.99
cty,33029,OH: Columbiana County,1981,02,PRCP,     0.00,    29.16,     0.64,     0.00,     0.16,     1.27,     0.45,     0.68,     0.85,     0.00,    13.42,     8.86,     0.00,     0.00,     0.00,     0.00,     9.26,     0.74,     3.61,    15.54,     8.31,     0.00,     5.52,     9.41,     1.40,     0.00,     0.00,     1.41,  -999.99,  -999.99,  -999.99
cty,33031,OH: Coshocton County,1981,02,PRCP,     0.12,    36.83,     0.44,     0.12,     0.02,     0.98,     0.20,     0.61,     0.00,     0.00,    10.49,     4.55,     0.00,     0.00,     0.00,     0.00,    10.51,     0.32,     7.99,    19.91,     2.12,     0.00,     6.02,     4.92,     0.00,     0.00,     0.00,     1.04,  -999.99,  -999.99,  -999.99
cty,33033,OH: Crawford County,1981,02,PRCP,     1.90,    14.87,     0.17,     0.30,     0.29,     0.80,     0.04,     0.00,     0.00,     0.01,    15.56,     1.54,     0.00,     0.00,     0.00,     0.00,     5.80,     0.41,     9.55,    11.72,     0.51,     0.00,     6.86,     3.70,     0.05,     0.00,     0.00,     0.53,  -999.99,  -999.99,  -999.99
cty,33035,OH: Cuyahoga County,1981,02,PRCP,     0.00,    15.66,     0.70,     0.07,     0.28,     0.72,     0.81,     0.00,     0.58,     0.00,     8.95,     3.30,     0.00,     0.00,     0.00,     0.00,     3.58,     0.24,     9.83,    16.71,     5.17,     0.00,     3.43,     5.10,     0.42,     0.00,     0.00,     0.87,  -999.99,  -999.99,  -999.99
cty,33037,OH: Darke County,1981,02,PRCP,     8.49,     6.98,     0.00,     0.00,     0.00,     0.27,     0.00,     0.00,     0.00,     2.04,    22.49,     0.95,     0.00,     0.00,     0.00,     1.57,     5.32,     0.21,     0.32,     4.20,     0.00,     0.00,     4.69,     2.36,     0.00,     0.00,     0.00,     0.61,  -999.99,  -999.99,  -999.99
cty,33039,OH: Defiance County,1981,02,PRCP,     3.97,     7.04,     0.13,     0.00,     0.00,     0.81,     0.00,     0.00,     0.00,     2.55,    25.04,     0.36,     0.00,     0.00,     0.00,     0.58,     1.35,     0.00,     0.00,     9.17,     0.00,     0.00,     2.45,     3.00,     0.00,     0.00,     0.00,     0.83,  -999.99,  -999.99,  -999.99
cty,33041,OH: Delaware County,1981,02,PRCP,     1.78,    22.62,     0.00,     0.12,     0.00,     0.78,     0.00,     0.00,     0.00,     0.00,    13.22,     2.55,     0.00,     0.00,     0.00,     0.00,     8.12,     0.38,    15.49,    10.82,     0.05,     0.00,     7.44,     2.95,     0.00,     0.00,     0.00,     0.77,  -999.99,  -999.99,  -999.99
cty,33043,OH: Erie County,1981,02,PRCP,     2.03,    10.33,     0.35,     0.00,     0.14,     0.57,     0.17,     0.00,     0.00,     0.51,    13.03,     0.95,     0.00,     0.00,     0.00,     0.00,     2.58,     0.00,     1.86,    16.45,     1.85,     0.00,     4.28,     2.55,     0.00,     0.00,     0.00,     0.61,  -999.99,  -999.99,  -999.99
cty,33045,OH: Fairfield County,1981,02,PRCP,     0.00,    34.56,     0.59,     0.00,     0.00,     0.88,     0.00,     0.26,     0.00,     0.00,     6.86,     3.81,     0.00,     0.00,     0.00,     0.00,     7.98,     0.29,     9.29,    11.20,     0.43,     0.00,     6.64,     1.50,     0.00,     0.00,     0.00,     0.79,  -999.99,  -999.99,  -999.99
cty,33047,OH: Fayette County,1981,02,PRCP,     2.39,    25.81,     0.01,     0.00,     0.00,     0.02,     0.00,     0.00,     0.00,     0.00,    12.08,     1.76,     0.00,     0.00,     0.00,     0.02,     7.41,     0.16,    10.78,    11.43,     0.00,     0.00,     5.82,     1.72,     0.00,     0.00,     0.00,     1.45,  -999.99,  -999.99,  -999.99
cty,33049,OH: Franklin County,1981,02,PRCP,     1.59,    27.73,     0.00,     0.00,     0.00,     0.67,     0.00,     0.00,     0.00,     0.00,    11.16,     2.70,     0.00,     0.00,     0.00,     0.00,     7.99,     0.27,    14.58,    11.49,     0.00,     0.00,     7.09,     2.12,     0.00,     0.00,     0.00,     0.99,  -999.99,  -999.99,  -999.99
cty,33051,OH: Fulton County,1981,02,PRCP,     3.93,     9.98,     0.64,     0.00,     0.00,     0.95,     0.00,     0.00,     0.00,     2.32,    33.33,     0.33,     0.00,     0.00,     0.00,     0.24,     1.91,     0.00,     0.00,     7.60,     0.00,     0.00,     4.89,     3.72,     0.00,     0.00,     0.00,     1.36,  -999.99,  -999.99,  -999.99
cty,33053,OH: Gallia County,1981,02,PRCP,     0.00,    56.81,     0.87,     0.00,     0.00,     0.00,     0.00,     1.57,     0.14,     0.00,     6.41,     3.81,     0.00,     0.00,     0.00,     0.00,    12.29,     1.64,     2.10,    12.13,     1.10,     0.00,    11.86,     3.27,     0.01,     0.00,     0.00,     0.05,  -999.99,  -999.99,  -999.99
cty,33055,OH: Geauga County,1981,02,PRCP,     0.00,    19.43,     0.70,     0.18,     0.42,     1.23,     0.90,     0.00,     1.27,     0.00,    12.42,     6.26,     0.00,     0.00,     0.00,     0.05,     5.45,     0.69,    18.07,    15.22,     4.68,     0.08,     5.71,     6.55,     0.82,     0.00,     0.00,     1.59,  -999.99,  -999.99,  -999.99
cty,33057,OH: Greene County,1981,02,PRCP,     5.29,    16.38,     0.01,     0.00,     0.00,     0.00,     0.00,     0.00,     0.00,     0.70,    16.50,     1.68,     0.00,     0.00,     0.00,     0.60,     8.83,     0.29,     5.64,     8.88,     0.00,     0.00,     5.16,     1.84,     0.01,     0.00,     0.00,     1.12,  -999.99,  -999.99,  -999.99
cty,33059,OH: Guernsey County,1981,02,PRCP,     0.00,    43.51,     0.49,     0.00,     0.00,     1.15,     0.03,     1.17,     0.23,     0.00,    10.44,     6.04,     0.00,     0.00,     0.00,     0.00,    11.43,     0.55,     1.08,    18.59,     4.56,     0.00,     6.25,     5.71,     0.12,     0.00,     0.00,     1.38,  -999.99,  -999.99,  -999.99
cty,33061,OH: Hamilton County,1981,02,PRCP,     8.83,    24.02,     0.00,     0.00,     0.00,     0.00,     0.00,     0.00,     0.00,     1.78,    19.99,     2.02,     0.00,     0.00,     0.00,     1.05,     6.86,     0.17,     6.74,     8.22,     0.00,     0.00,     7.11,     1.13,     0.00,     0.00,     0.00,     1.56,  -999.99,  -999.99,  -999.99
cty,33063,OH: Hancock County,1981,02,PRCP,     3.20,     7.46,     0.00,     0.00,     0.08,     0.76,     0.00,     0.00,     0.00,     1.00,    21.15,     0.41,     0.00,     0.00,     0.00,     0.15,     3.40,     0.26,     0.41,    12.25,     0.00,     0.00,     3.84,     1.59,     0.00,     0.00,     0.00,     0.80,  -999.99,  -999.99,  -999.99
cty,33065,OH: Hardin County,1981,02,PRCP,     3.45,     8.77,     0.00,     0.00,     0.00,     0.61,     0.01,     0.00,     0.00,     0.55,    21.32,     0.70,     0.00,     0.00,     0.00,     0.14,     5.77,     0.34,     1.87,     8.51,     0.00,     0.00,     4.55,     1.96,     0.00,     0.00,     0.00,     0.83,  -999.99,  -999.99,  -999.99
cty,33067,OH: Harrison County,1981,02,PRCP,     0.00,    38.85,     0.51,     0.00,     0.00,     1.03,     0.22,     0.98,     0.88,     0.00,    10.97,     8.10,     0.00,     0.00,     0.00,     0.00,     9.74,     0.47,     0.61,    19.67,     6.78,     0.00,     7.55,     6.11,     1.21,     0.00,     0.00,     1.77,  -999.99,  -999.99,  -999.99
cty,33069,OH: Henry County,1981,02,PRCP,     3.78,     8.55,     0.20,     0.00,     0.03,     0.92,     0.00,     0.00,     0.00,     2.11,    28.29,     0.35,     0.00,     0.00,     0.00,     0.25,     2.07,     0.01,     0.00,    12.38,     0.00,     0.00,     3.64,     2.32,     0.00,     0.00,     0.00,     1.03,  -999.99,  -999.99,  -999.99
cty,33071,OH: Highland County,1981,02,PRCP,     2.67,    32.24,     0.05,     0.00,     0.00,     0.00,     0.00,     0.03,     0.00,     0.40,    10.72,     2.24,     0.00,     0.00,     0.00,     0.00,     6.89,     0.20,    11.08,    10.86,     0.00,     0.00,     6.26,     1.42,     0.01,     0.00,     0.00,     1.47,  -999.99,  -999.99,  -999.99
cty,33073,OH: Hocking County,1981,02,PRCP,     0.00,    46.49,     0.81,     0.00,     0.00,     0.67,     0.00,     0.69,     0.00,     0.00,     7.21,     4.21,     0.00,     0.00,     0.00,     0.00,    11.82,     0.56,     6.44,    13.98,     1.38,     0.00,     8.13,     1.98,     0.00,     0.00,     0.00,     0.92,  -999.99,  -999.99,  -999.99
cty,33075,OH: Holmes County,1981,02,PRCP,     0.00,    33.45,     0.46,     0.31,     0.20,     0.97,     0.43,     0.38,     0.02,     0.00,    12.01,     3.21,     0.00,     0.00,     0.00,     0.00,     9.69,     0.29,    12.48,    19.87,     2.79,     0.00,     6.29,     4.70,     0.25,     0.00,     0.00,     0.88,  -999.99,  -999.99,  -999.99
cty,33077,OH: Huron County,1981,02,PRCP,     1.65,    12.62,     0.38,     0.06,     0.29,     0.58,     0.19,     0.00,     0.00,     0.25,    12.19,     1.24,     0.00,     0.00,     0.00,     0.00,     3.51,     0.09,     4.52,    16.99,     2.21,     0.00,     4.54,     2.82,     0.08,     0.00,     0.00,     0.57,  -999.99,  -999.99,  -999.99
cty,33079,OH: Jackson County,1981,02,PRCP,     0.11,    51.79,     0.50,     0.00,     0.00,     0.00,     0.01,     0.73,     0.00,     0.04,     6.61,     2.47,     0.00,     0.00,     0.00,     0.00,    12.46,     1.15,     3.75,    13.41,     1.11,     0.00,     9.52,     1.69,     0.00,     0.00,     0.00,     0.56,  -999.99,  -999.99,  -999.99
cty,33081,OH: Jefferson County,1981,02,PRCP,     0.00,    33.89,     0.77,     0.00,     0.00,     1.04,     0.29,     1.22,     1.29,     0.00,    10.64,     9.31,     0.00,     0.00,     0.00,     0.00,     8.57,     0.49,     0.51,    16.37,     8.57,     0.00,     6.43,     8.15,     1.61,     0.00,     0.00,     1.45,  -999.99,  -999.99,  -999.99
cty,33083,OH: Knox County,1981,02,PRCP,     0.14,    31.56,     0.51,     0.32,     0.08,     0.95,     0.13,     0.11,     0.00,     0.00,    10.51,     3.44,     0.00,     0.00,     0.00,     0.01,     8.97,     0.43,    19.67,    16.90,     0.91,     0.00,     7.89,     4.95,     0.01,     0.00,     0.00,     0.75,  -999.99,  -999.99,  -999.99
cty,33085,OH: Lake County,1981,02,PRCP,     0.00,    16.34,     1.06,     0.23,     0.47,     0.97,     0.81,     0.00,     1.45,     0.00,     9.52,     5.69,     0.00,     0.00,     0.00,     0.03,     3.92,     0.30,    17.58,    15.49,     4.53,     0.13,     5.18,     6.48,     0.63,     0.00,     0.00,     1.71,  -999.99,  -999.99,  -999.99
cty,33087,OH: Lawrence County,1981,02,PRCP,     0.00,    57.48,     0.52,     0.00,     0.00,     0.00,     0.00,     1.94,     0.05,     0.00,     6.35,     2.81,     0.00,     0.00,     0.00,     0.00,    11.26,     1.99,     2.33,     9.88,     0.24,     0.00,    12.02,     2.63,     0.00,     0.00,     0.00,     0.05,  -999.99,  -999.99,  -999.99
cty,33089,OH: Licking County,1981,02,PRCP,     0.18,    35.21,     0.61,     0.07,     0.00,     1.01,     0.01,     0.24,     0.00,     0.00,     8.74,     4.41,     0.00,     0.00,     0.00,     0.00,     9.34,     0.40,    15.93,    15.39,     0.67,     0.01,     7.77,     3.84,     0.00,     0.00,     0.00,     0.80,  -999.99,  -999.99,  -999.99
cty,33091,OH: Logan County,1981,02,PRCP,     4.17,     9.13,     0.00,     0.00,     0.00,     0.43,     0.04,     0.00,     0.00,     0.44,    20.95,     0.92,     0.00,     0.00,     0.00,     0.28,     7.45,     0.38,     2.32,     5.57,     0.00,     0.00,     4.42,     2.05,     0.00,     0.01,     0.00,     0.83,  -999.99,  -999.99,  -999.99
cty,33093,OH: Lorain County,1981,02,PRCP,     0.30,    13.83,     0.54,     0.01,     0.24,     0.52,     0.49,     0.00,     0.11,     0.01,     9.58,     1.54,     0.00,     0.00,     0.00,     0.00,     3.12,     0.03,     6.23,    17.57,     4.05,     0.00,     3.47,     3.77,     0.26,     0.00,     0.00,     0.59,  -999.99,  -999.99,  -999.99
cty,33095,OH: Lucas County,1981,02,PRCP,     3.88,     8.36,     0.72,     0.00,     0.00,     1.04,     0.00,     0.00,     0.01,     1.95,    29.17,     0.27,     0.00,     0.00,     0.00,     0.22,     1.97,     0.00,     0.00,    11.31,     0.00,     0.00,     5.93,     2.55,     0.00,     0.00,     0.00,     1.14,  -999.99,  -999.99,  -999.99
cty,33097,OH: Madison County,1981,02,PRCP,     2.60,    18.35,     0.00,     0.00,     0.00,     0.25,     0.00,     0.00,     0.00,     0.00,    13.60,     1.54,     0.00,     0.00,     0.00,     0.01,     7.34,     0.21,    10.83,     9.29,     0.00,     0.00,     5.61,     1.85,     0.00,     0.00,     0.00,     1.07,  -999.99,  -999.99,  -999.99
cty,33099,OH: Mahoning County,1981,02,PRCP,     0.00,    23.82,     0.49,     0.00,     0.24,     1.37,     0.57,     0.42,     0.79,     0.00,    12.41,     7.80,     0.00,     0.00,     0.00,     0.00,     8.27,     0.71,     7.79,    14.49,     6.34,     0.00,     5.17,     8.28,     1.10,     0.00,     0.00,     1.29,  -999.99,  -999.99,  -999.99
cty,33101,OH: Marion County,1981,02,PRCP,     2.01,    12.99,     0.01,     0.18,     0.05,     0.65,     0.00,     0.00,     0.00,     0.00,    14.65,     1.33,     0.00,     0.00,     0.00,     0.00,     6.11,     0.38,     9.25,     8.47,     0.03,     0.00,     6.07,     2.72,     0.00,     0.00,     0.00,     0.57,  -999.99,  -999.99,  -999.99
cty,33103,OH: Medina County,1981,02,PRCP,     0.00,    20.76,     0.59,     0.15,     0.29,     0.75,     0.79,     0.00,     0.29,     0.00,    11.25,     2.31,     0.00,     0.00,     0.00,     0.00,     5.37,     0.27,    11.43,    20.14,     5.35,     0.00,     4.30,     4.74,     0.46,     0.00,     0.00,     0.70,  -999.99,  -999.99,  -999.99
cty,33105,OH: Meigs County,1981,02,PRCP,     0.00,    53.55,     1.53,     0.00,     0.00,     0.05,     0.00,     2.02,     0.65,     0.01,     5.87,     5.44,     0.00,     0.00,     0.00,     0.00,    13.61,     1.49,     1.45,    11.89,     3.03,     0.00,    10.37,     4.31,     0.01,     0.00,     0.00,     0.06,  -999.99,  -999.99,  -999.99
cty,33107,OH: Mercer County,1981,02,PRCP,     6.57,     5.76,     0.00,     0.00,     0.00,     0.43,     0.00,     0.00,     0.00,     2.16,    22.19,     0.86,     0.00,     0.00,     0.00,     1.02,     2.92,     0.02,     0.16,     4.87,     0.00,     0.00,     3.10,     2.26,     0.00,     0.00,     0.00,     0.68,  -999.99,  -999.99,  -999.99
cty,33109,OH: Miami County,1981,02,PRCP,     8.28,     9.47,     0.00,     0.00,     0.00,     0.26,     0.00,     0.00,     0.00,     1.49,    24.38,     1.06,     0.00,     0.00,     0.00,     1.22,     8.25,     0.39,     1.26,     6.00,     0.00,     0.00,     5.09,     2.22,     0.00,     0.00,     0.00,     0.69,  -999.99,  -999.99,  -999.99
cty,33111,OH: Monroe County,1981,02,PRCP,     0.00,    47.28,     0.72,     0.00,     0.00,     1.28,     0.01,     2.38,     1.21,     0.00,     9.59,     7.40,     0.00,     0.00,     0.00,     0.00,    11.65,     1.89,     0.00,    13.28,     6.05,     0.00,     9.11,     7.54,     0.43,     0.00,     0.00,     1.09,  -999.99,  -999.99,  -999.99
cty,33113,OH: Montgomery County,1981,02,PRCP,     9.71,    12.73,     0.00,     0.00,     0.00,     0.06,     0.00,     0.00,     0.00,     1.74,    24.46,     1.27,     0.00,     0.00,     0.00,     1.73,     9.32,     0.42,     2.09,     7.48,     0.00,     0.00,     6.25,     2.25,     0.00,     0.00,     0.00,     0.77,  -999.99,  -999.99,  -999.99
cty,33115,OH: Morgan County,1981,02,PRCP,     0.00,    45.53,     0.81,     0.00,     0.00,     0.74,     0.00,     1.80,     0.00,     0.00,     7.30,     4.54,     0.00,     0.00,     0.00,     0.00,    13.72,     0.84,     1.68,    13.62,     3.05,     0.00,     6.51,     4.63,     0.00,     0.00,     0.00,     0.58,  -999.99,  -999.99,  -999.99
cty,33117,OH: Morrow County,1981,02,PRCP,     1.24,    23.12,     0.30,     0.45,     0.24,     0.90,     0.08,     0.00,     0.00,     0.00,    13.49,     2.73,     0.00,     0.00,     0.00,     0.02,     8.02,     0.49,    17.18,    12.05,     0.53,     0.00,     7.92,     4.24,     0.03,     0.00,     0.00,     0.63,  -999.99,  -999.99,  -999.99
cty,33119,OH: Muskingum County,1981,02,PRCP,     0.01,    41.93,     0.61,     0.00,     0.00,     0.95,     0.00,     1.02,     0.00,     0.00,     8.49,     5.27,     0.00,     0.00,     0.00,     0.00,    11.82,     0.47,     4.92,    18.39,     2.30,     0.00,     6.16,     4.69,     0.00,     0.00,     0.00,     0.99,  -999.99,  -999.99,  -999.99
cty,33121,OH: Noble County,1981,02,PRCP,     0.00,    48.27,     0.57,     0.00,     0.00,     1.22,     0.00,     1.80,     0.25,     0.00,    10.03,     5.06,     0.00,     0.00,     0.00,     0.00,    12.91,     1.22,     0.31,    14.48,     4.63,     0.00,     6.56,     6.35,     0.01,     0.00,     0.00,     1.09,  -999.99,  -999.99,  -999.99
cty,33123,OH: Ottawa County,1981,02,PRCP,     3.85,     8.86,     0.55,     0.00,     0.00,     1.03,     0.01,     0.00,     0.00,     1.34,    24.22,     0.36,     0.00,     0.00,     0.00,     0.07,     2.69,     0.00,     0.12,    15.20,     0.04,     0.00,     6.49,     2.43,     0.00,     0.00,     0.00,     0.97,  -999.99,  -999.99,  -999.99
cty,33125,OH: Paulding County,1981,02,PRCP,     4.74,     6.36,     0.00,     0.00,     0.00,     0.76,     0.00,     0.00,     0.00,     2.78,    24.70,     0.48,     0.00,     0.00,     0.00,     0.77,     1.48,     0.00,     0.13,    11.06,     0.00,     0.01,     2.22,     3.07,     0.00,     0.00,     0.00,     0.72,  -999.99,  -999.99,  -999.99
cty,33127,OH: Perry County,1981,02,PRCP,     0.00,    42.01,     0.79,     0.00,     0.00,     0.82,     0.00,     0.89,     0.00,     0.00,     6.81,     4.77,     0.00,     0.00,     0.00,     0.00,    11.49,     0.48,     6.44,    14.43,     1.60,     0.00,     6.99,     3.08,     0.00,     0.00,     0.00,     0.75,  -999.99,  -999.99,  -999.99
cty,33129,OH: Pickaway County,1981,02,PRCP,     0.95,    33.16,     0.03,     0.00,     0.00,     0.41,     0.00,     0.02,     0.00,     0.00,     8.93,     2.42,     0.00,     0.00,     0.00,     0.00,     7.66,     0.21,    11.35,    12.48,     0.04,     0.00,     6.58,     1.45,     0.01,     0.00,     0.00,     1.28,  -999.99,  -999.99,  -999.99
cty,33131,OH: Pike County,1981,02,PRCP,     0.65,    45.28,     0.10,     0.00,     0.00,     0.01,     0.00,     0.41,     0.00,     0.01,     8.51,     1.84,     0.00,     0.00,     0.00,     0.00,     9.44,     0.47,     8.64,    14.00,     0.23,     0.00,     7.97,     1.33,     0.00,     0.00,     0.00,     1.42,  -999.99,  -999.99,  -999.99
cty,33133,OH: Portage County,1981,02,PRCP,     0.00,    24.87,     0.38,     0.06,     0.31,     1.37,     0.82,     0.08,     0.59,     0.00,    14.75,     5.85,     0.00,     0.00,     0.00,     0.00,     8.05,     1.25,    13.66,    17.66,     5.67,     0.00,     5.96,     7.13,     0.99,     0.00,     0.00,     1.29,  -999.99,  -999.99,  -999.99
cty,33135,OH: Preble County,1981,02,PRCP,    10.25,    10.28,     0.00,     0.00,     0.00,     0.14,     0.00,     0.00,     0.00,     2.53,    24.68,     1.15,     0.00,     0.00,     0.00,     2.60,     7.18,     0.29,     0.85,     6.13,     0.00,     0.00,     6.39,     2.76,     0.00,     0.00,     0.00,     0.56,  -999.99,  -999.99,  -999.99
cty,33137,OH: Putnam County,1981,02,PRCP,     3.94,     7.33,     0.00,     0.01,     0.05,     0.78,     0.00,     0.00,     0.00,     1.86,    25.18,     0.47,     0.00,     0.00,     0.00,     0.35,     2.65,     0.03,     0.08,    12.15,     0.00,     0.00,     2.91,     1.88,     0.01,     0.00,     0.00,     0.81,  -999.99,  -999.99,  -999.99
cty,33139,OH: Richland County,1981,02,PRCP,     0.66,    21.06,     0.49,     0.38,     0.31,     0.77,     0.26,     0.00,     0.00,     0.00,    12.30,     1.97,     0.00,     0.00,     0.00,     0.00,     6.63,     0.35,    16.06,    15.40,     1.57,     0.00,     6.79,     4.22,     0.39,     0.00,     0.00,     0.62,  -999.99,  -999.99,  -999.99
cty,33141,OH: Ross County,1981,02,PRCP,     0.80,    39.39,     0.07,     0.00,     0.00,     0.06,     0.00,     0.14,     0.00,     0.01,     8.33,     2.13,     0.00,     0.00,     0.00,     0.00,     8.66,     0.30,     9.45,    13.93,     0.22,     0.00,     7.14,     1.32,     0.00,     0.00,     0.00,     1.44,  -999.99,  -999.99,  -999.99
cty,33143,OH: Sandusky County,1981,02,PRCP,     3.68,     9.32,     0.25,     0.00,     0.01,     0.97,     0.00,     0.00,     0.00,     1.02,    21.79,     0.43,     0.00,     0.00,     0.00,     0.05,     3.23,     0.11,     0.21,    17.11,     0.11,     0.00,     5.71,     2.20,     0.00,     0.00,     0.00,     0.88,  -999.99,  -999.99,  -999.99
cty,33145,OH: Scioto County,1981,02,PRCP,     0.08,    56.82,     0.28,     0.00,     0.00,     0.01,     0.00,     1.23,     0.00,     0.00,     8.16,     1.56,     0.00,     0.00,     0.00,     0.00,    11.49,     1.19,     6.54,    12.36,     0.16,     0.00,     9.83,     1.56,     0.00,     0.00,     0.00,     0.53,  -999.99,  -999.99,  -999.99
cty,33147,OH: Seneca County,1981,02,PRCP,     2.89,     9.84,     0.05,     0.02,     0.14,     0.83,     0.00,     0.00,     0.00,     0.65,    18.48,     0.65,     0.00,     0.00,     0.00,     0.00,     3.90,     0.23,     1.57,    14.57,     0.19,     0.00,     5.37,     2.32,     0.00,     0.00,     0.00,     0.69,  -999.99,  -999.99,  -999.99
cty,33149,OH: Shelby County,1981,02,PRCP,     6.33,     7.82,     0.00,     0.00,     0.00,     0.40,     0.00,     0.00,     0.00,     1.30,    24.00,     0.94,     0.00,     0.00,     0.00,     0.72,     6.36,     0.30,     0.61,     5.34,     0.00,     0.00,     4.11,     1.97,     0.00,     0.00,     0.00,     0.70,  -999.99,  -999.99,  -999.99
cty,33151,OH: Stark County,1981,02,PRCP,     0.00,    29.76,     0.36,     0.06,     0.24,     1.09,     0.60,     0.35,     0.41,     0.00,    13.50,     5.16,     0.00,     0.00,     0.00,     0.00,     9.30,     0.66,     8.35,    19.16,     5.67,     0.00,     5.82,     6.09,     0.84,     0.00,     0.00,     1.16,  -999.99,  -999.99,  -999.99
cty,33153,OH: Summit County,1981,02,PRCP,     0.00,    26.66,     0.51,     0.11,     0.33,     1.17,     0.99,     0.04,     0.52,     0.00,    14.18,     4.29,     0.00,     0.00,     0.00,     0.00,     7.74,     0.81,    13.88,    21.74,     6.28,     0.00,     5.48,     6.39,     0.72,     0.00,     0.00,     1.06,  -999.99,  -999.99,  -999.99
cty,33155,OH: Trumbull County,1981,02,PRCP,     0.00,    23.07,     0.44,     0.00,     0.31,     1.68,     0.78,     0.23,     0.87,     0.00,    13.72,     8.06,     0.00,     0.00,     0.00,     0.00,     8.63,     0.62,    14.71,    14.75,     4.22,     0.00,     6.28,     8.55,     0.95,     0.00,     0.00,     1.51,  -999.99,  -999.99,  -999.99
cty,33157,OH: Tuscarawas County,1981,02,PRCP,     0.00,    37.90,     0.36,     0.04,     0.06,     1.02,     0.31,     0.65,     0.32,     0.00,    12.59,     5.72,     0.00,     0.00,     0.00,     0.00,    10.84,     0.32,     3.99,    20.89,     4.69,     0.00,     6.45,     5.64,     0.48,     0.00,     0.00,     1.40,  -999.99,  -999.99,  -999.99
cty,33159,OH: Union County,1981,02,PRCP,     3.11,    13.46,     0.00,     0.01,     0.00,     0.45,     0.00,     0.00,     0.00,     0.00,    16.88,     1.36,     0.00,     0.00,     0.00,     0.00,     7.48,     0.31,    10.37,     8.41,     0.00,     0.02,     6.21,     2.13,     0.00,     0.00,     0.00,     0.82,  -999.99,  -999.99,  -999.99
cty,33161,OH: Van Wert County,1981,02,PRCP,     6.34,     6.81,     0.00,     0.00,     0.00,     0.71,     0.00,     0.00,     0.00,     2.96,    27.72,     0.77,     0.00,     0.00,     0.00,     0.98,     2.31,     0.00,     0.24,    11.07,     0.00,     0.00,     2.76,     3.18,     0.00,     0.00,     0.00,     0.77,  -999.99,  -999.99,  -999.99
cty,33163,OH: Vinton County,1981,02,PRCP,     0.00,    49.59,     0.72,     0.00,     0.00,     0.25,     0.00,     0.77,     0.00,     0.00,     6.76,     3.47,     0.00,     0.00,     0.00,     0.00,    12.77,     0.87,     4.31,    13.95,     1.54,     0.00,     8.83,     1.98,     0.00,     0.00,     0.00,     0.62,  -999.99,  -999.99,  -999.99
cty,33165,OH: Warren County,1981,02,PRCP,     7.50,    21.81,     0.01,     0.00,     0.00,     0.00,     0.00,     0.00,     0.00,     1.24,    18.83,     2.04,     0.00,     0.00,     0.00,     0.94,     8.67,     0.30,     6.41,     9.79,     0.00,     0.00,     6.56,     1.74,     0.00,     0.00,     0.00,     1.32,  -999.99,  -999.99,  -999.99
cty,33167,OH: Washington County,1981,02,PRCP,     0.00,    49.44,     0.94,     0.01,     0.00,     0.78,     0.00,     2.90,     0.64,     0.00,     6.99,     4.49,     0.00,     0.00,     0.00,     0.00,    13.36,     2.08,     0.28,    11.56,     4.96,     0.00,     7.91,     6.80,     0.02,     0.00,     0.00,     0.20,  -999.99,  -999.99,  -999.99
cty,33169,OH: Wayne County,1981,02,PRCP,     0.00,    25.54,     0.44,     0.26,     0.25,     0.83,     0.63,     0.10,     0.12,     0.00,    11.50,     2.00,     0.00,     0.00,     0.00,     0.00,     7.36,     0.28,    13.09,    18.42,     3.69,     0.00,     5.20,     3.99,     0.47,     0.00,     0.00,     0.67,  -999.99,  -999.99,  -999.99
cty,33171,OH: Williams County,1981,02,PRCP,     4.62,     8.00,     0.42,     0.00,     0.00,     0.89,     0.00,     0.00,     0.00,     2.75,    29.76,     0.17,     0.00,     0.00,     0.00,     0.70,     1.18,     0.00,     0.00,     4.86,     0.00,     0.01,     3.39,     4.69,     0.00,     0.00,     0.00,     1.26,  -999.99,  -999.99,  -999.99
cty,33173,OH: Wood County,1981,02,PRCP,     3.67,     7.90,     0.22,     0.00,     0.08,     0.97,     0.01,     0.00,     0.00,     1.50,    25.00,     0.29,     0.00,     0.00,     0.00,     0.19,     2.38,     0.10,     0.01,    14.64,     0.00,     0.00,     4.69,     1.84,     0.00,     0.00,     0.00,     0.98,  -999.99,  -999.99,  -999.99
cty,33175,OH: Wyandot County,1981,02,PRCP,     2.63,     9.75,     0.00,     0.03,     0.06,     0.74,     0.00,     0.00,     0.00,     0.33,    18.38,     0.75,     0.00,     0.00,     0.00,     0.01,     5.01,     0.35,     3.57,    10.55,     0.00,     0.00,     5.47,     2.34,     0.00,     0.00,     0.00,     0.64,  -999.99,  -999.99,  -999.99
cty,34001,OK: Adair County,1981,02,PRCP,    10.96,     0.00,     0.00,     0.00,     0.00,     0.00,     0.17,     0.00,     0.00,    22.85,     1.80,     0.00,     0.00,     0.00,     0.00,     0.00,     0.00,     0.00,     0.00,     0.00,     0.00,     7.32,     0.02,     0.00,     0.00,     0.00,     0.00,    22.50,  -999.99,  -999.99,  -999.99
cty,34003,OK: Alfalfa County,1981,02,PRCP,     1.20,     0.00,     0.00,     0.00,     0.00,     0.00,     0.00,     0.00,     0.00,     4.01,     0.00,     0.00,     0.00,     0.00,     0.00,     0.00,     0.00,     0.00,     0.00,     0.00,     0.00,     1.55,     0.00,     0.00,     0.00,     0.00,     0.00,     0.00,  -999.99,  -999.99,  -999.99
cty,34005,OK: Atoka County,1981,02,PRCP,     7.54,     0.00,     0.00,     0.00,     0.00,     0.00,     0.00,     0.83,     0.01,    28.14,     0.00,     0.00,     0.00,     0.00,     0.00,     0.00,     0.00,     0.00,     0.00,     0.00,     0.00,     1.18,     0.00,     0.00,     0.00,     0.00,     0.00,    30.75,  -999.99,  -999.99,  -999.99
cty,34007,OK: Beaver County,1981,02,PRCP,     0.00,     0.00,     0.00,     0.00,     0.00,     0.00,     0.00,     0.00,     0.00,     0.00,     0.00,     0.00,     0.00,     0.00,     0.00,     0.00,     0.00,     0.00,     0.00,     0.00,     0.00,     0.00,     0.00,     0.00,     0.00,     0.00,     0.00,     0.00,  -999.99,  -999.99,  -999.99
cty,34009,OK: Beckham County,1981,02,PRCP,     0.08,     0.00,     0.00,     0.00,     0.00,     0.00,     0.00,     0.00,     0.00,     6.56,     0.00,     0.00,     0.00,     0.00,     0.00,     0.00,     0.00,     0.00,     0.00,     0.00,     0.00,     1.85,     0.00,     0.00,     0.00,     0.00,     0.00,     1.17,  -999.99,  -999.99,  -999.99
cty,34011,OK: Blaine County,1981,02,PRCP,     1.64,     0.00,     0.00,     0.00,     0.00,     0.00,     0.00,     0.00,     0.00,    10.41,     0.00,     0.00,     0.00,     0.00,     0.00,     0.00,     0.00,     0.00,     0.00,     0.00,     0.00,     3.64,     0.00,     0.00,     0.00,     0.00,     0.00,     0.62,  -999.99,  -999.99,  -999.99
cty,34013,OK: Bryan County,1981,02,PRCP,     8.73,     0.00,     0.00,     0.00,     0.00,     0.00,     0.01,     0.17,     0.00,    25.19,     0.00,     0.00,     0.00,     0.00,     0.00,     0.00,     0.00,     0.00,     0.00,     0.00,     0.00,     1.65,     0.00,     0.00,     0.00,     0.00,     0.00,    21.79,  -999.99,  -999.99,  -999.99
cty,34015,OK: Caddo County,1981,02,PRCP,     2.67,     0.00,     0.00,     0.00,     0.00,     0.00,     0.02,     0.00,     0.00,    11.85,     0.00,     0.00,     0.00,     0.00,     0.00,     0.00,     0.00,     0.00,     0.00,     0.00,     0.00,     2.34,     0.00,     0.00,     0.00,     0.00,     0.00,     5.55,  -999.99,  -999.99,  -999.99
cty,34017,OK: Canadian County,1981,02,PRCP,     3.22,     0.00,     0.00,     0.00,     0.00,     0.00,     0.00,     0.00,     0.00,    12.75,     0.00,     0.00,     0.00,     0.00,     0.00,     0.00,     0.00,     0.00,     0.00,     0.00,     0.00,     4.05,     0.00,     0.00,     0.00,     0.00,     0.00,     3.34,  -999.99,  -999.99,  -999.99
cty,34019,OK: Carter County,1981,02,PRCP,     9.19,     0.00,     0.00,     0.00,     0.00,     0.00,     0.00,     0.00,     0.00,    27.25,     0.00,     0.00,     0.00,     0.00,     0.00,     0.00,     0.00,     0.00,     0.00,     0.00,     0.00,     0.16,     0.00,     0.00,     0.00,     0.00,     0.00,    50.62,  -999.99,  -999.99,  -999.99
cty,34021,OK: Cherokee County,1981,02,PRCP,    12.82,     0.00,     0.00,     0.00,     0.00,     0.00,     0.05,     0.00,     0.00,    22.74,     1.66,     0.00,     0.00,     0.00,     0.00,     0.00,     0.00,     0.00,     0.00,     0.00,     0.00,     7.50,     0.00,     0.00,     0.00,     0.00,     0.00,    22.64,  -999.99,  -999.99,  -999.99
cty,34023,OK: Choctaw County,1981,02,PRCP,    11.54,     0.00,     0.00,     0.00,     0.00,     0.00,     0.04,     1.14,     0.00,    32.66,     0.00,     0.00,     0.00,     0.00,     0.00,     0.00,     0.00,     0.00,     0.00,     0.00,     0.00,     3.62,     0.00,     0.00,     0.00,     0.00,     0.00,    16.62,  -999.99,  -999.99,  -999.99
cty,34025,OK: Cimarron County,1981,02,PRCP,     0.05,     0.00,     0.00,     0.00,     0.00,     0.00,     0.00,     0.00,     0.00,     0.12,     0.07,     0.00,     0.00,     0.00,     0.00,     0.00,     0.00,     0.00,     0.00,     0.00,     0.00,     0.04,     0.00,     0.00,     0.00,     0.00,     0.00,     0.00,  -999.99,  -999.99,  -999.99
cty,34027,OK: Cleveland County,1981,02,PRCP,     6.03,     0.00,     0.00,     0.00,     0.00,     0.00,     0.01,     0.31,     0.00,    15.10,     0.00,     0.00,     0.00,     0.00,     0.00,     0.00,     0.00,     0.00,     0.00,     0.00,     0.00,     3.47,     0.00,     0.00,     0.00,     0.00,     0.00,    15.66,  -999.99,  -999.99,  -999.99
cty,34029,OK: Coal County,1981,02,PRCP,     4.56,     0.00,     0.00,     0.00,     0.00,     0.00,     0.04,     0.85,     0.00,    17.77,     0.03,     0.00,     0.00,     0.00,     0.00,     0.00,     0.00,     0.00,     0.00,     0.00,     0.00,     0.54,     0.00,     0.00,     0.00,     0.00,     0.00,    25.77,  -999.99,  -999.99,  -999.99
cty,34031,OK: Comanche County,1981,02,PRCP,     3.22,     0.00,     0.00,     0.00,     0.00,     0.00,     0.00,     0.00,     0.00,    11.03,     0.00,     0.00,     0.00,     0.00,     0.00,     0.00,     0.00,     0.00,     0.00,     0.00,     0.00,     0.89,     0.00,     0.00,     0.00,     0.00,     0.00,    15.09,  -999.99,  -999.99,  -999.99
cty,34033,OK: Cotton County,1981,02,PRCP,     3.38,     0.00,     0.00,     0.00,     0.00,     0.00,     0.00,     0.00,     0.00,    12.39,     0.00,     0.00,     0.00,     0.00,     0.00,     0.00,     0.00,     0.00,     0.00,     0.00,     0.00,     0.10,     0.00,     0.00,     0.00,     0.00,     0.00,    36.14,  -999.99,  -999.99,  -999.99
cty,34035,OK: Craig County,1981,02,PRCP,    14.37,     0.00,     0.00,     0.00,     0.00,     0.56,     0.00,     0.00,     0.00,    19.11,     2.04,     0.00,     0.00,     0.00,     0.00,     0.00,     0.00,     0.00,     0.00,     0.00,     0.00,     7.10,     0.00,     0.00,     0.00,     0.00,     0.00,     5.02,  -999.99,  -999.99,  -999.99
cty,34037,OK: Creek County,1981,02,PRCP,    12.14,     0.00,     0.00,     0.00,     0.02,     0.00,     0.00,     0.00,     0.00,    16.66,     1.08,     0.00,     0.00,     0.00,     0.00,     0.00,     0.00,     0.00,     0.00,     0.00,     0.00,     5.06,     0.00,     0.00,     0.00,     0.00,     0.00,    13.68,  -999.99,  -999.99,  -999.99
cty,34039,OK: Custer County,1981,02,PRCP,     1.06,     0.00,     0.00,     0.00,     0.00,     0.00,     0.00,     0.00,     0.00,     9.92,     0.00,     0.00,     0.00,     0.00,     0.00,     0.00,     0.00,     0.00,     0.00,     0.00,     0.00,     2.74,     0.00,     0.00,     0.00,     0.00,     0.00,     0.96,  -999.99,  -999.99,  -999.99
cty,34041,OK: Delaware County,1981,02,PRCP,    14.56,     0.00,     0.00,     0.00,     0.00,     0.14,     0.00,     0.00,     0.00,    21.50,     2.79,     0.00,     0.00,     0.00,     0.00,     0.00,     0.00,     0.00,     0.00,     0.00,     0.00,    11.53,     0.00,     0.00,     0.00,     0.00,     0.00,    15.77,  -999.99,  -999.99,  -999.99
cty,34043,OK: Dewey County,1981,02,PRCP,     0.67,     0.00,     0.00,     0.00,     0.00,     0.00,     0.00,     0.00,     0.00,     7.23,     0.01,     0.00,     0.00,     0.00,     0.00,     0.00,     0.00,     0.00,     0.00,     0.00,     0.00,     2.22,     0.00,     0.00,     0.00,     0.00,     0.00,     0.47,  -999.99,  -999.99,  -999.99
cty,34045,OK: Ellis County,1981,02,PRCP,     0.01,     0.00,     0.00,     0.00,     0.00,     0.00,     0.00,     0.00,     0.00,     2.22,     0.00,     0.00,     0.00,     0.00,     0.00,     0.00,     0.00,     0.00,     0.00,     0.00,     0.00,     0.71,     0.00,     0.00,     0.00,     0.00,     0.00,     0.34,  -999.99,  -999.99,  -999.99
cty,34047,OK: Garfield County,1981,02,PRCP,     4.30,     0.00,     0.00,     0.00,     0.00,     0.00,     0.00,     0.00,     0.00,    11.72,     0.51,     0.00,     0.00,     0.00,     0.00,     0.00,     0.00,     0.00,     0.00,     0.00,     0.00,     4.91,     0.01,     0.00,     0.00,     0.00,     0.00,     0.24,  -999.99,  -999.99,  -999.99
cty,34049,OK: Garvin County,1981,02,PRCP,     6.79,     0.00,     0.00,     0.00,     0.00,     0.00,     0.00,     0.08,     0.00,    17.79,     0.00,     0.00,     0.00,     0.00,     0.00,     0.00,     0.00,     0.00,     0.00,     0.00,     0.00,     1.41,     0.00,     0.00,     0.00,     0.00,     0.00,    30.82,  -999.99,  -999.99,  -999.99
cty,34051,OK: Grady County,1981,02,PRCP,     4.67,     0.00,     0.00,     0.00,     0.00,     0.00,     0.00,     0.00,     0.00,    15.52,     0.01,     0.00,     0.00,     0.00,     0.00,     0.00,     0.00,     0.00,     0.00,     0.00,     0.00,     2.98,     0.00,     0.00,     0.00,     0.00,     0.00,    14.50,  -999.99,  -999.99,  -999.99
cty,34053,OK: Grant County,1981,02,PRCP,     2.24,     0.00,     0.00,     0.00,     0.00,     0.00,     0.00,     0.00,     0.00,     4.55,     0.28,     0.00,     0.00,     0.00,     0.00,     0.00,     0.00,     0.00,     0.00,     0.00,     0.00,     1.57,     0.00,     0.00,     0.00,     0.00,     0.00,     0.00,  -999.99,  -999.99,  -999.99
cty,34055,OK: Greer County,1981,02,PRCP,     0.39,     0.00,     0.00,     0.00,     0.01,     0.00,     0.00,     0.00,     0.00,     5.90,     0.00,     0.00,     0.00,     0.00,     0.00,     0.00,     0.00,     0.00,     0.00,     0.00,     0.00,     1.33,     0.00,     0.00,     0.00,     0.00,     0.00,     2.92,  -999.99,  -999.99,  -999.99
cty,34057,OK: Harmon County,1981,02,PRCP,     0.05,     0.00,     0.00,     0.00,     0.00,     0.00,     0.00,     0.00,     0.00,     3.99,     0.00,     0.00,     0.00,     0.00,     0.00,     0.00,     0.00,     0.00,     0.00,     0.00,     0.00,     0.87,     0.00,     0.00,     0.00,     0.00,     0.00,     4.10,  -999.99,  -999.99,  -999.99
cty,34059,OK: Harper County,1981,02,PRCP,     0.00,     0.00,     0.00,     0.00,     0.00,     0.00,     0.00,     0.00,     0.00,     0.40,     0.00,     0.00,     0.00,     0.00,     0.00,     0.00,     0.00,     0.00,     0.00,     0.00,     0.00,     0.01,     0.00,     0.00,     0.00,     0.00,     0.00,     0.00,  -999.99,  -999.99,  -999.99
cty,34061,OK: Haskell County,1981,02,PRCP,    12.97,     0.00,     0.00,     0.00,     0.00,     0.00,     0.00,     0.72,     0.01,    26.22,     0.79,     0.00,     0.00,     0.00,     0.00,     0.00,     0.00,     0.00,     0.00,     0.00,     0.00,     3.27,     0.00,     0.00,     0.00,     0.00,     0.00,    33.12,  -999.99,  -999.99,  -999.99
cty,34063,OK: Hughes County,1981,02,PRCP,     8.60,     0.00,     0.00,     0.00,     0.00,     0.00,     0.00,     0.73,     0.00,    20.35,     0.12,     0.00,     0.00,     0.00,     0.00,     0.00,     0.00,     0.00,     0.00,     0.00,     0.00,     1.86,     0.00,     0.00,     0.00,     0.00,     0.00,    30.05,  -999.99,  -999.99,  -999.99
cty,34065,OK: Jackson County,1981,02,PRCP,     0.53,     0.00,     0.00,     0.00,     0.00,     0.00,     0.00,     0.00,     0.00,     4.61,     0.00,     0.00,     0.00,     0.00,     0.00,     0.00,     0.00,     0.00,     0.00,     0.00,     0.00,     0.63,     0.00,     0.00,     0.00,     0.00,     0.00,     7.16,  -999.99,  -999.99,  -999.99
cty,34067,OK: Jefferson County,1981,02,PRCP,     5.25,     0.00,     0.00,     0.00,     0.00,     0.00,     0.00,     0.00,     0.00,    17.02,     0.00,     0.00,     0.00,     0.00,     0.00,     0.00,     0.00,     0.00,     0.00,     0.00,     0.00,     0.00,     0.00,     0.00,     0.00,     0.00,     0.00,    43.24,  -999.99,  -999.99,  -999.99
cty,34069,OK: Johnston County,1981,02,PRCP,     7.19,     0.00,     0.00,     0.00,     0.00,     0.00,     0.26,     0.19,     0.00,    26.07,     0.00,     0.00,     0.00,     0.00,     0.00,     0.00,     0.00,     0.00,     0.00,     0.00,     0.00,     0.27,     0.00,     0.00,     0.00,     0.00,     0.00,    39.81,  -999.99,  -999.99,  -999.99
cty,34071,OK: Kay County,1981,02,PRCP,     4.26,     0.00,     0.00,     0.00,     0.00,     0.00,     0.00,     0.00,     0.00,     7.75,     0.85,     0.00,     0.00,     0.00,     0.00,     0.00,     0.00,     0.00,     0.00,     0.00,     0.00,     2.02,     0.00,     0.00,     0.00,     0.00,     0.00,     0.00,  -999.99,  -999.99,  -999.99
cty,34073,OK: Kingfisher County,1981,02,PRCP,     3.62,     0.00,     0.00,     0.00,     0.00,     0.00,     0.00,     0.02,     0.00,    12.73,     0.00,     0.00,     0.00,     0.00,     0.00,     0.00,     0.00,     0.00,     0.00,     0.00,     0.00,     4.97,     0.00,     0.00,     0.00,     0.00,     0.00,     1.32,  -999.99,  -999.99,  -999.99
cty,34075,OK: Kiowa County,1981,02,PRCP,     1.44,     0.00,     0.00,     0.00,     0.02,     0.00,     0.00,     0.00,     0.00,     7.54,     0.00,     0.00,     0.00,     0.00,     0.00,     0.00,     0.00,     0.00,     0.00,     0.00,     0.00,     1.38,     0.00,     0.00,     0.00,     0.00,     0.00,     5.56,  -999.99,  -999.99,  -999.99
cty,34077,OK: Latimer County,1981,02,PRCP,    11.64,     0.00,     0.00,     0.00,     0.00,     0.00,     0.00,     0.95,     0.00,    29.22,     0.26,     0.00,     0.00,     0.00,     0.00,     0.00,     0.00,     0.00,     0.00,     0.00,     0.00,     2.60,     0.00,     0.00,     0.00,     0.00,     0.00,    31.81,  -999.99,  -999.99,  -999.99
cty,34079,OK: Le Flore County,1981,02,PRCP,    14.35,     0.00,     0.00,     0.00,     0.00,     0.00,     0.00,     1.06,     0.00,    34.75,     0.48,     0.00,     0.00,     0.00,     0.00,     0.00,     0.00,     0.00,     0.00,     0.00,     0.00,     3.58,     0.00,     0.00,     0.00,     0.00,     0.00,    31.80,  -999.99,  -999.99,  -999.99
cty,34081,OK: Lincoln County,1981,02,PRCP,     9.98,     0.00,     0.00,     0.00,     0.00,     0.00,     0.00,     0.20,     0.00,    15.03,     0.54,     0.00,     0.00,     0.00,     0.00,     0.00,     0.00,     0.00,     0.00,     0.00,     0.00,     5.01,     0.00,     0.00,     0.00,     0.00,     0.00,    13.74,  -999.99,  -999.99,  -999.99
cty,34083,OK: Logan County,1981,02,PRCP,     5.95,     0.00,     0.00,     0.00,     0.00,     0.00,     0.03,     0.00,     0.00,    12.17,     1.07,     0.00,     0.00,     0.00,     0.00,     0.00,     0.00,     0.00,     0.00,     0.00,     0.00,     5.10,     0.00,     0.00,     0.00,     0.00,     0.00,     3.44,  -999.99,  -999.99,  -999.99
cty,34085,OK: Love County,1981,02,PRCP,     9.04,     0.00,     0.00,     0.00,     0.00,     0.00,     0.00,     0.00,     0.00,    28.66,     0.00,     0.00,     0.00,     0.00,     0.00,     0.00,     0.00,     0.00,     0.00,     0.00,     0.00,     0.00,     0.00,     0.00,     0.00,     0.00,     0.00,    42.32,  -999.99,  -999.99,  -999.99
cty,34087,OK: McClain County,1981,02,PRCP,     5.81,     0.00,     0.00,     0.00,     0.00,     0.00,     0.00,     0.06,     0.00,    16.77,     0.00,     0.00,     0.00,     0.00,     0.00,     0.00,     0.00,     0.00,     0.00,     0.00,     0.00,     3.27,     0.00,     0.00,     0.00,     0.00,     0.00,    18.64,  -999.99,  -999.99,  -999.99
cty,34089,OK: McCurtain County,1981,02,PRCP,    17.97,     0.00,     0.00,     0.00,     0.00,     0.00,     0.00,     1.58,     0.00,    35.73,     0.00,     0.00,     0.00,     0.00,     0.00,     0.00,     0.00,     0.00,     0.00,     0.00,     0.00,     6.32,     0.00,     0.00,     0.00,     0.00,     0.00,    11.20,  -999.99,  -999.99,  -999.99
cty,34091,OK: McIntosh County,1981,02,PRCP,    12.31,     0.00,     0.00,     0.00,     0.00,     0.00,     0.13,     0.29,     0.00,    22.16,     0.70,     0.00,     0.00,     0.00,     0.00,     0.00,     0.00,     0.00,     0.00,     0.00,     0.00,     3.65,     0.00,     0.00,     0.00,     0.00,     0.00,    27.79,  -999.99,  -999.99,  -999.99
cty,34093,OK: Major County,1981,02,PRCP,     1.24,     0.00,     0.00,     0.00,     0.00,     0.00,     0.00,     0.00,     0.00,     6.99,     0.00,     0.00,     0.00,     0.00,     0.00,     0.00,     0.00,     0.00,     0.00,     0.00,     0.00,     2.79,     0.01,     0.00,     0.00,     0.00,     0.00,     0.06,  -999.99,  -999.99,  -999.99
cty,34095,OK: Marshall County,1981,02,PRCP,     9.61,     0.00,     0.00,     0.00,     0.00,     0.00,     0.15,     0.00,     0.00,    30.83,     0.00,     0.00,     0.00,     0.00,     0.00,     0.00,     0.00,     0.00,     0.00,     0.00,     0.00,     0.11,     0.00,     0.00,     0.00,     0.00,     0.00,    41.37,  -999.99,  -999.99,  -999.99
cty,34097,OK: Mayes County,1981,02,PRCP,    15.82,     0.00,     0.00,     0.00,     0.00,     0.33,     0.00,     0.00,     0.00,    22.30,     2.12,     0.00,     0.00,     0.00,     0.00,     0.00,     0.00,     0.00,     0.00,     0.00,     0.00,     8.84,     0.00,     0.00,     0.00,     0.00,     0.00,    15.52,  -999.99,  -999.99,  -999.99
cty,34099,OK: Murray County,1981,02,PRCP,     7.52,     0.00,     0.00,     0.00,     0.00,     0.01,     0.09,     0.06,     0.00,    22.34,     0.00,     0.00,     0.00,     0.00,     0.00,     0.00,     0.00,     0.00,     0.00,     0.00,     0.00,     0.65,     0.00,     0.00,     0.00,     0.00,     0.00,    40.94,  -999.99,  -999.99,  -999.99
cty,34101,OK: Muskogee County,1981,02,PRCP,    12.35,     0.00,     0.00,     0.00,     0.00,     0.01,     0.13,     0.07,     0.00,    20.78,     0.84,     0.00,     0.00,     0.00,     0.00,     0.00,     0.00,     0.00,     0.00,     0.00,     0.00,     4.81,     0.00,     0.00,     0.00,     0.00,     0.00,    24.29,  -999.99,  -999.99,  -999.99
cty,34103,OK: Noble County,1981,02,PRCP,     6.09,     0.00,     0.00,     0.00,     0.00,     0.00,     0.00,     0.00,     0.00,    11.37,     1.22,     0.00,     0.00,     0.00,     0.00,     0.00,     0.00,     0.00,     0.00,     0.00,     0.00,     4.19,     0.00,     0.00,     0.00,     0.00,     0.00,     0.77,  -999.99,  -999.99,  -999.99
cty,34105,OK: Nowata County,1981,02,PRCP,    13.90,     0.00,     0.00,     0.00,     0.05,     0.62,     0.00,     0.00,     0.01,    18.95,     1.84,     0.00,     0.00,     0.00,     0.00,     0.00,     0.00,     0.00,     0.00,     0.00,     0.00,     5.64,     0.00,     0.00,     0.00,     0.00,     0.04,     3.54,  -999.99,  -999.99,  -999.99
cty,34107,OK: Okfuskee County,1981,02,PRCP,    11.30,     0.00,     0.00,     0.00,     0.00,     0.00,     0.00,     0.26,     0.00,    17.45,     0.39,     0.00,     0.00,     0.00,     0.00,     0.00,     0.00,     0.00,     0.00,     0.00,     0.00,     3.68,     0.00,     0.00,     0.00,     0.00,     0.00,    23.03,  -999.99,  -999.99,  -999.99
cty,34109,OK: Oklahoma County,1981,02,PRCP,     5.74,     0.00,     0.00,     0.00,     0.00,     0.00,     0.02,     0.10,     0.00,    12.67,     0.10,     0.00,     0.00,     0.00,     0.00,     0.00,     0.00,     0.00,     0.00,     0.00,     0.00,     4.49,     0.00,     0.00,     0.00,     0.00,     0.00,     8.14,  -999.99,  -999.99,  -999.99
cty,34111,OK: Okmulgee County,1981,02,PRCP,    10.84,     0.00,     0.00,     0.00,     0.00,     0.00,     0.01,     0.02,     0.00,    16.13,     0.74,     0.00,     0.00,     0.00,     0.00,     0.00,     0.00,     0.00,     0.00,     0.00,     0.00,     3.83,     0.00,     0.00,     0.00,     0.00,     0.00,    17.67,  -999.99,  -999.99,  -999.99
cty,34113,OK: Osage County,1981,02,PRCP,     8.40,     0.00,     0.00,     0.00,     0.02,     0.05,     0.00,     0.00,     0.00,    13.42,     1.37,     0.00,     0.00,     0.00,     0.00,     0.00,     0.00,     0.00,     0.00,     0.00,     0.00,     3.84,     0.00,     0.00,     0.00,     0.00,     0.00,     2.37,  -999.99,  -999.99,  -999.99
cty,34115,OK: Ottawa County,1981,02,PRCP,    12.98,     0.00,     0.00,     0.00,     0.00,     0.40,     0.00,     0.00,     0.00,    18.46,     2.29,     0.00,     0.00,     0.00,     0.00,     0.00,     0.00,     0.00,     0.00,     0.00,     0.00,     9.54,     0.00,     0.00,     0.00,     0.00,     0.00,     5.68,  -999.99,  -999.99,  -999.99
cty,34117,OK: Pawnee County,1981,02,PRCP,     9.75,     0.00,     0.00,     0.00,     0.07,     0.00,     0.00,     0.00,     0.00,    14.89,     1.46,     0.00,     0.00,     0.00,     0.00,     0.00,     0.00,     0.00,     0.00,     0.00,     0.00,     4.92,     0.00,     0.00,     0.00,     0.00,     0.00,     4.13,  -999.99,  -999.99,  -999.99
cty,34119,OK: Payne County,1981,02,PRCP,     8.50,     0.00,     0.00,     0.00,     0.00,     0.00,     0.00,     0.00,     0.00,    13.15,     1.30,     0.00,     0.00,     0.00,     0.00,     0.00,     0.00,     0.00,     0.00,     0.00,     0.00,     4.99,     0.00,     0.00,     0.00,     0.00,     0.00,     5.03,  -999.99,  -999.99,  -999.99
cty,34121,OK: Pittsburg County,1981,02,PRCP,    10.03,     0.00,     0.00,     0.00,     0.00,     0.00,     0.02,     0.72,     0.00,    25.09,     0.25,     0.00,     0.00,     0.00,     0.00,     0.00,     0.00,     0.00,     0.00,     0.00,     0.00,     2.12,     0.00,     0.00,     0.00,     0.00,     0.00,    31.87,  -999.99,  -999.99,  -999.99
cty,34123,OK: Pontotoc County,1981,02,PRCP,     6.31,     0.00,     0.00,     0.00,     0.00,     0.00,     0.17,     0.61,     0.00,    18.94,     0.00,     0.00,     0.00,     0.00,     0.00,     0.00,     0.00,     0.00,     0.00,     0.00,     0.00,     0.94,     0.00,     0.00,     0.00,     0.00,     0.00,    32.19,  -999.99,  -999.99,  -999.99
cty,34125,OK: Pottawatomie County,1981,02,PRCP,     7.41,     0.00,     0.00,     0.00,     0.00,     0.00,     0.00,     0.56,     0.00,    14.91,     0.00,     0.00,     0.00,     0.00,     0.00,     0.00,     0.00,     0.00,     0.00,     0.00,     0.00,     2.81,     0.00,     0.00,     0.00,     0.00,     0.00,    21.29,  -999.99,  -999.99,  -999.99
cty,34127,OK: Pushmataha County,1981,02,PRCP,    12.00,     0.00,     0.00,     0.00,     0.00,     0.00,     0.01,     1.36,     0.00,    39.50,     0.00,     0.00,     0.00,     0.00,     0.00,     0.00,     0.00,     0.00,     0.00,     0.00,     0.00,     3.09,     0.00,     0.00,     0.00,     0.00,     0.00,    28.30,  -999.99,  -999.99,  -999.99
cty,34129,OK: Roger Mills County,1981,02,PRCP,     0.00,     0.00,     0.00,     0.00,     0.00,     0.00,     0.00,     0.00,     0.00,     7.57,     0.00,     0.00,     0.00,     0.00,     0.00,     0.00,     0.00,     0.00,     0.00,     0.00,     0.00,     2.62,     0.00,     0.00,     0.00,     0.00,     0.00,     0.90,  -999.99,  -999.99,  -999.99
cty,34131,OK: Rogers County,1981,02,PRCP,    13.49,     0.00,     0.00,     0.00,     0.00,     0.44,     0.00,     0.00,     0.00,    18.58,     1.55,     0.00,     0.00,     0.00,     0.00,     0.00,     0.00,     0.00,     0.00,     0.00,     0.00,     5.84,     0.00,     0.00,     0.00,     0.00,     0.00,    10.04,  -999.99,  -999.99,  -999.99
cty,34133,OK: Seminole County,1981,02,PRCP,     8.85,     0.00,     0.00,     0.00,     0.00,     0.00,     0.00,     0.64,     0.00,    17.61,     0.00,     0.00,     0.00,     0.00,     0.00,     0.00,     0.00,     0.00,     0.00,     0.00,     0.00,     2.56,     0.00,     0.00,     0.00,     0.00,     0.00,    27.23,  -999.99,  -999.99,  -999.99
cty,34135,OK: Sequoyah County,1981,02,PRCP,    11.51,     0.00,     0.00,     0.00,     0.00,     0.00,     0.20,     0.39,     0.09,    28.38,     0.91,     0.00,     0.00,     0.00,     0.00,     0.00,     0.00,     0.00,     0.00,     0.00,     0.00,     4.69,     0.00,     0.00,     0.00,     0.00,     0.00,    28.90,  -999.99,  -999.99,  -999.99
cty,34137,OK: Stephens County,1981,02,PRCP,     6.02,     0.00,     0.00,     0.00,     0.00,     0.00,     0.00,     0.00,     0.00,    16.38,     0.00,     0.00,     0.00,     0.00,     0.00,     0.00,     0.00,     0.00,     0.00,     0.00,     0.00,     0.72,     0.00,     0.00,     0.00,     0.00,     0.00,    32.17,  -999.99,  -999.99,  -999.99
cty,34139,OK: Texas County,1981,02,PRCP,     0.00,     0.00,     0.00,     0.00,     0.00,     0.00,     0.00,     0.00,     0.00,     0.00,     0.00,     0.00,     0.00,     0.00,     0.00,     0.00,     0.00,     0.00,     0.00,     0.00,     0.00,     0.00,     0.00,     0.00,     0.00,     0.00,     0.00,     0.00,  -999.99,  -999.99,  -999.99
cty,34141,OK: Tillman County,1981,02,PRCP,     1.48,     0.00,     0.00,     0.00,     0.00,     0.00,     0.00,     0.00,     0.00,     7.70,     0.00,     0.00,     0.00,     0.00,     0.00,     0.00,     0.00,     0.00,     0.00,     0.00,     0.00,     0.28,     0.00,     0.00,     0.00,     0.00,     0.00,    21.45,  -999.99,  -999.99,  -999.99
cty,34143,OK: Tulsa County,1981,02,PRCP,    10.98,     0.00,     0.00,     0.00,     0.02,     0.14,     0.00,     0.00,     0.00,    14.88,     1.12,     0.00,     0.00,     0.00,     0.00,     0.00,     0.00,     0.00,     0.00,     0.00,     0.00,     4.53,     0.00,     0.00,     0.00,     0.00,     0.00,     9.78,  -999.99,  -999.99,  -999.99
cty,34145,OK: Wagoner County,1981,02,PRCP,    11.84,     0.00,     0.00,     0.00,     0.00,     0.06,     0.00,     0.00,     0.00,    17.21,     1.08,     0.00,     0.00,     0.00,     0.00,     0.00,     0.00,     0.00,     0.00,     0.00,     0.00,     5.33,     0.00,     0.00,     0.00,     0.00,     0.00,    15.75,  -999.99,  -999.99,  -999.99
cty,34147,OK: Washington County,1981,02,PRCP,    11.12,     0.00,     0.00,     0.00,     0.00,     0.47,     0.00,     0.00,     0.00,    16.06,     1.52,     0.00,     0.00,     0.00,     0.00,     0.00,     0.00,     0.00,     0.00,     0.00,     0.00,     4.56,     0.00,     0.00,     0.00,     0.00,     0.00,     3.22,  -999.99,  -999.99,  -999.99
cty,34149,OK: Washita County,1981,02,PRCP,     1.25,     0.00,     0.00,     0.00,     0.00,     0.00,     0.00,     0.00,     0.00,     9.21,     0.00,     0.00,     0.00,     0.00,     0.00,     0.00,     0.00,     0.00,     0.00,     0.00,     0.00,     2.26,     0.00,     0.00,     0.00,     0.00,     0.00,     1.98,  -999.99,  -999.99,  -999.99
cty,34151,OK: Woods County,1981,02,PRCP,     0.72,     0.00,     0.00,     0.00,     0.00,     0.00,     0.00,     0.00,     0.00,     2.93,     0.02,     0.00,     0.00,     0.00,     0.00,     0.00,     0.00,     0.00,     0.00,     0.00,     0.00,     0.80,     0.00,     0.00,     0.00,     0.00,     0.00,     0.01,  -999.99,  -999.99,  -999.99
cty,34153,OK: Woodward County,1981,02,PRCP,     0.20,     0.00,     0.00,     0.00,     0.00,     0.00,     0.00,     0.00,     0.00,     3.21,     0.00,     0.00,     0.00,     0.00,     0.00,     0.00,     0.00,     0.00,     0.00,     0.00,     0.00,     0.96,     0.00,     0.00,     0.00,     0.00,     0.00,     0.29,  -999.99,  -999.99,  -999.99
cty,35001,OR: Baker County,1981,02,PRCP,     0.01,     0.01,     0.34,     0.00,     0.00,     0.03,     0.00,     0.06,     0.00,     0.00,     0.00,     1.87,     0.58,    20.65,     2.39,    10.45,    14.92,     6.50,    10.90,     4.08,     0.05,     0.26,     0.04,     0.07,     0.36,     0.23,     0.12,     0.00,  -999.99,  -999.99,  -999.99
cty,35003,OR: Benton County,1981,02,PRCP,     0.01,     0.00,     0.00,     0.00,     6.30,     0.31,     0.00,     0.00,     0.08,     1.83,     3.69,     1.02,    10.39,    22.44,     5.44,    22.76,     8.38,    16.36,    30.62,     5.54,     0.00,     0.00,     0.00,     7.81,     1.49,     0.89,     2.85,     0.00,  -999.99,  -999.99,  -999.99
cty,35005,OR: Clackamas County,1981,02,PRCP,     0.03,     0.00,     0.00,     0.01,     1.99,     0.10,     0.00,     0.00,     0.07,     3.90,     5.80,    11.04,     4.80,    23.90,    10.77,    35.26,    19.09,    23.01,    39.60,    13.10,     0.66,     0.03,     0.00,    12.55,     5.90,     2.07,     3.74,     0.04,  -999.99,  -999.99,  -999.99
cty,35007,OR: Clatsop County,1981,02,PRCP,     0.00,     0.00,     0.00,     0.00,     4.43,     0.00,     0.00,     0.00,     1.47,     1.62,     5.59,    41.14,    12.18,    23.98,    33.29,    73.48,    23.16,    30.06,    52.13,     8.38,     0.00,     0.00,     0.79,    12.19,     5.91,     0.00,     0.35,     0.00,  -999.99,  -999.99,  -999.99
cty,35009,OR: Columbia County,1981,02,PRCP,     0.00,     0.00,     0.00,     0.00,     3.67,     0.00,     0.00,     0.00,     0.88,     2.05,     3.21,    20.78,     6.61,    13.64,    14.77,    32.18,    11.02,    14.66,    39.82,     7.67,     0.03,     0.00,     0.00,     8.69,     3.73,     0.01,     0.07,     0.00,  -999.99,  -999.99,  -999.99
cty,35011,OR: Coos County,1981,02,PRCP,     0.00,     0.00,     0.00,     0.00,     9.72,     4.01,     0.00,     0.00,     0.00,     0.70,     4.55,     0.23,     9.92,    29.97,     3.69,    26.11,    12.82,     9.91,    20.91,     8.31,     0.00,     0.00,     0.00,    25.81,     2.05,     9.56,     3.31,     0.01,  -999.99,  -999.99,  -999.99
cty,35013,OR: Crook County,1981,02,PRCP,     0.04,     1.51,     0.00,     0.00,     0.15,     0.01,     0.00,     0.00,     0.00,     1.01,     0.72,     0.00,     0.27,     2.90,     0.03,     3.02,    13.42,     5.55,     4.17,     3.03,     0.01,     0.00,     0.00,     1.08,     1.98,     0.63,     0.13,     0.00,  -999.99,  -999.99,  -999.99
cty,35015,OR: Curry County,1981,02,PRCP,     0.00,     0.00,     0.00,     0.01,     7.55,     4.05,     0.00,     0.00,     0.00,     0.00,     5.05,     0.80,     6.64,    38.68,    13.22,    26.42,    25.11,    11.38,    25.52,    11.83,     0.00,     0.00,     0.00,    28.24,     1.51,    15.72,     4.13,     0.00,  -999.99,  -999.99,  -999.99
cty,35017,OR: Deschutes County,1981,02,PRCP,     0.04,     0.27,     0.00,     0.00,     0.92,     0.57,     0.00,     0.00,     0.00,     0.35,     0.79,     0.18,     0.10,     6.88,     0.70,    10.33,    14.36,     9.80,     8.52,     8.32,     0.05,     0.00,     0.00,     2.18,     1.63,     2.88,     0.23,     0.00,  -999.99,  -999.99,  -999.99
cty,35019,OR: Douglas County,1981,02,PRCP,     0.01,     0.00,     0.01,     0.00,     5.24,     2.45,     0.00,     0.00,     0.00,     0.54,     3.96,     0.28,     3.97,    24.42,     1.29,    17.13,    16.33,    10.43,    16.67,    11.89,     0.00,     0.00,     0.00,    12.90,     2.52,     1.89,     1.33,     0.00,  -999.99,  -999.99,  -999.99
cty,35021,OR: Gilliam County,1981,02,PRCP,     0.00,     0.02,     0.00,     0.00,     0.09,     0.00,     0.00,     0.00,     0.00,     1.39,     0.65,     0.04,     1.88,     3.90,     0.02,     4.69,     3.67,     2.98,    10.34,     0.88,     0.00,     0.00,     0.00,     0.02,     1.55,     0.07,     0.95,     0.00,  -999.99,  -999.99,  -999.99
cty,35023,OR: Grant County,1981,02,PRCP,     0.10,     1.25,     0.01,     0.00,     0.01,     0.00,     0.01,     0.22,     0.01,     0.66,     1.10,     0.20,     0.29,    12.86,     2.02,     5.79,    12.96,     6.02,     9.04,     5.02,     0.13,     0.06,     0.00,     0.07,     1.83,     0.37,     0.08,     0.00,  -999.99,  -999.99,  -999.99
cty,35025,OR: Harney County,1981,02,PRCP,     0.07,     0.33,     0.00,     0.00,     0.00,     0.07,     0.00,     0.01,     0.00,     0.05,     0.62,     0.66,     0.02,     8.71,     1.35,     0.56,     5.67,     0.22,     1.00,     7.43,     0.02,     0.00,     0.00,     0.00,     1.12,     0.19,     0.02,     0.00,  -999.99,  -999.99,  -999.99
cty,35027,OR: Hood River County,1981,02,PRCP,     0.00,     0.00,     0.00,     0.00,     0.69,     0.00,     0.00,     0.00,     0.03,     3.93,     4.04,    14.27,     5.53,    20.27,     8.66,    39.26,    25.51,    24.97,    43.41,    14.76,     1.70,     0.10,     0.00,    10.95,     3.81,     3.30,     3.22,     0.05,  -999.99,  -999.99,  -999.99
cty,35029,OR: Jackson County,1981,02,PRCP,     0.06,     0.00,     0.00,     0.03,     1.96,     1.60,     0.00,     0.09,     0.14,     0.00,     4.69,     0.66,     0.60,    24.36,     1.18,     5.21,    16.98,     3.87,     7.90,    11.47,     0.00,     0.01,     0.00,     7.69,     2.84,     1.08,     0.82,     0.00,  -999.99,  -999.99,  -999.99
cty,35031,OR: Jefferson County,1981,02,PRCP,     0.00,     0.00,     0.00,     0.00,     0.72,     0.05,     0.00,     0.00,     0.00,     1.18,     0.61,     0.40,     0.64,     4.88,     0.51,     9.27,    10.93,     9.77,    11.04,     4.36,     0.00,     0.00,     0.00,     2.25,     0.78,     1.25,     0.62,     0.00,  -999.99,  -999.99,  -999.99
cty,35033,OR: Josephine County,1981,02,PRCP,     0.05,     0.00,     0.00,     0.03,     2.42,     1.94,     0.00,     0.16,     0.39,     0.07,     4.93,     0.08,     3.77,    25.68,     5.23,    15.08,    22.34,     8.15,    15.25,    12.68,     0.00,     0.00,     0.00,     8.80,     1.81,     6.20,     1.28,     0.00,  -999.99,  -999.99,  -999.99
cty,35035,OR: Klamath County,1981,02,PRCP,     0.42,     0.26,     0.14,     0.00,     1.45,     1.68,     0.00,     0.08,     0.00,     0.02,     3.61,     0.86,     0.59,    24.66,     0.75,     4.80,     7.78,     4.46,     4.10,     9.76,     1.06,     0.01,     0.00,     3.17,     4.32,     1.86,     0.17,     0.03,  -999.99,  -999.99,  -999.99
cty,35037,OR: Lake County,1981,02,PRCP,     1.22,     0.70,     0.05,     0.01,     0.18,     0.29,     0.08,     0.14,     0.00,     0.00,     1.91,     0.40,     0.07,    12.12,     0.16,     0.84,     4.32,     0.84,     0.31,     4.87,     0.95,     0.00,     0.00,     0.24,     2.29,     0.73,     0.01,     0.01,  -999.99,  -999.99,  -999.99
cty,35039,OR: Lane County,1981,02,PRCP,     0.01,     0.01,     0.00,     0.00,     5.88,     1.38,     0.00,     0.00,     0.00,     1.83,     4.61,     0.99,     4.61,    27.94,     4.69,    26.54,    21.37,    19.56,    27.70,    14.63,     0.01,     0.00,     0.00,    12.71,     3.40,     1.72,     2.53,     0.02,  -999.99,  -999.99,  -999.99
cty,35041,OR: Lincoln County,1981,02,PRCP,     0.00,     0.00,     0.00,     0.00,    10.97,     1.13,     0.00,     0.00,     0.37,     2.52,     6.03,     5.14,    14.20,    29.04,     7.95,    47.17,    12.15,    24.46,    41.11,     7.64,     0.00,     0.00,     0.00,    16.32,     3.78,     1.52,     3.04,     0.00,  -999.99,  -999.99,  -999.99
cty,35043,OR: Linn County,1981,02,PRCP,     0.00,     0.00,     0.00,     0.00,     5.23,     0.80,     0.00,     0.00,     0.03,     3.65,     4.78,     2.93,     4.55,    34.24,    10.32,    32.10,    23.56,    27.85,    37.80,    14.49,     0.00,     0.01,     0.00,    12.80,     4.46,     1.69,     4.02,     0.00,  -999.99,  -999.99,  -999.99
cty,35045,OR: Malheur County,1981,02,PRCP,     0.00,     0.00,     0.00,     0.00,     0.00,     0.30,     0.00,     0.00,     0.00,     0.00,     0.03,     0.35,     0.00,    10.38,     1.35,     0.79,     5.91,     0.83,     2.37,     7.95,     0.00,     0.00,     0.00,     0.00,     0.42,     0.13,     0.00,     0.00,  -999.99,  -999.99,  -999.99
cty,35047,OR: Marion County,1981,02,PRCP,     0.00,     0.00,     0.00,     0.00,     4.10,     0.25,     0.00,     0.00,     0.18,     3.28,     4.37,     4.90,     5.13,    23.96,     9.16,    26.91,    15.61,    20.57,    33.13,     9.34,     0.00,     0.00,     0.00,    11.21,     3.65,     1.48,     3.20,     0.00,  -999.99,  -999.99,  -999.99
cty,35049,OR: Morrow County,1981,02,PRCP,     0.00,     0.55,     0.00,     0.00,     0.06,     0.00,     0.00,     0.04,     0.06,     0.80,     0.77,     0.28,     1.00,     3.50,     0.49,     4.29,     4.61,     2.88,     8.47,     0.88,     0.00,     0.04,     0.02,     0.54,     3.38,     0.76,     0.48,     0.04,  -999.99,  -999.99,  -999.99
cty,35051,OR: Multnomah County,1981,02,PRCP,     0.03,     0.00,     0.00,     0.00,     2.63,     0.15,     0.00,     0.00,     0.49,     3.28,     4.86,    13.05,     5.69,    17.57,     8.47,    27.77,    12.71,    16.07,    38.20,     8.48,     0.93,     0.04,     0.00,    11.74,     5.88,     0.99,     3.57,     0.04,  -999.99,  -999.99,  -999.99
cty,35053,OR: Polk County,1981,02,PRCP,     0.00,     0.00,     0.00,     0.00,     7.24,     0.09,     0.00,     0.00,     0.34,     2.20,     3.81,     4.04,    11.37,    22.37,    10.45,    31.59,    12.34,    19.79,    42.88,     7.00,     0.00,     0.00,     0.00,     8.97,     1.79,     0.16,     2.18,     0.00,  -999.99,  -999.99,  -999.99
cty,35055,OR: Sherman County,1981,02,PRCP,     0.00,     0.00,     0.00,     0.00,     0.26,     0.00,     0.00,     0.00,     0.00,     1.63,     0.31,     0.12,     2.39,     5.13,     0.00,     6.71,     3.36,     3.37,    11.83,     0.95,     0.00,     0.00,     0.00,     0.68,     0.15,     0.13,     0.82,     0.00,  -999.99,  -999.99,  -999.99
cty,35057,OR: Tillamook County,1981,02,PRCP,     0.00,     0.00,     0.00,     0.00,     7.72,     0.05,     0.00,     0.00,     1.03,     2.28,     5.29,    27.20,    12.96,    27.21,    25.70,    74.18,    22.78,    30.57,    57.30,    11.13,     0.00,     0.00,     0.07,    14.20,     6.00,     0.09,     1.58,     0.00,  -999.99,  -999.99,  -999.99
cty,35059,OR: Umatilla County,1981,02,PRCP,     0.02,     0.25,     0.00,     0.03,     0.00,     0.01,     0.01,     0.01,     0.01,     1.42,     1.49,     2.63,     1.08,    11.50,     1.89,    11.11,     7.24,     3.84,    13.67,     2.71,     0.00,     0.10,     0.02,     0.10,     6.83,     1.44,     1.03,     0.15,  -999.99,  -999.99,  -999.99
cty,35061,OR: Union County,1981,02,PRCP,     0.20,     0.48,     0.23,     0.01,     0.00,     0.00,     0.03,     0.06,     0.10,     0.63,     0.95,     4.12,     2.40,    14.01,     5.09,    16.63,    17.07,     6.31,    15.40,     7.25,     0.22,     0.53,     0.08,     0.01,     2.16,     1.65,     0.43,     0.38,  -999.99,  -999.99,  -999.99
cty,35063,OR: Wallowa County,1981,02,PRCP,     0.02,     0.28,     0.14,     0.00,     0.00,     0.00,     0.00,     0.25,     0.36,     0.77,     1.24,     4.77,     2.01,    12.27,     5.07,    12.87,    16.58,     9.67,    12.27,     6.12,     0.38,     0.30,     0.09,     0.00,     0.78,     0.79,     0.00,     0.00,  -999.99,  -999.99,  -999.99
cty,35065,OR: Wasco County,1981,02,PRCP,     0.00,     0.00,     0.00,     0.00,     0.64,     0.00,     0.00,     0.00,     0.00,     1.97,     0.59,     1.64,     2.34,     7.25,     0.82,    12.00,     8.95,     9.53,    18.51,     3.40,     0.00,     0.00,     0.00,     3.62,     0.38,     0.37,     1.17,     0.00,  -999.99,  -999.99,  -999.99
cty,35067,OR: Washington County,1981,02,PRCP,     0.00,     0.00,     0.00,     0.00,     5.77,     0.02,     0.00,     0.00,     0.56,     2.34,     2.86,    16.64,     8.03,    16.76,    15.07,    30.91,    11.86,    15.39,    44.95,     7.77,     0.10,     0.00,     0.00,     7.30,     1.70,     0.04,     0.45,     0.00,  -999.99,  -999.99,  -999.99
cty,35069,OR: Wheeler County,1981,02,PRCP,     0.01,     1.27,     0.00,     0.00,     0.01,     0.00,     0.05,     0.06,     0.05,     1.99,     1.11,     0.00,     1.46,     3.57,     0.05,     4.92,    14.80,     7.48,     8.03,     2.51,     0.00,     0.00,     0.07,     1.02,     3.04,     0.49,     0.66,     0.00,  -999.99,  -999.99,  -999.99
cty,35071,OR: Yamhill County,1981,02,PRCP,     0.00,     0.00,     0.00,     0.00,     6.66,     0.02,     0.00,     0.00,     0.51,     2.15,     3.29,     9.19,     9.80,    18.15,    12.15,    29.89,    10.08,    16.06,    41.46,     6.10,     0.03,     0.00,     0.00,     7.72,     1.62,     0.14,     1.06,     0.00,  -999.99,  -999.99,  -999.99
cty,36001,PA: Adams County,1981,02,PRCP,     0.00,    26.39,     9.67,     0.00,     0.00,     0.00,     0.00,     0.00,     5.23,     0.00,    26.69,     6.75,     0.00,     0.00,     0.00,     0.00,     0.44,     0.00,     0.00,    28.62,    16.82,     0.69,    13.28,    28.65,     0.01,     0.00,     0.00,     0.00,  -999.99,  -999.99,  -999.99
cty,36003,PA: Allegheny County,1981,02,PRCP,     0.00,    26.03,     1.43,     0.00,     0.22,     0.82,     0.49,     2.12,     4.49,     0.00,     6.70,     8.25,     0.00,     0.00,     0.00,     0.00,     5.16,     0.72,     0.00,    13.04,    13.35,     0.13,     1.02,    13.43,     1.05,     0.00,     0.00,     0.12,  -999.99,  -999.99,  -999.99
cty,36005,PA: Armstrong County,1981,02,PRCP,     0.00,    28.26,     1.20,     0.26,     0.46,     1.26,     0.78,     2.11,     4.08,     0.00,     6.44,     8.09,     0.00,     0.00,     0.00,     0.00,     7.74,     0.66,     0.00,    17.37,    12.50,     0.18,     0.14,    13.20,     1.25,     0.00,     0.00,     0.92,  -999.99,  -999.99,  -999.99
cty,36007,PA: Beaver County,1981,02,PRCP,     0.01,    27.85,     1.17,     0.00,     0.25,     1.25,     0.64,     1.58,     2.85,     0.00,    10.84,    10.00,     0.01,     0.00,     0.00,     0.00,     8.20,     0.72,     0.56,    14.95,    11.80,     0.00,     2.99,    12.38,     1.16,     0.00,     0.00,     1.00,  -999.99,  -999.99,  -999.99
cty,36009,PA: Bedford County,1981,02,PRCP,     0.00,    31.02,     2.11,     0.00,     0.00,     0.00,     0.01,     0.02,     6.40,     0.00,    14.65,     3.17,     0.00,     0.00,     0.00,     0.00,     0.18,     0.02,     0.00,    15.99,    12.60,     1.58,     3.46,    12.25,     1.30,     0.00,     0.00,     0.00,  -999.99,  -999.99,  -999.99
cty,36011,PA: Berks County,1981,02,PRCP,     0.00,    21.91,    11.07,     0.00,     0.00,     0.00,     0.01,     0.00,     7.86,     0.00,    14.39,    12.95,     0.00,     0.00,     0.00,     0.00,     0.56,     0.00,     0.00,     9.57,    11.97,     3.09,     4.67,    22.94,     0.00,     0.00,     0.00,     0.00,  -999.99,  -999.99,  -999.99
cty,36013,PA: Blair County,1981,02,PRCP,     0.00,    30.73,     2.88,     0.00,     0.05,     0.00,     0.13,     0.12,     6.21,     0.00,    16.07,     3.92,     0.00,     0.00,     0.00,     0.00,     1.24,     0.17,     0.00,    20.35,    18.12,     1.23,     4.08,    19.52,     1.00,     0.00,     0.00,     0.00,  -999.99,  -999.99,  -999.99
cty,36015,PA: Bradford County,1981,02,PRCP,     0.00,    23.00,     8.32,     0.00,     0.08,     0.00,     0.12,     0.01,     9.73,     0.00,    21.80,    14.91,     0.00,     0.00,     0.00,     0.00,     0.00,     0.00,     0.00,    10.12,    10.25,     2.02,     1.55,    26.47,     0.45,     1.22,     0.00,     0.00,  -999.99,  -999.99,  -999.99
cty,36017,PA: Bucks County,1981,02,PRCP,     0.00,    10.30,    19.47,     0.00,     0.00,     0.00,     0.00,     0.94,     6.80,     0.00,     3.88,    16.58,     0.00,     0.00,     0.00,     0.00,     0.02,     0.00,     0.00,     9.02,    11.62,     6.37,     1.32,    22.48,     0.00,     0.07,     0.09,     0.00,  -999.99,  -999.99,  -999.99
cty,36019,PA: Butler County,1981,02,PRCP,     0.00,    23.50,     0.89,     0.04,     0.38,     1.43,     0.79,     1.53,     2.61,     0.00,     9.22,     8.46,     0.00,     0.00,     0.00,     0.00,     8.67,     0.75,     0.26,    14.96,     8.25,     0.00,     1.53,    12.24,     0.88,     0.00,     0.00,     1.12,  -999.99,  -999.99,  -999.99
cty,36021,PA: Cambria County,1981,02,PRCP,     0.00,    28.88,     2.61,     0.52,     0.43,     0.18,     0.66,     0.99,     6.26,     0.00,     7.94,     6.58,     0.00,     0.00,     0.00,     0.00,     2.32,     0.72,     0.00,    20.02,    22.38,     1.39,     1.18,    13.77,     1.29,     0.00,     0.00,     0.00,  -999.99,  -999.99,  -999.99
cty,36023,PA: Cameron County,1981,02,PRCP,     0.00,    21.45,     2.75,     0.01,     0.29,     0.10,     1.32,     1.04,     3.99,     0.02,    14.87,     6.82,     0.00,     0.00,     0.00,     0.00,     2.74,     0.41,     0.00,    22.27,    12.41,     0.52,     2.03,    20.74,     0.48,     0.00,     0.00,     0.93,  -999.99,  -999.99,  -999.99
cty,36025,PA: Carbon County,1981,02,PRCP,     0.00,    40.83,    13.86,     0.00,     0.00,     0.00,     0.49,     0.00,    10.72,     0.00,    26.88,    25.70,     0.00,     0.00,     0.00,     0.00,     0.63,     0.00,     0.00,    13.13,    23.28,     4.43,     4.43,    25.49,     0.00,     0.04,     0.00,     0.00,  -999.99,  -999.99,  -999.99
cty,36027,PA: Centre County,1981,02,PRCP,     0.00,    28.81,     6.06,     0.00,     0.08,     0.00,     0.32,     0.02,     7.15,     0.01,    21.19,     8.11,     0.01,     0.00,     0.00,     0.00,     1.15,     0.23,     0.00,    24.15,    16.51,     0.73,     5.23,    34.37,     0.23,     0.00,     0.00,     0.00,  -999.99,  -999.99,  -999.99
cty,36029,PA: Chester County,1981,02,PRCP,     0.00,    11.68,    14.16,     0.00,     0.00,     0.00,     0.00,     0.55,     7.09,     0.00,     6.92,    17.82,     0.00,     0.00,     0.00,     0.00,     0.21,     0.00,     0.00,     8.46,     8.49,     3.56,     4.67,    20.55,     0.06,     0.00,     0.00,     0.00,  -999.99,  -999.99,  -999.99
cty,36031,PA: Clarion County,1981,02,PRCP,     0.00,    27.74,     1.10,     0.26,     0.43,     1.62,     1.35,     1.73,     3.45,     0.00,     9.69,     8.73,     0.00,     0.00,     0.00,     0.00,    10.42,     0.77,     0.02,    18.43,     7.13,     0.00,     0.18,    13.70,     1.71,     0.00,     0.00,     2.45,  -999.99,  -999.99,  -999.99
cty,36033,PA: Clearfield County,1981,02,PRCP,     0.00,    26.55,     3.11,     0.22,     0.36,     0.34,     1.23,     1.14,     4.99,     0.00,    11.97,     7.02,     0.00,     0.00,     0.00,     0.00,     3.32,     0.65,     0.00,    22.12,    17.34,     0.82,     1.67,    19.05,     1.19,     0.00,     0.00,     0.31,  -999.99,  -999.99,  -999.99
cty,36035,PA: Clinton County,1981,02,PRCP,     0.00,    28.01,     5.77,     0.00,     0.12,     0.00,     0.43,     0.15,     6.74,     0.00,    22.33,     8.86,     0.00,     0.00,     0.00,     0.00,     1.25,     0.17,     0.00,    24.90,    13.35,     0.52,     4.87,    33.47,     0.08,     0.00,     0.00,     0.10,  -999.99,  -999.99,  -999.99
cty,36037,PA: Columbia County,1981,02,PRCP,     0.00,    33.12,     8.64,     0.00,     0.00,     0.00,     0.25,     0.00,    10.72,     0.00,    33.76,    13.22,     0.00,     0.00,     0.00,     0.00,     0.39,     0.00,     0.00,    11.62,    13.39,     1.47,     2.63,    24.66,     0.00,     0.15,     0.00,     0.00,  -999.99,  -999.99,  -999.99
cty,36039,PA: Crawford County,1981,02,PRCP,     0.00,    22.91,     0.91,     0.17,     0.58,     1.54,     1.63,     0.32,     2.67,     0.00,    13.10,    10.70,     0.00,     0.00,     0.00,     0.00,    11.53,     0.53,    12.83,    20.05,     3.83,     0.04,     2.95,    13.75,     1.83,     0.00,     0.00,     2.86,  -999.99,  -999.99,  -999.99
cty,36041,PA: Cumberland County,1981,02,PRCP,     0.00,    27.64,     8.69,     0.00,     0.00,     0.00,     0.00,     0.00,     5.43,     0.00,    26.27,     7.17,     0.00,     0.00,     0.00,     0.00,     0.43,     0.00,     0.00,    26.59,    17.40,     0.55,    11.84,    32.63,     0.00,     0.00,     0.00,     0.00,  -999.99,  -999.99,  -999.99
cty,36043,PA: Dauphin County,1981,02,PRCP,     0.00,    30.62,     9.92,     0.00,     0.00,     0.00,     0.00,     0.00,     7.92,     0.00,    30.53,     9.27,     0.00,     0.00,     0.00,     0.00,     0.57,     0.00,     0.00,    19.55,    17.60,     0.74,     8.05,    31.13,     0.00,     0.00,     0.00,     0.00,  -999.99,  -999.99,  -999.99
cty,36045,PA: Delaware County,1981,02,PRCP,     0.00,     7.29,    18.38,     0.00,     0.00,     0.00,     0.00,     1.25,     7.67,     0.00,     3.09,    23.48,     0.01,     0.00,     0.00,     0.00,     0.00,     0.00,     0.00,     8.77,     9.16,     4.73,     2.90,    21.36,     0.25,     0.00,     0.00,     0.00,  -999.99,  -999.99,  -999.99
cty,36047,PA: Elk County,1981,02,PRCP,     0.00,    23.43,     1.92,     0.28,     0.36,     0.64,     1.87,     1.84,     3.05,     0.00,    13.31,     6.80,     0.00,     0.00,     0.00,     0.00,     5.16,     0.50,     0.00,    18.27,     7.19,     0.47,     0.67,    13.74,     1.74,     0.00,     0.00,     2.11,  -999.99,  -999.99,  -999.99
cty,36049,PA: Erie County,1981,02,PRCP,     0.00,    20.71,     2.36,     0.66,     0.80,     0.87,     1.44,     0.01,     2.18,     0.01,     9.21,     9.36,     0.02,     0.00,     0.00,     0.00,    10.95,     0.31,    11.73,    26.13,     5.28,     0.37,     1.16,    16.42,     2.62,     0.04,     0.00,     3.01,  -999.99,  -999.99,  -999.99
cty,36051,PA: Fayette County,1981,02,PRCP,     0.00,    31.49,     2.83,     0.24,     0.05,     0.03,     0.30,     1.79,     6.48,     0.00,     2.56,     5.19,     0.00,     0.00,     0.00,     0.00,     2.34,     1.23,     0.00,    12.22,    30.23,     1.68,     0.23,    13.71,     1.97,     0.00,     0.00,     0.00,  -999.99,  -999.99,  -999.99
cty,36053,PA: Forest County,1981,02,PRCP,     0.00,    26.34,     1.31,     0.32,     0.42,     1.27,     1.90,     1.49,     3.01,     0.00,    12.49,     8.35,     0.00,     0.00,     0.00,     0.00,     9.23,     0.49,     0.54,    16.94,     3.30,     0.05,     0.00,    12.53,     2.55,     0.00,     0.00,     4.11,  -999.99,  -999.99,  -999.99
cty,36055,PA: Franklin County,1981,02,PRCP,     0.00,    29.82,     6.40,     0.00,     0.00,     0.00,     0.00,     0.00,     5.13,     0.00,    21.61,     4.77,     0.00,     0.00,     0.00,     0.00,     0.67,     0.00,     0.00,    28.20,     9.16,     0.85,    10.67,    25.48,     0.46,     0.00,     0.00,     0.00,  -999.99,  -999.99,  -999.99
cty,36057,PA: Fulton County,1981,02,PRCP,     0.00,    31.02,     3.57,     0.00,     0.00,     0.00,     0.00,     0.00,     5.72,     0.00,    18.56,     3.35,     0.00,     0.00,     0.00,     0.00,     0.33,     0.00,     0.00,    20.00,     8.97,     1.29,     7.48,    16.60,     0.86,     0.00,     0.00,     0.00,  -999.99,  -999.99,  -999.99
cty,36059,PA: Greene County,1981,02,PRCP,     0.00,    34.88,     1.83,     0.00,     0.00,     0.44,     0.23,     2.58,     5.56,     0.00,     5.74,     8.98,     0.00,     0.00,     0.00,     0.00,     4.24,     0.97,     0.00,    10.09,    14.74,     0.73,     3.52,    13.90,     1.53,     0.00,     0.00,     0.00,  -999.99,  -999.99,  -999.99
cty,36061,PA: Huntingdon County,1981,02,PRCP,     0.00,    31.17,     5.13,     0.00,     0.00,     0.00,     0.00,     0.00,     6.38,     0.00,    19.41,     5.96,     0.00,     0.00,     0.00,     0.00,     1.01,     0.02,     0.00,    21.12,    13.65,     0.89,     6.74,    28.59,     0.30,     0.00,     0.00,     0.00,  -999.99,  -999.99,  -999.99
cty,36063,PA: Indiana County,1981,02,PRCP,     0.00,    31.87,     2.15,     0.53,     0.50,     0.73,     0.73,     1.82,     5.41,     0.00,     4.59,     7.88,     0.00,     0.00,     0.00,     0.00,     5.06,     0.63,     0.00,    19.28,    19.75,     0.86,     0.05,    13.44,     1.54,     0.00,     0.00,     0.22,  -999.99,  -999.99,  -999.99
cty,36065,PA: Jefferson County,1981,02,PRCP,     0.00,    29.22,     1.74,     0.39,     0.39,     1.19,     1.47,     1.98,     3.58,     0.00,     9.52,     7.98,     0.00,     0.00,     0.00,     0.00,     7.81,     0.76,     0.00,    18.32,     9.50,     0.36,     0.03,    13.96,     1.89,     0.00,     0.00,     1.92,  -999.99,  -999.99,  -999.99
cty,36067,PA: Juniata County,1981,02,PRCP,     0.00,    31.84,     8.01,     0.00,     0.00,     0.00,     0.00,     0.00,     7.10,     0.00,    29.75,     8.73,     0.00,     0.00,     0.00,     0.00,     0.57,     0.00,     0.00,    27.56,    14.70,     0.49,     9.67,    39.81,     0.00,     0.00,     0.00,     0.00,  -999.99,  -999.99,  -999.99
cty,36069,PA: Lackawanna County,1981,02,PRCP,     0.00,    38.62,    19.70,     0.00,     0.29,     0.00,     0.26,     0.00,    13.45,     0.00,    29.94,    29.26,     0.00,     0.00,     0.00,     0.00,     0.25,     0.00,     0.00,     7.09,    18.43,     5.57,     0.91,    23.65,     0.21,     0.79,     0.00,     0.00,  -999.99,  -999.99,  -999.99
cty,36071,PA: Lancaster County,1981,02,PRCP,     0.00,    16.95,    10.37,     0.00,     0.00,     0.00,     0.00,     0.03,     5.24,     0.00,    13.10,     9.82,     0.00,     0.00,     0.00,     0.00,     0.42,     0.00,     0.00,     8.54,    10.13,     1.80,     6.62,    19.06,     0.00,     0.00,     0.00,     0.00,  -999.99,  -999.99,  -999.99
cty,36073,PA: Lawrence County,1981,02,PRCP,     0.00,    24.98,     0.70,     0.00,     0.29,     1.71,     0.86,     1.03,     1.76,     0.00,    12.40,     9.64,     0.00,     0.00,     0.00,     0.00,     9.50,     0.62,     3.72,    14.67,     7.25,     0.00,     3.77,    11.18,     0.91,     0.00,     0.00,     1.31,  -999.99,  -999.99,  -999.99
cty,36075,PA: Lebanon County,1981,02,PRCP,     0.00,    28.11,     9.28,     0.00,     0.00,     0.00,     0.03,     0.00,     7.56,     0.00,    25.15,     9.37,     0.00,     0.00,     0.00,     0.00,     0.48,     0.00,     0.00,    14.46,    14.55,     1.38,     7.17,    26.07,     0.00,     0.00,     0.00,     0.00,  -999.99,  -999.99,  -999.99
cty,36077,PA: Lehigh County,1981,02,PRCP,     0.00,    24.37,    14.65,     0.00,     0.00,     0.00,     0.03,     0.04,     7.51,     0.02,    13.89,    14.35,     0.00,     0.00,     0.00,     0.00,     0.40,     0.00,     0.00,     9.77,    17.60,     5.17,     3.59,    23.76,     0.00,     0.00,     0.00,     0.00,  -999.99,  -999.99,  -999.99
cty,36079,PA: Luzerne County,1981,02,PRCP,     0.00,    38.16,    12.56,     0.00,     0.03,     0.00,     0.24,     0.00,    11.83,     0.00,    34.71,    21.14,     0.00,     0.00,     0.00,     0.00,     0.26,     0.00,     0.00,    10.03,    15.66,     4.18,     2.16,    24.93,     0.04,     0.24,     0.00,     0.00,  -999.99,  -999.99,  -999.99
cty,36081,PA: Lycoming County,1981,02,PRCP,     0.00,    34.83,     6.64,     0.00,     0.05,     0.00,     0.42,     0.00,     9.20,     0.00,    33.34,    12.67,     0.00,     0.00,     0.00,     0.00,     0.51,     0.01,     0.00,    21.95,    11.27,     0.72,     5.32,    35.11,     0.00,     0.03,     0.00,     0.00,  -999.99,  -999.99,  -999.99
cty,36083,PA: McKean County,1981,02,PRCP,     0.00,    23.36,     1.97,     0.25,     0.53,     0.27,     2.10,     1.69,     3.21,     0.00,    16.97,     7.99,     0.00,     0.00,     0.00,     0.00,     6.18,     0.33,     0.31,    18.92,     5.79,     0.63,     0.41,    16.02,     1.11,     0.00,     0.00,     4.25,  -999.99,  -999.99,  -999.99
cty,36085,PA: Mercer County,1981,02,PRCP,     0.00,    25.25,     0.64,     0.02,     0.42,     2.11,     1.42,     0.73,     2.26,     0.00,    14.63,    11.13,     0.08,     0.00,     0.00,     0.00,    11.67,     0.59,     9.37,    17.52,     5.04,     0.00,     4.53,    12.38,     1.06,     0.00,     0.00,     2.04,  -999.99,  -999.99,  -999.99
cty,36087,PA: Mifflin County,1981,02,PRCP,     0.00,    30.51,     7.00,     0.00,     0.00,     0.00,     0.00,     0.00,     6.82,     0.00,    25.48,     8.03,     0.00,     0.00,     0.00,     0.00,     0.91,     0.00,     0.00,    25.49,    12.26,     0.52,     7.62,    37.76,     0.05,     0.00,     0.00,     0.00,  -999.99,  -999.99,  -999.99
cty,36089,PA: Monroe County,1981,02,PRCP,     0.00,    37.82,    17.12,     0.00,     0.08,     0.00,     0.28,     0.00,    10.21,     0.00,    21.97,    28.19,     0.00,     0.00,     0.00,     0.00,     0.30,     0.00,     0.00,    14.81,    29.33,     6.15,     2.82,    25.58,     0.01,     0.10,     0.00,     0.00,  -999.99,  -999.99,  -999.99
cty,36091,PA: Montgomery County,1981,02,PRCP,     0.00,    11.18,    17.86,     0.00,     0.00,     0.00,     0.00,     0.79,     7.21,     0.00,     4.74,    17.11,     0.00,     0.00,     0.00,     0.00,     0.13,     0.00,     0.00,     7.95,    10.05,     5.32,     2.57,    22.55,     0.05,     0.00,     0.00,     0.00,  -999.99,  -999.99,  -999.99
cty,36093,PA: Montour County,1981,02,PRCP,     0.00,    33.28,     8.49,     0.00,     0.00,     0.00,     0.15,     0.00,     9.95,     0.00,    33.61,    11.47,     0.00,     0.00,     0.00,     0.00,     0.41,     0.00,     0.00,    14.40,    13.30,     0.76,     3.06,    28.64,     0.02,     0.11,     0.00,     0.00,  -999.99,  -999.99,  -999.99
cty,36095,PA: Northampton County,1981,02,PRCP,     0.00,    23.80,    17.92,     0.00,     0.00,     0.00,     0.00,     0.16,     7.43,     0.14,    11.60,    16.34,     0.00,     0.00,     0.00,     0.00,     0.18,     0.00,     0.00,    10.34,    20.01,     6.43,     2.23,    23.78,     0.00,     0.00,     0.00,     0.00,  -999.99,  -999.99,  -999.99
cty,36097,PA: Northumberland County,1981,02,PRCP,     0.00,    31.70,     9.85,     0.00,     0.00,     0.00,     0.00,     0.00,    10.52,     0.00,    32.91,    10.81,     0.00,     0.00,     0.00,     0.00,     0.40,     0.00,     0.00,    15.44,    15.58,     0.85,     4.54,    30.53,     0.01,     0.22,     0.00,     0.00,  -999.99,  -999.99,  -999.99
cty,36099,PA: Perry County,1981,02,PRCP,     0.00,    30.99,     8.89,     0.00,     0.00,     0.00,     0.00,     0.00,     6.82,     0.00,    29.50,     8.65,     0.00,     0.00,     0.00,     0.00,     0.52,     0.00,     0.00,    27.06,    17.22,     0.55,    10.57,    37.63,     0.00,     0.00,     0.00,     0.00,  -999.99,  -999.99,  -999.99
cty,36101,PA: Philadelphia County,1981,02,PRCP,     0.00,     5.60,    17.50,     0.00,     0.00,     0.00,     0.00,     1.34,     5.95,     0.00,     1.51,    18.90,     0.00,     0.00,     0.00,     0.00,     0.00,     0.00,     0.00,     7.73,     8.11,     4.89,     1.38,    19.20,     0.00,     0.03,     0.06,     0.00,  -999.99,  -999.99,  -999.99
cty,36103,PA: Pike County,1981,02,PRCP,     0.00,    30.96,    18.04,     0.00,     0.23,     0.00,     0.04,     0.00,     9.96,     0.00,    19.82,    26.95,     0.00,     0.00,     0.00,     0.00,     0.12,     0.00,     0.00,    11.78,    27.26,     6.88,     0.81,    22.16,     0.02,     0.04,     0.00,     0.00,  -999.99,  -999.99,  -999.99
cty,36105,PA: Potter County,1981,02,PRCP,     0.00,    22.88,     3.24,     0.00,     0.39,     0.00,     1.07,     0.84,     4.76,     0.00,    18.78,     9.38,     0.00,     0.00,     0.00,     0.00,     3.17,     0.25,     0.00,    22.56,    11.53,     0.63,     2.65,    24.31,     0.12,     0.00,     0.00,     1.86,  -999.99,  -999.99,  -999.99
cty,36107,PA: Schuylkill County,1981,02,PRCP,     0.00,    36.50,    10.31,     0.00,     0.00,     0.00,     0.22,     0.00,    11.06,     0.00,    33.72,    16.66,     0.00,     0.00,     0.00,     0.00,     0.61,     0.00,     0.00,    14.93,    17.28,     2.64,     5.70,    27.87,     0.00,     0.05,     0.00,     0.00,  -999.99,  -999.99,  -999.99
cty,36109,PA: Snyder County,1981,02,PRCP,     0.00,    39.21,     9.60,     0.00,     0.00,     0.00,     0.01,     0.00,    10.05,     0.00,    38.61,    12.21,     0.00,     0.00,     0.00,     0.00,     0.40,     0.00,     0.00,    30.48,    18.39,     0.63,     9.87,    44.63,     0.00,     0.00,     0.00,     0.01,  -999.99,  -999.99,  -999.99
cty,36111,PA: Somerset County,1981,02,PRCP,     0.00,    28.91,     2.56,     0.40,     0.20,     0.00,     0.24,     0.88,     7.11,     0.00,     7.60,     5.05,     0.00,     0.00,     0.00,     0.00,     1.04,     0.81,     0.00,    14.04,    21.16,     1.73,     0.73,    11.37,     2.02,     0.00,     0.00,     0.00,  -999.99,  -999.99,  -999.99
cty,36113,PA: Sullivan County,1981,02,PRCP,     0.31,    36.62,     7.94,     0.00,     0.20,     0.00,     0.55,     0.00,    12.63,     0.00,    39.01,    18.76,     0.00,     0.00,     0.00,     0.00,     0.15,     0.00,     0.00,    14.77,    12.88,     2.31,     2.90,    30.07,     0.06,     0.65,     0.06,     0.00,  -999.99,  -999.99,  -999.99
cty,36115,PA: Susquehanna County,1981,02,PRCP,     0.00,    27.86,    14.40,     0.00,     0.44,     0.00,     0.40,     0.13,    10.76,     0.00,    24.68,    20.84,     0.00,     0.00,     0.00,     0.00,     0.24,     0.00,     0.00,     6.31,    13.87,     3.35,     0.42,    17.96,     0.35,     1.27,     0.00,     0.00,  -999.99,  -999.99,  -999.99
cty,36117,PA: Tioga County,1981,02,PRCP,     0.00,    20.97,     5.45,     0.00,     0.07,     0.00,     0.46,     0.00,     6.94,     0.00,    18.25,     9.89,     0.00,     0.00,     0.00,     0.00,     0.35,     0.01,     0.00,    17.68,    10.78,     0.71,     3.19,    26.36,     0.15,     0.33,     0.00,     0.41,  -999.99,  -999.99,  -999.99
cty,36119,PA: Union County,1981,02,PRCP,     0.00,    36.33,     8.51,     0.00,     0.00,     0.00,     0.01,     0.00,     9.45,     0.00,    35.52,    12.26,     0.00,     0.00,     0.00,     0.00,     0.22,     0.00,     0.00,    27.29,    16.75,     0.79,     8.43,    42.08,     0.00,     0.00,     0.00,     0.00,  -999.99,  -999.99,  -999.99
cty,36121,PA: Venango County,1981,02,PRCP,     0.00,    23.55,     0.80,     0.19,     0.45,     1.68,     1.52,     0.98,     3.38,     0.00,    12.07,     9.26,     0.00,     0.00,     0.00,     0.00,    11.11,     0.63,     2.95,    18.31,     4.65,     0.00,     1.45,    13.23,     1.71,     0.00,     0.00,     2.87,  -999.99,  -999.99,  -999.99
cty,36123,PA: Warren County,1981,02,PRCP,     0.00,    23.70,     1.42,     0.32,     0.51,     0.86,     2.01,     0.81,     2.88,     0.00,    13.66,     8.51,     0.00,     0.00,     0.00,     0.00,     8.79,     0.27,     3.58,    16.59,     2.46,     0.13,     0.05,    12.49,     2.86,     0.00,     0.00,     5.10,  -999.99,  -999.99,  -999.99
cty,36125,PA: Washington County,1981,02,PRCP,     0.00,    31.32,     1.60,     0.01,     0.01,     0.66,     0.38,     2.21,     4.71,     0.00,     6.94,     9.44,     0.00,     0.00,     0.00,     0.00,     5.04,     0.64,     0.00,    12.18,    13.64,     0.25,     2.62,    12.83,     1.44,     0.00,     0.00,     0.20,  -999.99,  -999.99,  -999.99
cty,36127,PA: Wayne County,1981,02,PRCP,     0.00,    32.91,    16.96,     0.00,     0.42,     0.00,     0.27,     0.02,    10.40,     0.00,    23.00,    27.01,     0.00,     0.00,     0.00,     0.00,     0.41,     0.00,     0.00,     7.34,    19.89,     4.82,     0.68,    19.25,     0.03,     0.43,     0.00,     0.00,  -999.99,  -999.99,  -999.99
cty,36129,PA: Westmoreland County,1981,02,PRCP,     0.00,    30.25,     2.18,     0.39,     0.37,     0.40,     0.38,     1.75,     5.67,     0.00,     2.89,     6.61,     0.00,     0.00,     0.00,     0.00,     3.16,     0.61,     0.00,    16.18,    25.49,     1.03,     0.02,    12.57,     1.80,     0.00,     0.00,     0.00,  -999.99,  -999.99,  -999.99
cty,36131,PA: Wyoming County,1981,02,PRCP,     0.00,    33.35,    11.36,     0.00,     0.12,     0.00,     0.20,     0.00,    10.72,     0.00,    31.61,    21.13,     0.00,     0.00,     0.00,     0.00,     0.07,     0.00,     0.00,     9.44,    15.28,     4.00,     1.78,    25.19,     0.05,     0.47,     0.00,     0.00,  -999.99,  -999.99,  -999.99
cty,36133,PA: York County,1981,02,PRCP,     0.00,    20.66,    11.13,     0.00,     0.00,     0.00,     0.00,     0.00,     4.66,     0.00,    20.91,     8.83,     0.00,     0.00,     0.00,     0.00,     0.50,     0.00,     0.00,    15.95,    17.55,     1.12,    10.53,    23.26,     0.00,     0.00,     0.00,     0.00,  -999.99,  -999.99,  -999.99
cty,37001,RI: Bristol County,1981,02,PRCP,     0.00,     1.03,    17.52,     0.00,     0.56,     0.00,     0.00,    10.00,    11.19,     0.00,     0.00,     7.12,     0.00,     0.00,     0.00,     0.00,     0.99,     0.00,     0.00,     4.84,    26.43,     2.04,     0.00,     7.93,    25.52,    29.16,     3.72,     0.00,  -999.99,  -999.99,  -999.99
cty,37003,RI: Kent County,1981,02,PRCP,     0.00,     1.96,    19.66,     0.00,     0.59,     0.00,     0.00,     8.75,    10.05,     0.00,     0.07,     7.39,     0.00,     0.00,     0.00,     0.00,     1.11,     0.00,     0.00,     7.98,    32.70,     3.93,     0.00,    14.51,    19.68,    17.29,     2.72,     0.00,  -999.99,  -999.99,  -999.99
cty,37005,RI: Newport County,1981,02,PRCP,     0.00,     0.75,    14.61,     0.00,     0.65,     0.00,     0.00,     9.39,    10.76,     0.00,     0.00,     4.29,     0.00,     0.00,     0.00,     0.00,     0.71,     0.00,     0.00,     3.76,    21.64,     1.90,     0.00,     5.11,    22.14,    21.57,     3.03,     0.00,  -999.99,  -999.99,  -999.99
cty,37007,RI: Providence County,1981,02,PRCP,     0.00,     2.26,    22.32,     0.00,     0.52,     0.00,     0.00,     9.46,    10.00,     0.00,     0.04,    12.14,     0.00,     0.00,     0.00,     0.00,     1.66,     0.00,     0.00,     8.10,    36.51,     3.68,     0.00,    17.04,    23.20,    26.63,     3.71,     0.00,  -999.99,  -999.99,  -999.99
cty,37009,RI: Washington County,1981,02,PRCP,     0.00,     1.41,    17.37,     0.00,     0.57,     0.02,     0.00,     8.07,    10.68,     0.00,     0.00,     3.92,     0.00,     0.00,     0.00,     0.00,     0.70,     0.03,     0.00,     7.26,    27.81,     4.09,     0.00,    11.53,    17.42,    11.64,     2.17,     0.00,  -999.99,  -999.99,  -999.99
cty,38001,SC: Abbeville County,1981,02,PRCP,     0.00,    13.63,     0.00,     0.00,     0.00,     0.00,     0.01,     1.31,     0.00,     0.00,    72.01,     0.02,     0.00,     0.00,     0.00,     0.00,     0.00,     7.45,    26.72,     3.34,     0.00,     0.01,     7.45,     0.00,     0.00,     0.00,     0.00,     0.00,  -999.99,  -999.99,  -999.99
cty,38003,SC: Aiken County,1981,02,PRCP,     0.18,    15.77,     0.00,     0.00,     0.01,     0.00,     1.16,     3.17,     0.00,     0.00,    65.80,     0.00,     0.00,     0.00,     0.00,     0.00,     0.00,     4.23,    16.41,     0.70,     0.00,     0.00,     1.78,     0.00,     0.00,     0.00,     0.00,     0.00,  -999.99,  -999.99,  -999.99
cty,38005,SC: Allendale County,1981,02,PRCP,     0.00,    15.99,     0.00,     0.00,     0.00,     0.17,     2.90,     1.93,     0.00,     0.00,    45.52,     0.00,     0.00,     0.00,     0.00,     0.00,     0.00,     2.80,    13.99,     0.06,     0.00,     0.00,     0.29,     0.00,     0.00,     0.00,     0.00,     0.00,  -999.99,  -999.99,  -999.99
cty,38007,SC: Anderson County,1981,02,PRCP,     0.00,    13.68,     0.00,     0.00,     0.00,     0.00,     0.00,     0.67,     0.00,     0.00,    60.66,     0.00,     0.00,     0.00,     0.00,     0.00,     0.00,    10.21,    23.18,     5.13,     0.00,     0.00,     7.83,     0.00,     0.00,     0.00,     0.00,     0.00,  -999.99,  -999.99,  -999.99
cty,38009,SC: Bamberg County,1981,02,PRCP,     0.00,    16.23,     0.00,     0.00,     0.00,     0.12,     2.21,     2.08,     0.00,     0.00,    43.90,     0.00,     0.00,     0.00,     0.00,     0.00,     0.00,     4.02,    14.31,     1.21,     0.00,     0.00,     0.24,     0.00,     0.00,     0.00,     0.00,     0.00,  -999.99,  -999.99,  -999.99
cty,38011,SC: Barnwell County,1981,02,PRCP,     0.00,    15.87,     0.00,     0.00,     0.00,     0.00,     1.80,     2.50,     0.00,     0.00,    52.49,     0.00,     0.00,     0.00,     0.00,     0.00,     0.00,     3.56,    15.71,     0.54,     0.00,     0.00,     0.71,     0.00,     0.00,     0.00,     0.00,     0.00,  -999.99,  -999.99,  -999.99
cty,38013,SC: Beaufort County,1981,02,PRCP,     0.00,    14.41,     0.00,     0.00,     0.00,     0.39,     6.12,     1.10,     0.00,     0.00,    34.56,     4.56,     0.00,     0.00,     0.00,     0.00,     0.00,     4.92,    13.58,     0.01,     0.00,     0.00,     0.00,     0.00,     0.00,     0.00,     0.00,     0.00,  -999.99,  -999.99,  -999.99
cty,38015,SC: Berkeley County,1981,02,PRCP,     0.00,    15.03,     0.99,     0.00,     0.00,     0.00,     2.18,     2.07,     0.00,     0.00,    22.39,    10.15,     0.00,     0.00,     0.00,     0.00,     0.00,     2.58,    14.13,     0.36,     0.00,     0.00,     0.00,     0.00,     0.00,     0.00,     0.00,     0.00,  -999.99,  -999.99,  -999.99
cty,38017,SC: Calhoun County,1981,02,PRCP,     0.00,    14.48,     0.00,     0.00,     0.00,     0.00,     1.18,     2.19,     0.00,     0.00,    43.41,     0.00,     0.00,     0.00,     0.00,     0.00,     0.00,     3.90,    15.08,     1.39,     0.00,     0.00,     0.36,     0.00,     0.00,     0.00,     0.00,     0.00,  -999.99,  -999.99,  -999.99
cty,38019,SC: Charleston County,1981,02,PRCP,     0.00,    13.01,     0.74,     0.00,     0.00,     0.00,     3.82,     1.65,     0.00,     0.00,    21.48,    10.87,     0.00,     0.00,     0.00,     0.00,     0.00,     2.23,    15.60,     0.34,     0.00,     0.00,     0.00,     0.00,     0.00,     0.00,     0.00,     0.00,  -999.99,  -999.99,  -999.99
cty,38021,SC: Cherokee County,1981,02,PRCP,     0.00,    10.36,     0.00,     0.00,     0.00,     0.00,     0.00,     1.54,     0.00,     0.00,    49.86,     0.00,     0.00,     0.00,     0.00,     0.00,     0.00,     6.48,    17.82,     5.11,     0.00,     0.00,     4.56,     0.00,     0.00,     0.00,     0.00,     0.00,  -999.99,  -999.99,  -999.99
cty,38023,SC: Chester County,1981,02,PRCP,     0.00,    11.56,     0.00,     0.00,     0.00,     0.00,     0.00,     3.74,     0.00,     0.00,    69.62,     0.38,     0.00,     0.00,     0.00,     0.00,     0.00,     0.91,    15.12,     3.60,     0.00,     0.00,     2.46,     0.00,     0.00,     0.00,     0.00,     0.00,  -999.99,  -999.99,  -999.99
cty,38025,SC: Chesterfield County,1981,02,PRCP,     0.00,    10.80,     0.52,     0.00,     0.00,     0.00,     0.00,     3.54,     0.00,     0.00,    44.11,     4.29,     0.00,     0.00,     0.00,     0.00,     0.00,     0.19,     5.68,     7.65,     0.00,     0.00,     0.40,     0.00,     0.00,     0.00,     0.00,     0.00,  -999.99,  -999.99,  -999.99
cty,38027,SC: Clarendon County,1981,02,PRCP,     0.00,    15.96,     0.60,     0.00,     0.00,     0.00,     1.05,     2.29,     0.00,     0.00,    29.60,     4.12,     0.00,     0.00,     0.00,     0.00,     0.00,     3.31,    13.59,     0.86,     0.00,     0.00,     0.00,     0.00,     0.00,     0.00,     0.00,     0.00,  -999.99,  -999.99,  -999.99
cty,38029,SC: Colleton County,1981,02,PRCP,     0.00,    15.39,     0.00,     0.00,     0.00,     0.21,     4.39,     1.45,     0.00,     0.00,    35.00,     2.66,     0.00,     0.00,     0.00,     0.00,     0.00,     4.05,    14.78,     0.72,     0.00,     0.00,     0.00,     0.00,     0.00,     0.00,     0.00,     0.00,  -999.99,  -999.99,  -999.99
cty,38031,SC: Darlington County,1981,02,PRCP,     0.00,    12.19,     0.90,     0.00,     0.00,     0.00,     0.00,     2.72,     0.00,     0.00,    30.36,     7.40,     0.00,     0.00,     0.00,     0.00,     0.00,     0.20,     4.89,     3.13,     0.00,     0.00,     0.07,     0.00,     0.00,     0.00,     0.00,     0.00,  -999.99,  -999.99,  -999.99
cty,38033,SC: Dillon County,1981,02,PRCP,     0.00,    12.64,     1.20,     0.00,     0.00,     0.00,     0.01,     2.24,     0.00,     0.00,    18.60,    12.13,     0.00,     0.00,     0.00,     0.00,     0.00,     0.00,     2.41,     2.81,     0.00,     0.00,     0.00,     0.00,     0.00,     0.00,     0.00,     0.00,  -999.99,  -999.99,  -999.99
cty,38035,SC: Dorchester County,1981,02,PRCP,     0.00,    14.70,     0.21,     0.00,     0.00,     0.01,     3.17,     1.57,     0.00,     0.00,    29.65,     3.49,     0.00,     0.00,     0.00,     0.00,     0.00,     3.79,    14.73,     0.82,     0.00,     0.00,     0.00,     0.00,     0.00,     0.00,     0.00,     0.00,  -999.99,  -999.99,  -999.99
cty,38037,SC: Edgefield County,1981,02,PRCP,     0.00,    14.96,     0.00,     0.00,     0.00,     0.00,     0.80,     3.29,     0.00,     0.00,    78.25,     0.00,     0.00,     0.00,     0.00,     0.00,     0.00,     4.43,    19.57,     1.25,     0.00,     0.00,     3.91,     0.00,     0.00,     0.00,     0.00,     0.00,  -999.99,  -999.99,  -999.99
cty,38039,SC: Fairfield County,1981,02,PRCP,     0.00,    11.75,     0.00,     0.00,     0.00,     0.00,     0.00,     3.41,     0.00,     0.00,    64.27,     0.01,     0.00,     0.00,     0.00,     0.00,     0.00,     0.95,    13.31,     1.73,     0.00,     0.00,     1.86,     0.00,     0.00,     0.00,     0.00,     0.00,  -999.99,  -999.99,  -999.99
cty,38041,SC: Florence County,1981,02,PRCP,     0.00,    16.06,     1.15,     0.00,     0.00,     0.00,     0.17,     2.81,     0.00,     0.00,    23.42,    11.80,     0.00,     0.00,     0.00,     0.00,     0.00,     0.35,     6.59,     1.29,     0.00,     0.00,     0.00,     0.00,     0.00,     0.00,     0.00,     0.00,  -999.99,  -999.99,  -999.99
cty,38043,SC: Georgetown County,1981,02,PRCP,     0.00,    15.46,     1.34,     0.00,     0.00,     0.00,     1.21,     2.77,     0.00,     0.00,    15.16,    14.75,     0.00,     0.00,     0.00,     0.00,     0.00,     0.47,     9.72,     0.68,     0.00,     0.00,     0.00,     0.00,     0.00,     0.00,     0.00,     0.00,  -999.99,  -999.99,  -999.99
cty,38045,SC: Greenville County,1981,02,PRCP,     0.00,    16.22,     0.00,     0.00,     0.00,     0.00,     0.00,     0.45,     0.00,     0.00,    60.77,     0.15,     0.00,     0.00,     0.00,     0.00,     0.04,    16.40,    20.24,     3.60,     0.00,     0.00,    10.30,     0.00,     0.00,     0.00,     0.00,     0.00,  -999.99,  -999.99,  -999.99
cty,38047,SC: Greenwood County,1981,02,PRCP,     0.00,    13.42,     0.00,     0.00,     0.00,     0.00,     0.10,     2.08,     0.00,     0.00,    74.41,     0.04,     0.00,     0.00,     0.00,     0.00,     0.00,     5.18,    23.38,     2.40,     0.00,     0.00,     5.97,     0.00,     0.00,     0.00,     0.00,     0.00,  -999.99,  -999.99,  -999.99
cty,38049,SC: Hampton County,1981,02,PRCP,     0.00,    17.73,     0.00,     0.00,     0.00,     0.38,     4.39,     1.56,     0.00,     0.00,    45.62,     0.17,     0.00,     0.00,     0.00,     0.00,     0.00,     3.71,    13.63,     0.12,     0.00,     0.00,     0.00,     0.00,     0.00,     0.00,     0.00,     0.00,  -999.99,  -999.99,  -999.99
cty,38051,SC: Horry County,1981,02,PRCP,     0.00,    16.03,     1.48,     0.00,     0.00,     0.02,     0.83,     3.15,     0.00,     0.00,    15.21,    15.19,     0.00,     0.00,     0.00,     0.00,     0.00,     0.00,     6.13,     2.32,     0.00,     0.00,     0.00,     0.00,     0.00,     0.00,     0.00,     0.00,  -999.99,  -999.99,  -999.99
cty,38053,SC: Jasper County,1981,02,PRCP,     0.00,    16.25,     0.00,     0.00,     0.00,     0.50,     5.62,     1.08,     0.00,     0.00,    41.23,     1.64,     0.00,     0.00,     0.00,     0.00,     0.00,     5.34,    10.55,     0.00,     0.00,     0.00,     0.00,     0.00,     0.00,     0.00,     0.00,     0.00,  -999.99,  -999.99,  -999.99
cty,38055,SC: Kershaw County,1981,02,PRCP,     0.00,    12.37,     0.15,     0.00,     0.00,     0.00,     0.00,     3.36,     0.00,     0.00,    53.09,     1.46,     0.00,     0.00,     0.00,     0.00,     0.00,     0.94,     8.86,     2.05,     0.00,     0.00,     0.78,     0.01,     0.00,     0.00,     0.00,     0.00,  -999.99,  -999.99,  -999.99
cty,38057,SC: Lancaster County,1981,02,PRCP,     0.00,    11.10,     0.00,     0.00,     0.00,     0.00,     0.00,     4.08,     0.00,     0.00,    63.15,     1.16,     0.00,     0.00,     0.00,     0.00,     0.00,     0.62,     9.41,     5.00,     0.00,     0.00,     1.17,     0.00,     0.00,     0.00,     0.00,     0.00,  -999.99,  -999.99,  -999.99
cty,38059,SC: Laurens County,1981,02,PRCP,     0.01,    12.70,     0.00,     0.00,     0.00,     0.00,     0.00,     1.51,     0.00,     0.00,    67.48,     0.00,     0.00,     0.00,     0.00,     0.00,     0.00,     5.59,    23.89,     3.18,     0.00,     0.00,     6.29,     0.00,     0.00,     0.00,     0.00,     0.00,  -999.99,  -999.99,  -999.99
cty,38061,SC: Lee County,1981,02,PRCP,     0.00,    13.98,     0.84,     0.00,     0.00,     0.00,     0.00,     2.97,     0.00,     0.00,    38.73,     5.05,     0.00,     0.00,     0.00,     0.00,     0.00,     0.82,     8.43,     1.93,     0.00,     0.00,     0.29,     0.00,     0.00,     0.00,     0.00,     0.00,  -999.99,  -999.99,  -999.99
cty,38063,SC: Lexington County,1981,02,PRCP,     0.00,    13.94,     0.00,     0.00,     0.00,     0.00,     0.38,     3.18,     0.00,     0.00,    63.32,     0.02,     0.00,     0.00,     0.00,     0.00,     0.00,     2.40,    14.02,     1.05,     0.00,     0.00,     1.59,     0.00,     0.00,     0.00,     0.00,     0.00,  -999.99,  -999.99,  -999.99
cty,38065,SC: McCormick County,1981,02,PRCP,     0.00,    14.66,     0.00,     0.00,     0.00,     0.00,     0.55,     2.51,     0.00,     0.00,    82.98,     0.00,     0.00,     0.00,     0.00,     0.00,     0.00,     5.63,    25.64,     2.19,     0.00,     0.00,     6.13,     0.00,     0.00,     0.00,     0.00,     0.00,  -999.99,  -999.99,  -999.99
cty,38067,SC: Marion County,1981,02,PRCP,     0.00,    15.20,     1.25,     0.00,     0.00,     0.00,     0.27,     2.60,     0.00,     0.00,    18.29,    13.58,     0.00,     0.00,     0.00,     0.00,     0.00,     0.00,     4.47,     1.51,     0.00,     0.00,     0.00,     0.00,     0.00,     0.00,     0.00,     0.00,  -999.99,  -999.99,  -999.99
cty,38069,SC: Marlboro County,1981,02,PRCP,     0.00,    11.54,     0.94,     0.00,     0.00,     0.00,     0.00,     2.92,     0.00,     0.00,    27.20,     9.18,     0.00,     0.00,     0.00,     0.00,     0.00,     0.00,     2.95,     6.18,     0.00,     0.00,     0.02,     0.00,     0.00,     0.00,     0.00,     0.00,  -999.99,  -999.99,  -999.99
cty,38071,SC: Newberry County,1981,02,PRCP,     0.00,    12.57,     0.00,     0.00,     0.00,     0.00,     0.00,     2.87,     0.00,     0.00,    70.21,     0.05,     0.00,     0.00,     0.00,     0.00,     0.00,     2.38,    18.92,     1.71,     0.00,     0.00,     3.53,     0.00,     0.00,     0.00,     0.00,     0.00,  -999.99,  -999.99,  -999.99
cty,38073,SC: Oconee County,1981,02,PRCP,     0.00,    21.27,     0.00,     0.00,     0.00,     0.00,     0.00,     0.92,     0.00,     0.00,    68.72,     0.00,     0.00,     0.00,     0.00,     0.00,     0.20,    29.56,    27.51,     6.84,     0.00,     0.00,    11.82,     0.00,     0.00,     0.00,     0.00,     0.00,  -999.99,  -999.99,  -999.99
cty,38075,SC: Orangeburg County,1981,02,PRCP,     0.00,    15.84,     0.05,     0.00,     0.00,     0.04,     1.74,     2.14,     0.00,     0.00,    42.08,     0.41,     0.00,     0.00,     0.00,     0.00,     0.00,     4.36,    15.44,     1.41,     0.00,     0.00,     0.28,     0.00,     0.00,     0.00,     0.00,     0.00,  -999.99,  -999.99,  -999.99
cty,38077,SC: Pickens County,1981,02,PRCP,     0.00,    19.28,     0.00,     0.00,     0.00,     0.00,     0.00,     0.67,     0.00,     0.00,    63.06,     0.04,     0.00,     0.00,     0.00,     0.00,     0.14,    24.26,    22.63,     4.93,     0.00,     0.00,    12.09,     0.00,     0.00,     0.00,     0.00,     0.00,  -999.99,  -999.99,  -999.99
cty,38079,SC: Richland County,1981,02,PRCP,     0.00,    13.01,     0.00,     0.00,     0.00,     0.00,     0.31,     2.88,     0.00,     0.00,    52.88,     0.00,     0.00,     0.00,     0.00,     0.00,     0.00,     2.09,    13.03,     1.29,     0.00,     0.00,     0.95,     0.00,     0.00,     0.00,     0.00,     0.00,  -999.99,  -999.99,  -999.99
cty,38081,SC: Saluda County,1981,02,PRCP,     0.00,    13.91,     0.00,     0.00,     0.00,     0.00,     0.25,     3.26,     0.00,     0.00,    74.82,     0.06,     0.00,     0.00,     0.00,     0.00,     0.00,     2.99,    16.80,     1.16,     0.00,     0.00,     3.46,     0.00,     0.00,     0.00,     0.00,     0.00,  -999.99,  -999.99,  -999.99
cty,38083,SC: Spartanburg County,1981,02,PRCP,     0.00,    11.83,     0.00,     0.00,     0.00,     0.00,     0.00,     0.83,     0.00,     0.00,    52.68,     0.03,     0.00,     0.00,     0.00,     0.00,     0.00,     8.80,    18.71,     4.16,     0.00,     0.00,     6.40,     0.00,     0.00,     0.00,     0.00,     0.00,  -999.99,  -999.99,  -999.99
cty,38085,SC: Sumter County,1981,02,PRCP,     0.00,    13.27,     0.35,     0.00,     0.00,     0.00,     0.45,     2.30,     0.00,     0.00,    33.79,     2.09,     0.00,     0.00,     0.00,     0.00,     0.00,     2.16,    11.04,     1.17,     0.00,     0.00,     0.16,     0.00,     0.00,     0.00,     0.00,     0.00,  -999.99,  -999.99,  -999.99
cty,38087,SC: Union County,1981,02,PRCP,     0.00,    12.10,     0.00,     0.00,     0.00,     0.00,     0.00,     2.27,     0.00,     0.00,    66.29,     0.01,     0.00,     0.00,     0.00,     0.00,     0.00,     3.69,    23.36,     3.35,     0.00,     0.00,     4.54,     0.00,     0.00,     0.00,     0.00,     0.00,  -999.99,  -999.99,  -999.99
cty,38089,SC: Williamsburg County,1981,02,PRCP,     0.00,    18.77,     1.21,     0.00,     0.00,     0.00,     0.79,     3.00,     0.00,     0.00,    22.29,    13.49,     0.00,     0.00,     0.00,     0.00,     0.00,     1.80,    11.61,     0.50,     0.00,     0.00,     0.00,     0.00,     0.00,     0.00,     0.00,     0.00,  -999.99,  -999.99,  -999.99
cty,38091,SC: York County,1981,02,PRCP,     0.00,    11.25,     0.01,     0.00,     0.00,     0.00,     0.00,     3.48,     0.00,     0.00,    66.58,     0.50,     0.00,     0.00,     0.00,     0.00,     0.00,     2.49,    16.70,     7.26,     0.00,     0.00,     3.06,     0.02,     0.00,     0.00,     0.00,     0.00,  -999.99,  -999.99,  -999.99
cty,39003,SD: Aurora County,1981,02,PRCP,     0.87,     0.00,     0.00,     0.00,     0.00,     0.00,     0.00,     0.00,     0.02,     1.26,     0.00,     0.00,     0.00,     0.00,     0.00,     0.00,     0.00,     0.00,     0.00,     0.00,     0.00,     0.00,     0.00,     0.00,     0.00,     0.00,     0.42,     0.00,  -999.99,  -999.99,  -999.99
cty,39005,SD: Beadle County,1981,02,PRCP,     1.04,     0.00,     0.00,     0.00,     0.00,     0.00,     0.00,     0.00,     0.22,     1.30,     0.00,     0.00,     0.00,     0.00,     0.00,     0.00,     0.00,     0.00,     0.00,     0.00,     0.00,     0.00,     0.00,     0.00,     0.00,     0.00,     2.06,     0.00,  -999.99,  -999.99,  -999.99
cty,39007,SD: Bennett County,1981,02,PRCP,     0.67,     0.00,     0.00,     0.00,     0.00,     0.00,     0.00,     0.01,     0.00,     1.62,     0.00,     0.00,     0.00,     0.00,     0.00,     0.00,     0.00,     0.00,     0.00,     0.00,     0.00,     0.00,     0.00,     0.00,     0.00,     0.00,     0.00,     0.00,  -999.99,  -999.99,  -999.99
cty,39009,SD: Bon Homme County,1981,02,PRCP,     3.09,     0.00,     0.00,     0.00,     0.00,     0.00,     0.00,     0.00,     0.00,     4.08,     0.00,     0.00,     0.00,     0.00,     0.00,     0.00,     0.00,     0.00,     0.00,     0.00,     0.00,     0.00,     0.00,     0.00,     0.00,     0.00,     2.63,     0.00,  -999.99,  -999.99,  -999.99
cty,39011,SD: Brookings County,1981,02,PRCP,     5.80,     0.00,     0.00,     0.00,     0.00,     0.00,     0.02,     0.00,     0.47,     2.36,     0.00,     0.00,     0.00,     0.00,     0.00,     0.00,     0.00,     0.00,     0.00,     0.00,     0.00,     0.00,     0.00,     0.00,     0.00,     0.00,    14.50,    11.10,  -999.99,  -999.99,  -999.99
cty,39013,SD: Brown County,1981,02,PRCP,     0.16,     0.00,     0.00,     0.00,     0.00,     0.00,     0.84,     0.00,     0.03,     0.10,     0.00,     0.00,     0.00,     0.00,     0.00,     0.00,     0.00,     0.00,     0.00,     0.00,     0.00,     0.00,     0.00,     0.00,     0.00,     0.00,     0.65,     2.58,  -999.99,  -999.99,  -999.99
cty,39015,SD: Brule County,1981,02,PRCP,     0.60,     0.00,     0.00,     0.00,     0.00,     0.00,     0.00,     0.00,     0.00,     1.23,     0.00,     0.00,     0.00,     0.00,     0.00,     0.00,     0.00,     0.00,     0.00,     0.00,     0.00,     0.00,     0.00,     0.00,     0.00,     0.00,     0.16,     0.00,  -999.99,  -999.99,  -999.99
cty,39017,SD: Buffalo County,1981,02,PRCP,     0.26,     0.00,     0.00,     0.00,     0.00,     0.00,     0.00,     0.00,     0.00,     1.54,     0.00,     0.00,     0.00,     0.00,     0.00,     0.00,     0.00,     0.00,     0.00,     0.00,     0.00,     0.00,     0.00,     0.00,     0.00,     0.00,     0.07,     0.00,  -999.99,  -999.99,  -999.99
cty,39019,SD: Butte County,1981,02,PRCP,     1.14,     0.00,     0.00,     0.00,     0.00,     0.00,     0.00,     0.00,     0.00,     2.07,     0.00,     0.00,     0.00,     0.00,     0.00,     0.00,     0.00,     0.00,     0.00,     0.00,     0.00,     0.00,     0.00,     0.00,     0.00,     0.00,     0.00,     0.00,  -999.99,  -999.99,  -999.99
cty,39021,SD: Campbell County,1981,02,PRCP,     0.00,     0.00,     0.00,     0.00,     0.35,     0.00,     0.34,     0.00,     0.50,     0.62,     0.00,     0.00,     0.00,     0.00,     0.00,     0.00,     0.00,     0.00,     0.00,     0.00,     0.00,     0.00,     0.00,     0.00,     0.00,     0.00,     0.00,     1.19,  -999.99,  -999.99,  -999.99
cty,39023,SD: Charles Mix County,1981,02,PRCP,     1.73,     0.00,     0.00,     0.00,     0.00,     0.00,     0.00,     0.00,     0.00,     2.65,     0.00,     0.00,     0.00,     0.00,     0.00,     0.00,     0.00,     0.00,     0.00,     0.00,     0.00,     0.00,     0.00,     0.00,     0.00,     0.00,     0.63,     0.00,  -999.99,  -999.99,  -999.99
cty,39025,SD: Clark County,1981,02,PRCP,     2.17,     0.00,     0.00,     0.00,     0.31,     0.00,     0.92,     0.00,     0.86,     1.13,     0.00,     0.00,     0.00,     0.00,     0.00,     0.00,     0.00,     0.00,     0.00,     0.00,     0.00,     0.00,     0.00,     0.00,     0.00,     0.00,     7.63,     2.31,  -999.99,  -999.99,  -999.99
cty,39027,SD: Clay County,1981,02,PRCP,     6.79,     0.00,     0.00,     0.00,     0.00,     0.00,     0.00,     0.00,     0.00,     5.72,     0.00,     0.00,     0.00,     0.00,     0.00,     0.00,     0.00,     0.00,     0.00,     0.00,     0.00,     0.00,     0.00,     0.00,     0.00,     0.00,     6.22,     0.00,  -999.99,  -999.99,  -999.99
cty,39029,SD: Codington County,1981,02,PRCP,     3.11,     0.00,     0.00,     0.00,     0.02,     0.00,     1.66,     0.00,     0.87,     1.47,     0.00,     0.00,     0.00,     0.00,     0.00,     0.00,     0.00,     0.00,     0.00,     0.00,     0.00,     0.00,     0.00,     0.00,     0.00,     0.00,    10.38,     6.03,  -999.99,  -999.99,  -999.99
cty,39031,SD: Corson County,1981,02,PRCP,     0.04,     0.00,     0.00,     0.00,     0.01,     0.00,     0.01,     0.00,     0.26,     0.87,     0.00,     0.00,     0.00,     0.00,     0.00,     0.00,     0.00,     0.00,     0.00,     0.00,     0.00,     0.00,     0.00,     0.00,     0.00,     0.00,     0.00,     1.46,  -999.99,  -999.99,  -999.99
cty,39033,SD: Custer County,1981,02,PRCP,     0.31,     0.00,     0.00,     0.00,     0.01,     0.00,     0.00,     0.00,     0.39,     3.35,     0.00,     0.00,     0.00,     0.00,     0.00,     0.00,     0.01,     0.01,     0.00,     0.00,     0.00,     0.00,     0.00,     0.00,     0.00,     0.00,     0.00,     0.00,  -999.99,  -999.99,  -999.99
cty,39035,SD: Davison County,1981,02,PRCP,     2.67,     0.00,     0.00,     0.00,     0.00,     0.00,     0.00,     0.00,     0.22,     2.86,     0.00,     0.00,     0.00,     0.00,     0.00,     0.00,     0.00,     0.00,     0.00,     0.00,     0.00,     0.00,     0.00,     0.00,     0.00,     0.00,     1.85,     0.00,  -999.99,  -999.99,  -999.99
cty,39037,SD: Day County,1981,02,PRCP,     2.88,     0.00,     0.00,     0.00,     0.54,     0.00,     2.90,     0.00,     1.19,     0.52,     0.00,     0.00,     0.00,     0.00,     0.00,     0.00,     0.00,     0.00,     0.00,     0.00,     0.00,     0.00,     0.00,     0.00,     0.00,     0.00,     8.41,     5.06,  -999.99,  -999.99,  -999.99
cty,39039,SD: Deuel County,1981,02,PRCP,     5.03,     0.00,     0.00,     0.00,     0.00,     0.00,     1.12,     0.00,     0.57,     2.28,     0.00,     0.00,     0.00,     0.00,     0.00,     0.00,     0.00,     0.00,     0.00,     0.00,     0.00,     0.00,     0.00,     0.00,     0.00,     0.00,    14.48,    10.98,  -999.99,  -999.99,  -999.99
cty,39041,SD: Dewey County,1981,02,PRCP,     0.00,     0.00,     0.00,     0.00,     0.03,     0.00,     0.01,     0.01,     0.06,     1.68,     0.00,     0.00,     0.00,     0.00,     0.00,     0.00,     0.00,     0.00,     0.00,     0.00,     0.00,     0.00,     0.00,     0.00,     0.00,     0.00,     0.00,     0.03,  -999.99,  -999.99,  -999.99
cty,39043,SD: Douglas County,1981,02,PRCP,     1.81,     0.00,     0.00,     0.00,     0.00,     0.00,     0.00,     0.00,     0.00,     2.47,     0.00,     0.00,     0.00,     0.00,     0.00,     0.00,     0.00,     0.00,     0.00,     0.00,     0.00,     0.00,     0.00,     0.00,     0.00,     0.00,     0.87,     0.00,  -999.99,  -999.99,  -999.99
cty,39045,SD: Edmunds County,1981,02,PRCP,     0.00,     0.00,     0.00,     0.00,     0.04,     0.00,     0.03,     0.00,     0.03,     0.79,     0.00,     0.00,     0.00,     0.00,     0.00,     0.00,     0.00,     0.00,     0.00,     0.00,     0.00,     0.00,     0.00,     0.00,     0.00,     0.00,     0.00,     1.21,  -999.99,  -999.99,  -999.99
cty,39047,SD: Fall River County,1981,02,PRCP,     0.66,     0.00,     0.00,     0.00,     0.00,     0.00,     0.00,     0.00,     0.86,     3.73,     0.00,     0.00,     0.00,     0.00,     0.00,     0.00,     0.00,     0.14,     0.00,     0.00,     0.00,     0.00,     0.00,     0.00,     0.00,     0.00,     0.00,     0.00,  -999.99,  -999.99,  -999.99
cty,39049,SD: Faulk County,1981,02,PRCP,     0.00,     0.00,     0.00,     0.00,     0.00,     0.00,     0.00,     0.00,     0.00,     0.94,     0.00,     0.00,     0.00,     0.00,     0.00,     0.00,     0.00,     0.00,     0.00,     0.00,     0.00,     0.00,     0.00,     0.00,     0.00,     0.00,     0.01,     0.06,  -999.99,  -999.99,  -999.99
cty,39051,SD: Grant County,1981,02,PRCP,     3.76,     0.00,     0.00,     0.00,     0.00,     0.02,     2.20,     0.00,     0.63,     1.76,     0.00,     0.00,     0.00,     0.00,     0.00,     0.00,     0.00,     0.00,     0.00,     0.00,     0.00,     0.00,     0.00,     0.00,     0.00,     0.00,    11.74,     8.89,  -999.99,  -999.99,  -999.99
cty,39053,SD: Gregory County,1981,02,PRCP,     1.05,     0.00,     0.00,     0.00,     0.00,     0.00,     0.00,     0.00,     0.00,     1.62,     0.00,     0.00,     0.00,     0.00,     0.00,     0.00,     0.00,     0.00,     0.00,     0.00,     0.00,     0.00,     0.00,     0.00,     0.00,     0.00,     0.17,     0.00,  -999.99,  -999.99,  -999.99
cty,39055,SD: Haakon County,1981,02,PRCP,     0.00,     0.00,     0.00,     0.00,     0.02,     0.00,     0.00,     0.02,     0.00,     2.52,     0.00,     0.00,     0.00,     0.00,     0.00,     0.00,     0.00,     0.00,     0.00,     0.00,     0.00,     0.00,     0.00,     0.00,     0.00,     0.00,     0.00,     0.00,  -999.99,  -999.99,  -999.99
cty,39057,SD: Hamlin County,1981,02,PRCP,     3.67,     0.00,     0.00,     0.00,     0.01,     0.00,     0.68,     0.00,     0.76,     1.74,     0.00,     0.00,     0.00,     0.00,     0.00,     0.00,     0.00,     0.00,     0.00,     0.00,     0.00,     0.00,     0.00,     0.00,     0.00,     0.00,    11.32,     6.74,  -999.99,  -999.99,  -999.99
cty,39059,SD: Hand County,1981,02,PRCP,     0.01,     0.00,     0.00,     0.00,     0.00,     0.00,     0.00,     0.00,     0.00,     1.76,     0.00,     0.00,     0.00,     0.00,     0.00,     0.00,     0.00,     0.00,     0.00,     0.00,     0.00,     0.00,     0.00,     0.00,     0.00,     0.00,     0.02,     0.02,  -999.99,  -999.99,  -999.99
cty,39061,SD: Hanson County,1981,02,PRCP,     3.49,     0.00,     0.00,     0.00,     0.00,     0.00,     0.00,     0.00,     0.28,     2.94,     0.00,     0.00,     0.00,     0.00,     0.00,     0.00,     0.00,     0.00,     0.00,     0.00,     0.00,     0.00,     0.00,     0.00,     0.00,     0.00,     3.91,     0.00,  -999.99,  -999.99,  -999.99
cty,39063,SD: Harding County,1981,02,PRCP,     1.31,     0.00,     0.00,     0.00,     0.00,     0.00,     0.03,     0.03,     0.00,     1.21,     0.00,     0.00,     0.00,     0.00,     0.00,     0.00,     0.00,     0.00,     0.03,     0.00,     0.00,     0.00,     0.00,     0.00,     0.00,     0.00,     0.00,     0.00,  -999.99,  -999.99,  -999.99
cty,39065,SD: Hughes County,1981,02,PRCP,     0.00,     0.00,     0.00,     0.00,     0.00,     0.00,     0.00,     0.00,     0.00,     1.98,     0.00,     0.00,     0.00,     0.00,     0.00,     0.00,     0.00,     0.00,     0.00,     0.00,     0.00,     0.00,     0.00,     0.00,     0.00,     0.00,     0.00,     0.00,  -999.99,  -999.99,  -999.99
cty,39067,SD: Hutchinson County,1981,02,PRCP,     4.73,     0.00,     0.00,     0.00,     0.00,     0.00,     0.00,     0.00,     0.07,     4.84,     0.00,     0.00,     0.00,     0.00,     0.00,     0.00,     0.00,     0.00,     0.00,     0.00,     0.00,     0.00,     0.00,     0.00,     0.00,     0.00,     4.88,     0.00,  -999.99,  -999.99,  -999.99
cty,39069,SD: Hyde County,1981,02,PRCP,     0.00,     0.00,     0.00,     0.00,     0.00,     0.00,     0.00,     0.00,     0.00,     2.06,     0.00,     0.00,     0.00,     0.00,     0.00,     0.00,     0.00,     0.00,     0.00,     0.00,     0.00,     0.00,     0.00,     0.00,     0.00,     0.00,     0.00,     0.00,  -999.99,  -999.99,  -999.99
cty,39071,SD: Jackson County,1981,02,PRCP,     0.20,     0.00,     0.00,     0.00,     0.00,     0.00,     0.00,     0.00,     0.00,     0.96,     0.00,     0.00,     0.00,     0.00,     0.00,     0.00,     0.00,     0.00,     0.00,     0.00,     0.00,     0.00,     0.00,     0.00,     0.00,     0.00,     0.00,     0.00,  -999.99,  -999.99,  -999.99
cty,39073,SD: Jerauld County,1981,02,PRCP,     0.75,     0.00,     0.00,     0.00,     0.00,     0.00,     0.00,     0.00,     0.03,     1.28,     0.00,     0.00,     0.00,     0.00,     0.00,     0.00,     0.00,     0.00,     0.00,     0.00,     0.00,     0.00,     0.00,     0.00,     0.00,     0.00,     0.47,     0.00,  -999.99,  -999.99,  -999.99
cty,39075,SD: Jones County,1981,02,PRCP,     0.34,     0.00,     0.00,     0.00,     0.00,     0.00,     0.00,     0.00,     0.00,     3.34,     0.00,     0.00,     0.00,     0.00,     0.00,     0.00,     0.00,     0.00,     0.00,     0.00,     0.00,     0.00,     0.00,     0.00,     0.00,     0.00,     0.00,     0.00,  -999.99,  -999.99,  -999.99
cty,39077,SD: Kingsbury County,1981,02,PRCP,     3.00,     0.00,     0.00,     0.00,     0.00,     0.00,     0.00,     0.00,     0.60,     1.70,     0.00,     0.00,     0.00,     0.00,     0.00,     0.00,     0.00,     0.00,     0.00,     0.00,     0.00,     0.00,     0.00,     0.00,     0.00,     0.00,     7.93,     3.96,  -999.99,  -999.99,  -999.99
cty,39079,SD: Lake County,1981,02,PRCP,     4.34,     0.00,     0.00,     0.00,     0.00,     0.00,     0.00,     0.00,     0.42,     2.32,     0.01,     0.00,     0.00,     0.00,     0.00,     0.00,     0.00,     0.00,     0.00,     0.00,     0.00,     0.00,     0.00,     0.00,     0.00,     0.00,     9.63,     7.22,  -999.99,  -999.99,  -999.99
cty,39081,SD: Lawrence County,1981,02,PRCP,     2.57,     0.00,     0.00,     0.00,     0.00,     0.00,     0.39,     0.00,     0.57,     4.27,     0.00,     0.00,     0.00,     0.00,     0.00,     0.00,     0.00,     0.00,     0.00,     0.00,     0.00,     0.00,     0.00,     0.00,     0.00,     0.00,     0.00,     0.00,  -999.99,  -999.99,  -999.99
cty,39083,SD: Lincoln County,1981,02,PRCP,     3.90,     0.00,     0.00,     0.00,     0.00,     0.00,     0.00,     0.00,     0.00,     2.26,     0.00,     0.00,     0.00,     0.00,     0.00,     0.00,     0.00,     0.00,     0.00,     0.00,     0.00,     0.00,     0.00,     0.00,     0.00,     0.00,     4.77,     0.30,  -999.99,  -999.99,  -999.99
cty,39085,SD: Lyman County,1981,02,PRCP,     0.31,     0.00,     0.00,     0.00,     0.00,     0.00,     0.00,     0.00,     0.00,     1.69,     0.00,     0.00,     0.00,     0.00,     0.00,     0.00,     0.00,     0.00,     0.00,     0.00,     0.00,     0.00,     0.00,     0.00,     0.00,     0.00,     0.02,     0.00,  -999.99,  -999.99,  -999.99
cty,39087,SD: McCook County,1981,02,PRCP,     4.87,     0.00,     0.00,     0.00,     0.00,     0.00,     0.00,     0.00,     0.33,     3.37,     0.00,     0.00,     0.00,     0.00,     0.00,     0.00,     0.00,     0.00,     0.00,     0.00,     0.00,     0.00,     0.00,     0.00,     0.00,     0.00,     7.72,     1.84,  -999.99,  -999.99,  -999.99
cty,39089,SD: McPherson County,1981,02,PRCP,     0.00,     0.00,     0.00,     0.00,     0.28,     0.00,     0.59,     0.00,     0.19,     0.15,     0.00,     0.00,     0.00,     0.00,     0.00,     0.00,     0.00,     0.00,     0.00,     0.00,     0.00,     0.00,     0.00,     0.00,     0.00,     0.00,     0.00,     1.89,  -999.99,  -999.99,  -999.99
cty,39091,SD: Marshall County,1981,02,PRCP,     1.80,     0.00,     0.00,     0.00,     0.45,     0.00,     2.33,     0.20,     0.56,     0.05,     0.00,     0.00,     0.00,     0.00,     0.00,     0.00,     0.00,     0.03,     0.00,     0.00,     0.00,     0.00,     0.00,     0.00,     0.00,     0.00,     3.64,     4.59,  -999.99,  -999.99,  -999.99
cty,39093,SD: Meade County,1981,02,PRCP,     0.35,     0.00,     0.00,     0.00,     0.00,     0.00,     0.00,     0.00,     0.00,     1.85,     0.00,     0.00,     0.00,     0.00,     0.00,     0.00,     0.00,     0.00,     0.00,     0.00,     0.00,     0.00,     0.00,     0.00,     0.00,     0.00,     0.00,     0.00,  -999.99,  -999.99,  -999.99
cty,39095,SD: Mellette County,1981,02,PRCP,     0.70,     0.00,     0.00,     0.00,     0.00,     0.00,     0.00,     0.00,     0.00,     1.89,     0.00,     0.00,     0.00,     0.00,     0.00,     0.00,     0.00,     0.00,     0.00,     0.00,     0.00,     0.00,     0.00,     0.00,     0.00,     0.00,     0.00,     0.00,  -999.99,  -999.99,  -999.99
cty,39097,SD: Miner County,1981,02,PRCP,     3.47,     0.00,     0.00,     0.00,     0.00,     0.00,     0.00,     0.00,     0.46,     2.27,     0.00,     0.00,     0.00,     0.00,     0.00,     0.00,     0.00,     0.00,     0.00,     0.00,     0.00,     0.00,     0.00,     0.00,     0.00,     0.00,     6.31,     1.77,  -999.99,  -999.99,  -999.99
cty,39099,SD: Minnehaha County,1981,02,PRCP,     4.12,     0.00,     0.00,     0.00,     0.00,     0.00,     0.00,     0.00,     0.07,     2.16,     0.00,     0.00,     0.00,     0.00,     0.00,     0.00,     0.00,     0.00,     0.00,     0.00,     0.00,     0.00,     0.00,     0.00,     0.00,     0.00,     6.76,     3.46,  -999.99,  -999.99,  -999.99
cty,39101,SD: Moody County,1981,02,PRCP,     5.14,     0.00,     0.00,     0.00,     0.00,     0.00,     0.00,     0.00,     0.15,     2.07,     0.00,     0.00,     0.00,     0.00,     0.00,     0.00,     0.00,     0.00,     0.00,     0.00,     0.00,     0.00,     0.00,     0.00,     0.00,     0.00,    10.29,     8.03,  -999.99,  -999.99,  -999.99
cty,39102,SD: Oglala Lakota County,1981,02,PRCP,     0.67,     0.00,     0.00,     0.00,     0.00,     0.00,     0.00,     0.00,     0.36,     2.30,     0.00,     0.00,     0.00,     0.00,     0.00,     0.00,     0.00,     0.00,     0.00,     0.00,     0.00,     0.00,     0.00,     0.00,     0.00,     0.00,     0.00,     0.00,  -999.99,  -999.99,  -999.99
cty,39103,SD: Pennington County,1981,02,PRCP,     0.29,     0.00,     0.00,     0.00,     0.00,     0.00,     0.00,     0.00,     0.14,     2.65,     0.00,     0.00,     0.00,     0.00,     0.00,     0.00,     0.00,     0.00,     0.00,     0.00,     0.00,     0.00,     0.00,     0.00,     0.00,     0.00,     0.00,     0.00,  -999.99,  -999.99,  -999.99
cty,39105,SD: Perkins County,1981,02,PRCP,     1.13,     0.00,     0.00,     0.00,     0.00,     0.00,     0.00,     0.02,     0.02,     0.63,     0.00,     0.00,     0.00,     0.00,     0.00,     0.00,     0.00,     0.00,     0.07,     0.00,     0.00,     0.00,     0.00,     0.00,     0.00,     0.00,     0.00,     0.00,  -999.99,  -999.99,  -999.99
cty,39107,SD: Potter County,1981,02,PRCP,     0.00,     0.00,     0.00,     0.00,     0.01,     0.00,     0.00,     0.00,     0.09,     2.31,     0.00,     0.00,     0.00,     0.00,     0.00,     0.00,     0.00,     0.00,     0.00,     0.00,     0.00,     0.00,     0.00,     0.00,     0.00,     0.00,     0.00,     0.00,  -999.99,  -999.99,  -999.99
cty,39109,SD: Roberts County,1981,02,PRCP,     2.49,     0.00,     0.00,     0.00,     0.00,     0.00,     3.22,     0.34,     0.68,     1.01,     0.00,     0.00,     0.00,     0.00,     0.00,     0.00,     0.00,     0.12,     0.00,     0.00,     0.00,     0.00,     0.00,     0.00,     0.00,     0.00,     8.03,     7.58,  -999.99,  -999.99,  -999.99
cty,39111,SD: Sanborn County,1981,02,PRCP,     2.52,     0.00,     0.00,     0.00,     0.00,     0.00,     0.00,     0.00,     0.34,     2.33,     0.00,     0.00,     0.00,     0.00,     0.00,     0.00,     0.00,     0.00,     0.00,     0.00,     0.00,     0.00,     0.00,     0.00,     0.00,     0.00,     2.89,     0.00,  -999.99,  -999.99,  -999.99
cty,39115,SD: Spink County,1981,02,PRCP,     0.52,     0.00,     0.00,     0.00,     0.01,     0.00,     0.06,     0.00,     0.18,     1.17,     0.00,     0.00,     0.00,     0.00,     0.00,     0.00,     0.00,     0.00,     0.00,     0.00,     0.00,     0.00,     0.00,     0.00,     0.00,     0.00,     2.26,     0.46,  -999.99,  -999.99,  -999.99
cty,39117,SD: Stanley County,1981,02,PRCP,     0.00,     0.00,     0.00,     0.00,     0.00,     0.00,     0.00,     0.00,     0.00,     2.18,     0.00,     0.00,     0.00,     0.00,     0.00,     0.00,     0.00,     0.00,     0.00,     0.00,     0.00,     0.00,     0.00,     0.00,     0.00,     0.00,     0.00,     0.00,  -999.99,  -999.99,  -999.99
cty,39119,SD: Sully County,1981,02,PRCP,     0.00,     0.00,     0.00,     0.00,     0.00,     0.00,     0.00,     0.00,     0.00,     2.87,     0.00,     0.00,     0.00,     0.00,     0.00,     0.00,     0.00,     0.00,     0.00,     0.00,     0.00,     0.00,     0.00,     0.00,     0.00,     0.00,     0.00,     0.00,  -999.99,  -999.99,  -999.99
cty,39121,SD: Todd County,1981,02,PRCP,     0.99,     0.00,     0.00,     0.00,     0.00,     0.00,     0.00,     0.00,     0.00,     1.87,     0.00,     0.00,     0.00,     0.00,     0.00,     0.00,     0.00,     0.00,     0.00,     0.00,     0.00,     0.00,     0.00,     0.00,     0.00,     0.00,     0.01,     0.00,  -999.99,  -999.99,  -999.99
cty,39123,SD: Tripp County,1981,02,PRCP,     1.53,     0.00,     0.00,     0.00,     0.00,     0.00,     0.00,     0.00,     0.00,     2.48,     0.00,     0.00,     0.00,     0.00,     0.00,     0.00,     0.00,     0.00,     0.00,     0.00,     0.00,     0.00,     0.00,     0.00,     0.00,     0.00,     0.11,     0.00,  -999.99,  -999.99,  -999.99
cty,39125,SD: Turner County,1981,02,PRCP,     4.55,     0.00,     0.00,     0.00,     0.00,     0.00,     0.00,     0.00,     0.01,     3.47,     0.00,     0.00,     0.00,     0.00,     0.00,     0.00,     0.00,     0.00,     0.00,     0.00,     0.00,     0.00,     0.00,     0.00,     0.00,     0.00,     6.30,     0.09,  -999.99,  -999.99,  -999.99
cty,39127,SD: Union County,1981,02,PRCP,     8.13,     0.00,     0.00,     0.00,     0.00,     0.00,     0.00,     0.00,     0.00,     5.75,     0.00,     0.00,     0.00,     0.00,     0.00,     0.00,     0.00,     0.00,     0.00,     0.00,     0.00,     0.00,     0.00,     0.00,     0.00,     0.00,     5.28,     0.00,  -999.99,  -999.99,  -999.99
cty,39129,SD: Walworth County,1981,02,PRCP,     0.00,     0.00,     0.00,     0.00,     0.30,     0.00,     0.19,     0.00,     0.41,     1.10,     0.00,     0.00,     0.00,     0.00,     0.00,     0.00,     0.00,     0.00,     0.00,     0.00,     0.00,     0.00,     0.00,     0.00,     0.00,     0.00,     0.00,     0.31,  -999.99,  -999.99,  -999.99
cty,39135,SD: Yankton County,1981,02,PRCP,     4.15,     0.02,     0.00,     0.00,     0.00,     0.00,     0.00,     0.00,     0.00,     4.41,     0.04,     0.00,     0.00,     0.00,     0.00,     0.00,     0.00,     0.00,     0.00,     0.00,     0.00,     0.00,     0.00,     0.00,     0.00,     0.00,     4.75,     0.00,  -999.99,  -999.99,  -999.99
cty,39137,SD: Ziebach County,1981,02,PRCP,     0.00,     0.00,     0.00,     0.00,     0.01,     0.00,     0.00,     0.05,     0.00,     1.96,     0.00,     0.00,     0.00,     0.00,     0.00,     0.00,     0.00,     0.00,     0.00,     0.00,     0.00,     0.00,     0.00,     0.00,     0.00,     0.00,     0.00,     0.00,  -999.99,  -999.99,  -999.99
cty,40001,TN: Anderson County,1981,02,PRCP,     0.60,    39.36,     0.09,     0.00,     0.00,     0.00,     0.00,     4.14,     0.00,     0.00,    31.14,     0.77,     0.00,     0.00,     0.00,     0.00,     4.91,     8.69,    12.00,     3.86,     0.00,     0.00,     8.69,     0.00,     0.00,     0.00,     0.00,     0.00,  -999.99,  -999.99,  -999.99
cty,40003,TN: Bedford County,1981,02,PRCP,     4.01,    39.14,     0.00,     0.00,     0.00,     0.00,     0.00,     5.88,     0.00,     2.90,    12.24,     0.10,     0.00,     0.00,     0.00,     1.02,     8.19,     2.92,     7.19,     0.82,     0.00,     0.00,     2.01,     0.00,     0.00,     0.00,     0.00,     0.00,  -999.99,  -999.99,  -999.99
cty,40005,TN: Benton County,1981,02,PRCP,    28.10,    19.61,     0.00,     0.00,     0.00,     0.00,     0.00,     6.62,     0.00,     6.16,    13.37,     0.00,     0.00,     0.00,     0.00,     0.19,    18.20,     0.35,     0.20,     0.00,     0.00,     2.65,     0.10,     0.00,     0.00,     0.00,     0.00,     0.00,  -999.99,  -999.99,  -999.99
cty,40007,TN: Bledsoe County,1981,02,PRCP,     2.50,    47.44,     0.00,     0.00,     0.00,     0.00,     0.00,     4.50,     0.00,     0.00,    40.24,     0.77,     0.00,     0.00,     0.00,     0.00,     7.81,     9.84,    16.46,     1.79,     0.00,     0.00,     7.41,     0.00,     0.00,     0.00,     0.00,     0.00,  -999.99,  -999.99,  -999.99
cty,40009,TN: Blount County,1981,02,PRCP,     0.00,    40.78,     0.04,     0.00,     0.00,     0.00,     0.00,     4.04,     0.18,     0.00,    44.83,     1.66,     0.00,     0.00,     0.00,     0.00,     0.53,     5.46,    16.52,     7.28,     0.00,     0.00,     7.25,     0.08,     0.00,     0.00,     0.00,     0.00,  -999.99,  -999.99,  -999.99
cty,40011,TN: Bradley County,1981,02,PRCP,     1.60,    38.53,     0.00,     0.00,     0.00,     0.00,     0.00,     2.92,     0.00,     0.06,    43.91,     1.03,     0.00,     0.00,     0.00,     0.00,     1.95,    14.16,    20.10,     1.01,     0.00,     0.00,     6.08,     0.00,     0.00,     0.00,     0.00,     0.00,  -999.99,  -999.99,  -999.99
cty,40013,TN: Campbell County,1981,02,PRCP,     0.04,    40.34,     0.59,     0.00,     0.00,     0.00,     0.00,     5.42,     0.00,     0.00,    25.32,     1.26,     0.00,     0.00,     0.00,     0.00,     6.60,     3.27,     8.34,     4.51,     0.00,     0.00,     9.94,     0.01,     0.00,     0.00,     0.00,     0.00,  -999.99,  -999.99,  -999.99
cty,40015,TN: Cannon County,1981,02,PRCP,     3.66,    36.75,     0.00,     0.00,     0.00,     0.00,     0.00,     5.93,     0.00,     1.51,    11.10,     0.45,     0.00,     0.00,     0.00,     0.61,     7.48,     0.65,    10.17,     1.31,     0.00,     0.00,     1.87,     0.00,     0.00,     0.00,     0.00,     0.00,  -999.99,  -999.99,  -999.99
cty,40017,TN: Carroll County,1981,02,PRCP,    27.61,    16.07,     0.00,     0.00,     0.00,     0.00,     0.00,     5.41,     0.00,     6.62,    14.02,     0.00,     0.00,     0.00,     0.00,     0.02,    14.37,     0.20,     0.04,     0.00,     0.00,     2.93,     0.00,     0.00,     0.00,     0.00,     0.00,     0.00,  -999.99,  -999.99,  -999.99
cty,40019,TN: Carter County,1981,02,PRCP,     0.00,    25.33,     0.80,     0.00,     0.00,     0.00,     0.00,     0.69,     2.47,     0.00,    26.12,     4.93,     0.00,     0.00,     0.00,     0.00,     2.13,     5.88,     2.35,    14.10,     1.73,     0.00,    10.84,     1.05,     0.00,     0.00,     0.00,     0.00,  -999.99,  -999.99,  -999.99
cty,40021,TN: Cheatham County,1981,02,PRCP,    20.67,    34.68,     0.00,     0.00,     0.00,     0.00,     0.00,     7.56,     0.00,     4.28,    15.17,     0.40,     0.00,     0.00,     0.00,     2.62,    21.67,     1.22,     2.55,     0.03,     0.00,     0.33,     1.02,     0.00,     0.00,     0.00,     0.00,     0.03,  -999.99,  -999.99,  -999.99
cty,40023,TN: Chester County,1981,02,PRCP,    29.07,    21.37,     0.00,     0.00,     0.00,     0.00,     0.00,     5.91,     0.00,    10.02,    10.70,     0.00,     0.00,     0.00,     0.00,     0.60,    14.08,     0.27,     0.00,     0.00,     0.00,     3.19,     0.00,     0.00,     0.00,     0.00,     0.00,     0.00,  -999.99,  -999.99,  -999.99
cty,40025,TN: Claiborne County,1981,02,PRCP,     0.00,    42.24,     0.53,     0.00,     0.00,     0.00,     0.00,     5.63,     0.00,     0.00,    28.04,     1.64,     0.00,     0.00,     0.00,     0.00,     5.97,     3.46,     6.01,     5.85,     0.00,     0.00,    11.91,     0.35,     0.00,     0.00,     0.00,     0.00,  -999.99,  -999.99,  -999.99
cty,40027,TN: Clay County,1981,02,PRCP,     8.74,    54.72,     0.00,     0.00,     0.00,     0.00,     0.00,     8.62,     0.00,     0.13,    16.80,     0.23,     0.00,     0.00,     0.00,     0.71,    17.70,     1.67,    14.12,     1.52,     0.00,     0.00,     3.77,     0.00,     0.00,     0.00,     0.00,     0.00,  -999.99,  -999.99,  -999.99
cty,40029,TN: Cocke County,1981,02,PRCP,     0.00,    31.38,     0.22,     0.00,     0.00,     0.00,     0.00,     1.82,     0.26,     0.00,    33.24,     2.84,     0.00,     0.00,     0.00,     0.00,     0.30,     6.32,     5.37,    11.55,     0.29,     0.00,     7.56,     0.18,     0.00,     0.00,     0.00,     0.00,  -999.99,  -999.99,  -999.99
cty,40031,TN: Coffee County,1981,02,PRCP,     2.86,    34.68,     0.00,     0.00,     0.00,     0.00,     0.00,     5.13,     0.00,     2.08,    15.25,     0.06,     0.00,     0.00,     0.00,     0.36,     7.45,     2.32,     9.38,     0.90,     0.00,     0.00,     2.71,     0.00,     0.00,     0.00,     0.00,     0.00,  -999.99,  -999.99,  -999.99
cty,40033,TN: Crockett County,1981,02,PRCP,    27.81,    10.24,     0.00,     0.00,     0.00,     0.00,     0.00,     4.14,     0.00,     9.73,    13.14,     0.00,     0.00,     0.00,     0.00,     1.42,    10.12,     0.00,     0.00,     0.00,     0.00,     2.43,     0.00,     0.00,     0.00,     0.00,     0.00,     0.00,  -999.99,  -999.99,  -999.99
cty,40035,TN: Cumberland County,1981,02,PRCP,     1.58,    40.60,     0.07,     0.00,     0.00,     0.00,     0.00,     5.04,     0.00,     0.00,    29.43,     0.95,     0.00,     0.00,     0.00,     0.02,     6.40,     4.18,    11.53,     1.95,     0.00,     0.00,     7.75,     0.00,     0.00,     0.00,     0.00,     0.00,  -999.99,  -999.99,  -999.99
cty,40037,TN: Davidson County,1981,02,PRCP,    14.85,    42.96,     0.00,     0.00,     0.00,     0.00,     0.00,     7.44,     0.00,     3.29,    13.80,     0.47,     0.00,     0.00,     0.00,     3.53,    17.33,     1.63,     6.16,     1.33,     0.00,     0.00,     1.24,     0.00,     0.00,     0.00,     0.00,     0.00,  -999.99,  -999.99,  -999.99
cty,40039,TN: Decatur County,1981,02,PRCP,    26.22,    28.04,     0.00,     0.00,     0.00,     0.00,     0.00,     7.03,     0.00,     8.01,    10.23,     0.00,     0.00,     0.00,     0.00,     1.33,    16.85,     0.67,     0.46,     0.00,     0.00,     2.83,     0.00,     0.00,     0.00,     0.00,     0.00,     0.00,  -999.99,  -999.99,  -999.99
cty,40041,TN: DeKalb County,1981,02,PRCP,     4.12,    39.09,     0.00,     0.00,     0.00,     0.00,     0.00,     6.57,     0.00,     1.34,    11.54,     0.62,     0.00,     0.00,     0.00,     0.43,     8.02,     0.17,    11.39,     1.35,     0.00,     0.00,     2.11,     0.00,     0.00,     0.00,     0.00,     0.00,  -999.99,  -999.99,  -999.99
cty,40043,TN: Dickson County,1981,02,PRCP,    24.07,    32.63,     0.00,     0.00,     0.00,     0.00,     0.00,     8.37,     0.00,     5.46,    15.52,     0.23,     0.00,     0.00,     0.00,     2.16,    22.56,     1.22,     1.15,     0.00,     0.00,     1.18,     0.93,     0.00,     0.00,     0.00,     0.00,     0.02,  -999.99,  -999.99,  -999.99
cty,40045,TN: Dyer County,1981,02,PRCP,    25.05,     6.36,     0.00,     0.00,     0.00,     0.00,     0.00,     2.40,     0.00,    10.13,    13.71,     0.00,     0.00,     0.00,     0.00,     2.40,     7.73,     0.00,     0.00,     0.00,     0.00,     2.11,     0.00,     0.00,     0.00,     0.00,     0.00,     1.10,  -999.99,  -999.99,  -999.99
cty,40047,TN: Fayette County,1981,02,PRCP,    25.26,    13.89,     0.00,     0.00,     0.00,     0.00,     0.00,     5.08,     0.00,    13.27,     8.62,     0.00,     0.00,     0.00,     0.00,     3.35,     7.25,     0.00,     0.00,     0.00,     0.00,     3.13,     0.00,     0.00,     0.00,     0.00,     0.00,     0.00,  -999.99,  -999.99,  -999.99
cty,40049,TN: Fentress County,1981,02,PRCP,     0.72,    40.00,     0.39,     0.00,     0.00,     0.00,     0.00,     7.15,     0.00,     0.00,    18.60,     0.92,     0.00,     0.00,     0.00,     0.30,     7.51,     0.32,     9.50,     2.76,     0.00,     0.00,     8.13,     0.00,     0.00,     0.00,     0.00,     0.00,  -999.99,  -999.99,  -999.99
cty,40051,TN: Franklin County,1981,02,PRCP,     2.47,    36.65,     0.02,     0.00,     0.00,     0.00,     0.00,     4.10,     0.00,     3.26,    23.16,     0.00,     0.00,     0.00,     0.00,     0.24,     8.51,     6.56,     9.28,     0.56,     0.00,     0.00,     3.84,     0.00,     0.00,     0.00,     0.00,     0.00,  -999.99,  -999.99,  -999.99
cty,40053,TN: Gibson County,1981,02,PRCP,    27.04,    10.67,     0.00,     0.00,     0.00,     0.00,     0.00,     4.07,     0.00,     8.16,    14.34,     0.00,     0.00,     0.00,     0.00,     0.70,    10.68,     0.00,     0.00,     0.00,     0.00,     2.53,     0.02,     0.00,     0.00,     0.00,     0.00,     0.14,  -999.99,  -999.99,  -999.99
cty,40055,TN: Giles County,1981,02,PRCP,     6.31,    46.97,     0.00,     0.00,     0.00,     0.00,     0.00,     4.81,     0.00,     7.09,    14.06,     0.06,     0.00,     0.00,     0.00,     1.46,    13.13,     4.32,     4.23,     0.00,     0.00,     0.68,     2.11,     0.00,     0.00,     0.00,     0.00,     0.00,  -999.99,  -999.99,  -999.99
cty,40057,TN: Grainger County,1981,02,PRCP,     0.00,    39.08,     0.22,     0.00,     0.00,     0.00,     0.00,     4.74,     0.00,     0.00,    31.05,     1.13,     0.00,     0.10,     0.00,     0.00,     2.79,     6.13,     6.86,     7.62,     0.00,     0.00,    10.86,     0.17,     0.00,     0.00,     0.00,     0.00,  -999.99,  -999.99,  -999.99
cty,40059,TN: Greene County,1981,02,PRCP,     0.00,    25.73,     0.12,     0.00,     0.00,     0.00,     0.00,     1.92,     0.76,     0.00,    24.10,     2.40,     0.00,     0.00,     0.00,     0.00,     1.39,     7.23,     3.84,    10.57,     0.36,     0.00,     8.35,     0.21,     0.00,     0.00,     0.00,     0.00,  -999.99,  -999.99,  -999.99
cty,40061,TN: Grundy County,1981,02,PRCP,     2.50,    38.62,     0.10,     0.00,     0.00,     0.00,     0.00,     4.56,     0.00,     1.25,    29.30,     0.34,     0.00,     0.00,     0.00,     0.04,     8.28,     5.28,    12.06,     1.14,     0.00,     0.00,     5.18,     0.00,     0.00,     0.00,     0.00,     0.00,  -999.99,  -999.99,  -999.99
cty,40063,TN: Hamblen County,1981,02,PRCP,     0.00,    32.65,     0.00,     0.00,     0.00,     0.00,     0.00,     3.39,     0.00,     0.00,    29.80,     1.05,     0.00,     0.09,     0.00,     0.00,     1.91,     7.81,     5.24,     8.85,     0.00,     0.00,     9.83,     0.09,     0.00,     0.00,     0.00,     0.00,  -999.99,  -999.99,  -999.99
cty,40065,TN: Hamilton County,1981,02,PRCP,     2.24,    41.43,     0.00,     0.00,     0.00,     0.00,     0.00,     2.84,     0.00,     0.85,    42.39,     0.16,     0.00,     0.00,     0.00,     0.00,     6.18,    17.97,    18.09,     1.23,     0.00,     0.00,     6.08,     0.00,     0.00,     0.00,     0.00,     0.00,  -999.99,  -999.99,  -999.99
cty,40067,TN: Hancock County,1981,02,PRCP,     0.00,    36.75,     0.43,     0.00,     0.00,     0.00,     0.00,     3.82,     0.00,     0.00,    29.10,     1.63,     0.00,     0.00,     0.00,     0.00,     5.05,     6.45,     3.90,     8.19,     0.05,     0.00,    11.93,     0.45,     0.00,     0.00,     0.00,     0.00,  -999.99,  -999.99,  -999.99
cty,40069,TN: Hardeman County,1981,02,PRCP,    26.65,    16.76,     0.00,     0.00,     0.00,     0.00,     0.00,     4.97,     0.00,    11.00,     8.84,     0.00,     0.00,     0.00,     0.00,     1.28,     9.83,     0.05,     0.00,     0.00,     0.00,     2.99,     0.00,     0.00,     0.00,     0.00,     0.00,     0.00,  -999.99,  -999.99,  -999.99
cty,40071,TN: Hardin County,1981,02,PRCP,    26.99,    39.27,     0.00,     0.00,     0.00,     0.00,     0.00,     7.02,     0.00,    11.21,    10.43,     0.00,     0.00,     0.00,     0.00,     2.35,    19.99,     0.93,     0.97,     0.00,     0.00,     3.22,     0.00,     0.00,     0.00,     0.00,     0.00,     0.00,  -999.99,  -999.99,  -999.99
cty,40073,TN: Hawkins County,1981,02,PRCP,     0.00,    29.04,     0.23,     0.00,     0.00,     0.00,     0.00,     2.80,     0.13,     0.00,    26.03,     1.75,     0.00,     0.00,     0.00,     0.00,     3.32,     7.19,     3.08,     9.08,     0.24,     0.00,    10.43,     0.28,     0.00,     0.00,     0.00,     0.00,  -999.99,  -999.99,  -999.99
cty,40075,TN: Haywood County,1981,02,PRCP,    26.56,    10.85,     0.00,     0.00,     0.00,     0.00,     0.00,     4.38,     0.00,    11.21,    11.06,     0.00,     0.00,     0.00,     0.00,     2.09,     8.85,     0.00,     0.00,     0.00,     0.00,     2.54,     0.00,     0.00,     0.00,     0.00,     0.00,     0.00,  -999.99,  -999.99,  -999.99
cty,40077,TN: Henderson County,1981,02,PRCP,    28.24,    21.51,     0.00,     0.00,     0.00,     0.00,     0.00,     6.07,     0.00,     8.01,    12.14,     0.00,     0.00,     0.00,     0.00,     0.29,    14.24,     0.28,     0.00,     0.00,     0.00,     3.04,     0.00,     0.00,     0.00,     0.00,     0.00,     0.00,  -999.99,  -999.99,  -999.99
cty,40079,TN: Henry County,1981,02,PRCP,    25.23,    13.85,     0.01,     0.00,     0.00,     0.00,     0.00,     4.30,     0.00,     5.72,    15.00,     0.00,     0.00,     0.00,     0.00,     0.00,    17.09,     0.34,     0.17,     0.00,     0.00,     2.45,     0.41,     0.00,     0.00,     0.00,     0.00,     0.04,  -999.99,  -999.99,  -999.99
cty,40081,TN: Hickman County,1981,02,PRCP,    21.41,    37.79,     0.00,     0.00,     0.00,     0.00,     0.00,     8.91,     0.00,     6.43,    12.64,     0.06,     0.00,     0.00,     0.00,     3.28,    20.57,     1.93,     1.44,     0.00,     0.00,     1.60,     0.93,     0.00,     0.00,     0.00,     0.00,     0.00,  -999.99,  -999.99,  -999.99
cty,40083,TN: Houston County,1981,02,PRCP,    27.74,    21.07,     0.00,     0.00,     0.00,     0.00,     0.00,     7.31,     0.00,     5.67,    14.38,     0.00,     0.00,     0.00,     0.00,     0.55,    21.64,     0.48,     0.25,     0.00,     0.00,     1.81,     0.53,     0.00,     0.00,     0.00,     0.00,     0.00,  -999.99,  -999.99,  -999.99
cty,40085,TN: Humphreys County,1981,02,PRCP,    28.64,    24.58,     0.00,     0.00,     0.00,     0.00,     0.00,     8.41,     0.00,     6.43,    13.32,     0.00,     0.00,     0.00,     0.00,     1.49,    20.14,     0.49,     0.32,     0.00,     0.00,     2.29,     0.24,     0.00,     0.00,     0.00,     0.00,     0.00,  -999.99,  -999.99,  -999.99
cty,40087,TN: Jackson County,1981,02,PRCP,     7.94,    52.51,     0.00,     0.00,     0.00,     0.00,     0.00,     8.87,     0.00,     0.75,    14.74,     0.53,     0.00,     0.00,     0.00,     0.59,    14.36,     0.91,    14.75,     1.63,     0.00,     0.00,     3.26,     0.00,     0.00,     0.00,     0.00,     0.01,  -999.99,  -999.99,  -999.99
cty,40089,TN: Jefferson County,1981,02,PRCP,     0.00,    34.23,     0.00,     0.00,     0.00,     0.00,     0.00,     3.78,     0.00,     0.00,    30.62,     1.20,     0.00,     0.13,     0.00,     0.00,     1.00,     7.23,     7.92,     8.58,     0.00,     0.00,     8.46,     0.00,     0.00,     0.00,     0.00,     0.00,  -999.99,  -999.99,  -999.99
cty,40091,TN: Johnson County,1981,02,PRCP,     0.00,    26.23,     1.17,     0.00,     0.00,     0.00,     0.00,     0.60,     2.70,     0.00,    28.98,     5.19,     0.00,     0.00,     0.00,     0.00,     3.07,     5.11,     2.06,    16.43,     2.13,     0.00,    12.43,     1.57,     0.00,     0.00,     0.00,     0.00,  -999.99,  -999.99,  -999.99
cty,40093,TN: Knox County,1981,02,PRCP,     0.09,    37.79,     0.00,     0.00,     0.00,     0.00,     0.00,     4.78,     0.00,     0.00,    30.78,     1.35,     0.00,     0.00,     0.00,     0.00,     2.08,     7.55,    12.00,     4.59,     0.00,     0.00,     8.17,     0.00,     0.00,     0.00,     0.00,     0.00,  -999.99,  -999.99,  -999.99
cty,40095,TN: Lake County,1981,02,PRCP,    25.21,     5.17,     0.00,     0.00,     0.00,     0.00,     0.00,     1.30,     0.00,    11.64,    15.01,     0.00,     0.00,     0.00,     0.00,     2.38,     5.47,     0.00,     0.00,     0.00,     0.00,     2.46,     0.00,     0.00,     0.00,     0.00,     0.00,     2.12,  -999.99,  -999.99,  -999.99
cty,40097,TN: Lauderdale County,1981,02,PRCP,    22.52,     6.81,     0.00,     0.00,     0.00,     0.00,     0.00,     2.96,     0.00,    11.62,    11.09,     0.00,     0.00,     0.00,     0.00,     2.87,     6.39,     0.00,     0.00,     0.00,     0.00,     2.33,     0.00,     0.00,     0.00,     0.00,     0.00,     0.00,  -999.99,  -999.99,  -999.99
cty,40099,TN: Lawrence County,1981,02,PRCP,    11.06,    48.33,     0.00,     0.00,     0.00,     0.00,     0.00,     5.48,     0.00,     8.53,    12.78,     0.00,     0.00,     0.00,     0.00,     2.70,    17.02,     3.93,     3.35,     0.00,     0.00,     1.50,     1.30,     0.00,     0.00,     0.00,     0.00,     0.00,  -999.99,  -999.99,  -999.99
cty,40101,TN: Lewis County,1981,02,PRCP,    15.89,    42.47,     0.00,     0.00,     0.00,     0.00,     0.00,     7.85,     0.00,     6.80,    10.16,     0.04,     0.00,     0.00,     0.00,     3.98,    18.77,     3.03,     1.79,     0.00,     0.00,     1.61,     0.93,     0.00,     0.00,     0.00,     0.00,     0.00,  -999.99,  -999.99,  -999.99
cty,40103,TN: Lincoln County,1981,02,PRCP,     3.20,    40.57,     0.00,     0.00,     0.00,     0.00,     0.00,     4.65,     0.00,     5.33,    15.38,     0.00,     0.00,     0.00,     0.00,     0.45,     8.59,     5.30,     5.63,     0.06,     0.00,     0.07,     2.50,     0.00,     0.00,     0.00,     0.00,     0.00,  -999.99,  -999.99,  -999.99
cty,40105,TN: Loudon County,1981,02,PRCP,     0.49,    41.58,     0.00,     0.00,     0.00,     0.00,     0.00,     4.94,     0.00,     0.00,    36.95,     1.84,     0.00,     0.00,     0.00,     0.00,     2.04,     9.05,    16.44,     2.82,     0.00,     0.00,     7.68,     0.00,     0.00,     0.00,     0.00,     0.00,  -999.99,  -999.99,  -999.99
cty,40107,TN: McMinn County,1981,02,PRCP,     1.27,    41.20,     0.00,     0.00,     0.00,     0.00,     0.00,     4.11,     0.00,     0.00,    43.03,     1.89,     0.00,     0.00,     0.00,     0.00,     1.57,    10.62,    19.16,     1.40,     0.00,     0.00,     6.93,     0.00,     0.00,     0.00,     0.00,     0.00,  -999.99,  -999.99,  -999.99
cty,40109,TN: McNairy County,1981,02,PRCP,    30.15,    27.47,     0.00,     0.00,     0.00,     0.00,     0.00,     6.10,     0.00,    12.07,    10.04,     0.00,     0.00,     0.00,     0.00,     1.19,    16.97,     0.41,     0.00,     0.00,     0.00,     3.41,     0.00,     0.00,     0.00,     0.00,     0.00,     0.00,  -999.99,  -999.99,  -999.99
cty,40111,TN: Macon County,1981,02,PRCP,    13.17,    55.57,     0.00,     0.00,     0.00,     0.00,     0.00,     7.91,     0.00,     1.25,    15.05,     0.90,     0.00,     0.00,     0.00,     1.24,    20.80,     3.27,    11.92,     2.05,     0.00,     0.00,     1.76,     0.00,     0.00,     0.00,     0.00,     0.00,  -999.99,  -999.99,  -999.99
cty,40113,TN: Madison County,1981,02,PRCP,    28.57,    15.19,     0.00,     0.00,     0.00,     0.00,     0.00,     5.31,     0.00,     9.46,    11.71,     0.00,     0.00,     0.00,     0.00,     0.62,    11.51,     0.02,     0.00,     0.00,     0.00,     2.94,     0.00,     0.00,     0.00,     0.00,     0.00,     0.00,  -999.99,  -999.99,  -999.99
cty,40115,TN: Marion County,1981,02,PRCP,     2.58,    40.57,     0.05,     0.00,     0.00,     0.00,     0.00,     2.98,     0.00,     2.02,    40.19,     0.00,     0.00,     0.00,     0.00,     0.00,     8.68,    14.74,    15.28,     1.15,     0.00,     0.00,     5.79,     0.00,     0.00,     0.00,     0.00,     0.00,  -999.99,  -999.99,  -999.99
cty,40117,TN: Marshall County,1981,02,PRCP,     5.97,    44.89,     0.00,     0.00,     0.00,     0.00,     0.00,     6.41,     0.00,     4.45,    13.10,     0.29,     0.00,     0.00,     0.00,     1.75,    11.01,     3.83,     5.40,     0.52,     0.00,     0.00,     2.11,     0.00,     0.00,     0.00,     0.00,     0.00,  -999.99,  -999.99,  -999.99
cty,40119,TN: Maury County,1981,02,PRCP,    10.57,    43.22,     0.00,     0.00,     0.00,     0.00,     0.00,     7.23,     0.00,     5.00,    12.15,     0.46,     0.00,     0.00,     0.00,     3.01,    15.27,     3.45,     3.33,     0.15,     0.00,     0.55,     1.81,     0.00,     0.00,     0.00,     0.00,     0.00,  -999.99,  -999.99,  -999.99
cty,40121,TN: Meigs County,1981,02,PRCP,     2.14,    43.06,     0.00,     0.00,     0.00,     0.00,     0.00,     3.72,     0.00,     0.00,    40.21,     0.74,     0.00,     0.00,     0.00,     0.00,     4.87,    15.46,    19.04,     1.83,     0.00,     0.00,     6.79,     0.00,     0.00,     0.00,     0.00,     0.00,  -999.99,  -999.99,  -999.99
cty,40123,TN: Monroe County,1981,02,PRCP,     0.16,    42.76,     0.01,     0.00,     0.00,     0.00,     0.00,     3.93,     0.28,     0.00,    54.04,     2.02,     0.00,     0.00,     0.00,     0.00,     0.68,     7.93,    19.67,     4.30,     0.00,     0.00,     7.52,     0.00,     0.00,     0.00,     0.00,     0.00,  -999.99,  -999.99,  -999.99
cty,40125,TN: Montgomery County,1981,02,PRCP,    25.29,    22.62,     0.00,     0.00,     0.00,     0.00,     0.00,     6.36,     0.02,     4.82,    15.71,     0.15,     0.00,     0.00,     0.00,     0.56,    23.78,     0.75,     0.57,     0.00,     0.00,     0.91,     0.68,     0.00,     0.00,     0.00,     0.00,     0.18,  -999.99,  -999.99,  -999.99
cty,40127,TN: Moore County,1981,02,PRCP,     2.78,    36.39,     0.00,     0.00,     0.00,     0.00,     0.00,     4.83,     0.00,     3.30,    15.01,     0.00,     0.00,     0.00,     0.00,     0.41,     7.54,     4.31,     6.95,     0.48,     0.00,     0.00,     2.48,     0.00,     0.00,     0.00,     0.00,     0.00,  -999.99,  -999.99,  -999.99
cty,40129,TN: Morgan County,1981,02,PRCP,     1.23,    42.28,     0.23,     0.00,     0.00,     0.00,     0.00,     5.51,     0.00,     0.00,    29.12,     0.91,     0.00,     0.00,     0.00,     0.04,     6.00,     5.04,    12.33,     2.78,     0.00,     0.00,     8.67,     0.00,     0.00,     0.00,     0.00,     0.00,  -999.99,  -999.99,  -999.99
cty,40131,TN: Obion County,1981,02,PRCP,    22.84,     6.44,     0.00,     0.00,     0.00,     0.00,     0.00,     1.87,     0.00,     8.84,    14.36,     0.00,     0.00,     0.00,     0.00,     1.71,     7.11,     0.02,     0.01,     0.00,     0.00,     2.01,     0.04,     0.00,     0.00,     0.00,     0.00,     1.83,  -999.99,  -999.99,  -999.99
cty,40133,TN: Overton County,1981,02,PRCP,     3.11,    41.44,     0.00,     0.00,     0.00,     0.00,     0.00,     8.05,     0.00,     0.00,    15.12,     0.99,     0.00,     0.00,     0.00,     0.28,    10.78,     0.02,    12.85,     2.18,     0.00,     0.00,     5.90,     0.00,     0.00,     0.00,     0.00,     0.00,  -999.99,  -999.99,  -999.99
cty,40135,TN: Perry County,1981,02,PRCP,    23.01,    30.82,     0.00,     0.00,     0.00,     0.00,     0.00,     7.78,     0.00,     7.12,     9.21,     0.00,     0.00,     0.00,     0.00,     2.64,    17.77,     1.13,     0.72,     0.00,     0.00,     2.37,     0.00,     0.00,     0.00,     0.00,     0.00,     0.00,  -999.99,  -999.99,  -999.99
cty,40137,TN: Pickett County,1981,02,PRCP,     2.55,    41.40,     0.10,     0.00,     0.00,     0.00,     0.00,     7.95,     0.00,     0.00,    14.58,     0.69,     0.00,     0.00,     0.00,     0.44,    11.42,     0.16,    11.46,     2.77,     0.00,     0.00,     6.49,     0.00,     0.00,     0.00,     0.00,     0.00,  -999.99,  -999.99,  -999.99
cty,40139,TN: Polk County,1981,02,PRCP,     0.75,    40.10,     0.00,     0.00,     0.00,     0.00,     0.00,     2.77,     0.00,     0.00,    57.75,     1.78,     0.00,     0.00,     0.00,     0.01,     0.37,     9.10,    24.69,     2.85,     0.00,     0.00,     6.99,     0.00,     0.00,     0.00,     0.00,     0.00,  -999.99,  -999.99,  -999.99
cty,40141,TN: Putnam County,1981,02,PRCP,     3.94,    38.71,     0.00,     0.00,     0.00,     0.00,     0.00,     7.54,     0.00,     0.28,    14.58,     0.82,     0.00,     0.00,     0.00,     0.15,    10.18,     0.06,    12.11,     1.61,     0.00,     0.00,     4.87,     0.00,     0.00,     0.00,     0.00,     0.00,  -999.99,  -999.99,  -999.99
cty,40143,TN: Rhea County,1981,02,PRCP,     2.43,    45.79,     0.00,     0.00,     0.00,     0.00,     0.00,     3.80,     0.00,     0.00,    41.70,     0.68,     0.00,     0.00,     0.00,     0.00,     6.57,    14.31,    18.37,     2.13,     0.00,     0.00,     7.36,     0.00,     0.00,     0.00,     0.00,     0.00,  -999.99,  -999.99,  -999.99
cty,40145,TN: Roane County,1981,02,PRCP,     1.81,    43.06,     0.02,     0.00,     0.00,     0.00,     0.00,     4.39,     0.00,     0.00,    35.95,     0.89,     0.00,     0.00,     0.00,     0.01,     4.65,    11.54,    16.96,     2.75,     0.00,     0.00,     7.73,     0.00,     0.00,     0.00,     0.00,     0.00,  -999.99,  -999.99,  -999.99
cty,40147,TN: Robertson County,1981,02,PRCP,    20.28,    34.48,     0.00,     0.00,     0.00,     0.00,     0.00,     6.30,     0.00,     2.94,    15.48,     0.39,     0.00,     0.00,     0.00,     2.36,    25.03,     1.18,     4.19,     0.48,     0.00,     0.00,     0.93,     0.00,     0.00,     0.00,     0.00,     0.00,  -999.99,  -999.99,  -999.99
cty,40149,TN: Rutherford County,1981,02,PRCP,     5.82,    42.29,     0.00,     0.00,     0.00,     0.00,     0.00,     6.79,     0.00,     2.10,    10.44,     0.44,     0.00,     0.00,     0.00,     1.86,     9.23,     1.55,     9.34,     1.58,     0.00,     0.00,     1.56,     0.00,     0.00,     0.00,     0.00,     0.00,  -999.99,  -999.99,  -999.99
cty,40151,TN: Scott County,1981,02,PRCP,     0.11,    39.80,     0.95,     0.00,     0.00,     0.00,     0.00,     6.57,     0.00,     0.00,    21.26,     1.04,     0.00,     0.00,     0.00,     0.18,     6.62,     1.14,     9.08,     4.42,     0.00,     0.00,     9.61,     0.00,     0.00,     0.00,     0.00,     0.00,  -999.99,  -999.99,  -999.99
cty,40153,TN: Sequatchie County,1981,02,PRCP,     2.49,    44.77,     0.00,     0.00,     0.00,     0.00,     0.00,     3.81,     0.00,     0.30,    40.76,     0.40,     0.00,     0.00,     0.00,     0.00,     8.14,    11.51,    15.97,     1.55,     0.00,     0.00,     6.61,     0.00,     0.00,     0.00,     0.00,     0.00,  -999.99,  -999.99,  -999.99
cty,40155,TN: Sevier County,1981,02,PRCP,     0.00,    42.94,     0.27,     0.00,     0.00,     0.00,     0.00,     3.13,     0.37,     0.00,    48.42,     2.37,     0.00,     0.00,     0.00,     0.00,     0.30,     6.34,    11.54,    11.55,     0.25,     0.00,     8.63,     0.38,     0.00,     0.00,     0.00,     0.00,  -999.99,  -999.99,  -999.99
cty,40157,TN: Shelby County,1981,02,PRCP,    24.98,    11.38,     0.00,     0.00,     0.00,     0.00,     0.00,     5.46,     0.00,    17.77,     8.88,     0.00,     0.00,     0.00,     0.00,     6.17,     5.37,     0.00,     0.00,     0.00,     0.00,     3.87,     0.00,     0.00,     0.00,     0.00,     0.00,     0.00,  -999.99,  -999.99,  -999.99
cty,40159,TN: Smith County,1981,02,PRCP,     7.85,    48.42,     0.00,     0.00,     0.00,     0.00,     0.00,     7.66,     0.00,     1.50,    11.46,     0.47,     0.00,     0.00,     0.00,     0.93,    11.24,     1.02,    13.34,     1.66,     0.00,     0.00,     1.69,     0.00,     0.00,     0.00,     0.00,     0.00,  -999.99,  -999.99,  -999.99
cty,40161,TN: Stewart County,1981,02,PRCP,    25.93,    16.64,     0.00,     0.00,     0.00,     0.00,     0.00,     5.54,     0.00,     5.42,    14.67,     0.00,     0.00,     0.00,     0.00,     0.02,    21.90,     0.55,     0.19,     0.00,     0.00,     1.67,     0.60,     0.00,     0.00,     0.00,     0.00,     0.00,  -999.99,  -999.99,  -999.99
cty,40163,TN: Sullivan County,1981,02,PRCP,     0.00,    20.62,     0.43,     0.00,     0.00,     0.00,     0.00,     1.48,     1.08,     0.00,    19.77,     3.22,     0.00,     0.00,     0.00,     0.00,     3.18,     6.47,     2.17,    11.20,     0.71,     0.00,     9.81,     0.39,     0.00,     0.00,     0.00,     0.00,  -999.99,  -999.99,  -999.99
cty,40165,TN: Sumner County,1981,02,PRCP,    15.54,    44.26,     0.00,     0.00,     0.00,     0.00,     0.00,     6.56,     0.00,     1.88,    13.28,     0.65,     0.00,     0.00,     0.00,     2.19,    20.87,     2.47,     8.66,     1.68,     0.00,     0.00,     0.98,     0.00,     0.00,     0.00,     0.00,     0.00,  -999.99,  -999.99,  -999.99
cty,40167,TN: Tipton County,1981,02,PRCP,    21.07,     8.71,     0.00,     0.00,     0.00,     0.00,     0.00,     3.93,     0.00,    13.81,     9.49,     0.00,     0.00,     0.00,     0.00,     4.39,     5.49,     0.00,     0.00,     0.00,     0.00,     2.83,     0.00,     0.00,     0.00,     0.00,     0.00,     0.00,  -999.99,  -999.99,  -999.99
cty,40169,TN: Trousdale County,1981,02,PRCP,    12.49,    51.59,     0.00,     0.00,     0.00,     0.00,     0.00,     7.79,     0.00,     1.64,    12.51,     0.79,     0.00,     0.00,     0.00,     1.64,    16.94,     2.31,    13.65,     1.98,     0.00,     0.00,     1.24,     0.00,     0.00,     0.00,     0.00,     0.00,  -999.99,  -999.99,  -999.99
cty,40171,TN: Unicoi County,1981,02,PRCP,     0.00,    27.44,     0.80,     0.00,     0.00,     0.00,     0.00,     0.74,     2.02,     0.00,    30.72,     5.62,     0.00,     0.00,     0.00,     0.00,     1.27,     7.31,     2.45,    14.41,     1.58,     0.00,    10.62,     0.83,     0.00,     0.00,     0.00,     0.00,  -999.99,  -999.99,  -999.99
cty,40173,TN: Union County,1981,02,PRCP,     0.00,    41.05,     0.24,     0.00,     0.00,     0.00,     0.00,     5.17,     0.00,     0.00,    29.88,     1.00,     0.00,     0.00,     0.00,     0.00,     4.20,     6.01,     9.34,     5.23,     0.00,     0.00,    10.39,     0.08,     0.00,     0.00,     0.00,     0.00,  -999.99,  -999.99,  -999.99
cty,40175,TN: Van Buren County,1981,02,PRCP,     2.45,    41.05,     0.00,     0.00,     0.00,     0.00,     0.00,     6.44,     0.00,     0.00,    25.28,     1.02,     0.00,     0.00,     0.00,     0.02,     8.03,     1.09,    13.00,     1.47,     0.00,     0.00,     6.58,     0.00,     0.00,     0.00,     0.00,     0.00,  -999.99,  -999.99,  -999.99
cty,40177,TN: Warren County,1981,02,PRCP,     2.63,    33.98,     0.00,     0.00,     0.00,     0.00,     0.00,     5.55,     0.00,     1.34,    14.27,     0.62,     0.00,     0.00,     0.00,     0.24,     7.08,     0.58,    10.13,     1.13,     0.00,     0.00,     3.16,     0.00,     0.00,     0.00,     0.00,     0.00,  -999.99,  -999.99,  -999.99
cty,40179,TN: Washington County,1981,02,PRCP,     0.00,    23.23,     0.46,     0.00,     0.00,     0.00,     0.00,     1.08,     1.28,     0.00,    19.45,     5.28,     0.00,     0.00,     0.00,     0.00,     1.82,     5.91,     2.25,    13.48,     0.79,     0.00,     9.24,     0.31,     0.00,     0.00,     0.00,     0.00,  -999.99,  -999.99,  -999.99
cty,40181,TN: Wayne County,1981,02,PRCP,    17.83,    44.43,     0.00,     0.00,     0.00,     0.00,     0.00,     6.59,     0.00,     9.41,     9.54,     0.00,     0.00,     0.00,     0.00,     3.99,    18.93,     2.60,     2.22,     0.00,     0.00,     2.44,     0.05,     0.00,     0.00,     0.00,     0.00,     0.00,  -999.99,  -999.99,  -999.99
cty,40183,TN: Weakley County,1981,02,PRCP,    20.88,     8.76,     0.00,     0.00,     0.00,     0.00,     0.00,     2.83,     0.00,     6.18,    12.87,     0.00,     0.00,     0.00,     0.00,     0.31,     9.83,     0.12,     0.00,     0.00,     0.00,     2.03,     0.10,     0.00,     0.00,     0.00,     0.00,     0.57,  -999.99,  -999.99,  -999.99
cty,40185,TN: White County,1981,02,PRCP,     3.35,    35.36,     0.00,     0.00,     0.00,     0.00,     0.00,     7.09,     0.00,     0.18,    16.72,     0.78,     0.00,     0.00,     0.00,     0.03,     9.49,     0.24,    12.21,     1.40,     0.00,     0.00,     5.64,     0.00,     0.00,     0.00,     0.00,     0.00,  -999.99,  -999.99,  -999.99
cty,40187,TN: Williamson County,1981,02,PRCP,    12.51,    43.51,     0.00,     0.00,     0.00,     0.00,     0.00,     7.71,     0.00,     4.02,    13.94,     0.63,     0.00,     0.00,     0.00,     3.64,    15.29,     2.40,     4.40,     0.96,     0.00,     0.18,     1.64,     0.00,     0.00,     0.00,     0.00,     0.00,  -999.99,  -999.99,  -999.99
cty,40189,TN: Wilson County,1981,02,PRCP,     8.86,    45.84,     0.00,     0.00,     0.00,     0.00,     0.00,     7.35,     0.00,     1.81,    10.78,     0.56,     0.00,     0.00,     0.00,     1.92,    12.23,     1.15,    13.23,     1.86,     0.00,     0.00,     1.24,     0.00,     0.00,     0.00,     0.00,     0.01,  -999.99,  -999.99,  -999.99
cty,41001,TX: Anderson County,1981,02,PRCP,    10.82,     0.00,     0.00,     0.00,    10.15,     5.25,     0.00,     0.00,     0.00,    28.45,     0.05,     0.00,     0.00,     0.00,     0.00,     0.00,     0.00,     0.00,     0.00,     0.00,     0.00,    11.18,     0.00,     0.00,     0.00,     0.00,     0.00,     0.00,  -999.99,  -999.99,  -999.99
cty,41003,TX: Andrews County,1981,02,PRCP,     0.00,     0.00,     0.00,     0.00,     0.01,     0.00,     0.00,     0.00,     0.00,     0.47,     0.00,     0.00,     0.00,     0.00,     0.00,     0.00,     0.00,     0.00,     0.00,     0.00,     0.00,     0.00,     0.00,     0.00,     0.00,     0.00,     0.00,    27.81,  -999.99,  -999.99,  -999.99
cty,41005,TX: Angelina County,1981,02,PRCP,    10.51,     1.19,     0.00,     0.00,     7.59,    12.34,     0.00,     0.00,     0.00,    19.71,     0.00,     0.00,     0.00,     0.00,     0.00,     0.00,     0.00,     0.00,     0.00,     0.00,     0.00,    12.08,     0.00,     0.00,     0.00,     0.00,     0.00,     0.00,  -999.99,  -999.99,  -999.99
cty,41007,TX: Aransas County,1981,02,PRCP,     1.09,     0.00,     0.00,    10.04,    32.63,     3.98,     0.00,     0.00,     0.00,     0.00,     0.00,     0.00,     0.17,     0.00,     0.00,     0.00,     0.00,     0.00,     0.00,     0.00,     0.00,     1.83,     0.00,     0.00,     2.99,     3.00,     0.00,     0.00,  -999.99,  -999.99,  -999.99
cty,41009,TX: Archer County,1981,02,PRCP,     0.74,     0.00,     0.00,     0.00,     0.02,     0.00,     0.00,     0.00,     0.00,     9.02,     0.00,     0.00,     0.00,     0.00,     0.00,     0.00,     0.00,     0.00,     0.00,     0.00,     0.00,     0.00,     0.00,     0.00,     0.00,     0.00,     0.00,    62.18,  -999.99,  -999.99,  -999.99
cty,41011,TX: Armstrong County,1981,02,PRCP,     0.00,     0.00,     0.00,     0.00,     0.00,     0.00,     0.00,     0.00,     0.00,     0.95,     0.00,     0.00,     0.00,     0.00,     0.00,     0.00,     0.00,     0.00,     0.00,     0.00,     0.00,     0.84,     0.00,     0.00,     0.00,     0.00,     0.00,     1.95,  -999.99,  -999.99,  -999.99
cty,41013,TX: Atascosa County,1981,02,PRCP,     0.00,     0.00,     0.00,     8.19,    11.09,     1.07,     0.00,     0.00,     0.00,     0.00,     0.00,     0.00,     0.00,     0.00,     0.00,     0.00,     0.00,     0.00,     0.00,     0.00,     0.00,     0.00,     0.00,     0.00,     0.20,     0.20,     0.00,     0.00,  -999.99,  -999.99,  -999.99
cty,41015,TX: Austin County,1981,02,PRCP,     4.00,     0.00,     0.00,     2.23,     9.90,     8.00,     0.00,     0.00,     0.00,     4.77,     0.00,     0.00,     0.00,     0.00,     0.00,     0.00,     0.00,     0.00,     0.00,     0.00,     0.05,     4.62,     0.00,     0.00,     7.45,     4.43,     0.01,     0.00,  -999.99,  -999.99,  -999.99
cty,41017,TX: Bailey County,1981,02,PRCP,     0.00,     0.00,     0.00,     0.00,     0.00,     0.00,     0.00,     0.00,     0.00,     0.87,     0.00,     0.00,     0.00,     0.00,     0.00,     0.00,     0.00,     0.00,     0.00,     0.00,     0.00,     0.56,     0.00,     0.00,     0.00,     0.00,     0.00,     5.23,  -999.99,  -999.99,  -999.99
cty,41019,TX: Bandera County,1981,02,PRCP,     1.12,     0.00,     0.00,     6.04,     8.98,     1.18,     0.00,     0.00,     0.02,     4.96,     0.00,     0.01,     1.44,     0.94,     0.01,     0.00,     0.00,     0.00,     0.00,     0.00,     0.02,     0.00,     0.00,     0.00,     0.00,     0.47,     0.57,     1.69,  -999.99,  -999.99,  -999.99
cty,41021,TX: Bastrop County,1981,02,PRCP,     1.78,     0.00,     0.00,     2.59,    15.74,     3.68,     0.00,     0.00,     0.00,     8.06,     0.00,     0.00,     0.00,     0.00,     0.00,     0.00,     0.00,     0.00,     0.00,     0.00,     0.00,     2.77,     0.00,     0.00,     0.86,     0.37,     0.00,     0.00,  -999.99,  -999.99,  -999.99
cty,41023,TX: Baylor County,1981,02,PRCP,     0.00,     0.00,     0.00,     0.00,     0.00,     0.00,     0.00,     0.00,     0.00,     7.06,     0.00,     0.00,     0.00,     0.00,     0.00,     0.00,     0.00,     0.00,     0.00,     0.00,     0.00,     0.00,     0.00,     0.00,     0.00,     0.00,     0.00,    67.88,  -999.99,  -999.99,  -999.99
cty,41025,TX: Bee County,1981,02,PRCP,     0.09,     0.00,     0.00,     9.97,    19.81,     0.77,     0.01,     0.00,     0.00,     0.00,     0.00,     0.00,     0.09,     0.00,     0.00,     0.00,     0.00,     0.00,     0.00,     0.00,     0.00,     0.00,     0.00,     0.00,     2.00,     0.13,     0.00,     0.00,  -999.99,  -999.99,  -999.99
cty,41027,TX: Bell County,1981,02,PRCP,     5.70,     0.00,     0.00,     5.45,    17.61,     4.95,     0.03,     0.00,     0.00,    16.50,     0.08,     0.00,     0.00,     0.00,     0.00,     0.00,     0.00,     0.00,     0.00,     0.00,     0.00,     4.14,     0.00,     0.00,     0.00,     0.15,     0.02,     0.06,  -999.99,  -999.99,  -999.99
cty,41029,TX: Bexar County,1981,02,PRCP,     0.69,     0.00,     0.00,     7.56,    12.08,     1.48,     0.00,     0.00,     0.00,     1.95,     0.00,     0.00,     0.85,     0.01,     0.00,     0.00,     0.00,     0.00,     0.00,     0.00,     0.00,     0.00,     0.00,     0.00,     0.03,     0.52,     0.01,     0.05,  -999.99,  -999.99,  -999.99
cty,41031,TX: Blanco County,1981,02,PRCP,     3.20,     0.00,     0.00,     3.57,    15.71,     1.78,     0.01,     0.00,     0.00,     8.95,     0.00,     0.00,     0.05,     0.01,     0.00,     0.00,     0.00,     0.00,     0.00,     0.00,     0.00,     0.00,     0.00,     0.00,     0.00,     0.19,     0.00,     0.00,  -999.99,  -999.99,  -999.99
cty,41033,TX: Borden County,1981,02,PRCP,     0.00,     0.00,     0.00,     0.00,     0.00,     0.00,     0.00,     0.00,     0.00,     2.30,     0.00,     0.00,     0.00,     0.00,     0.00,     0.00,     0.00,     0.00,     0.00,     0.00,     0.00,     0.00,     0.00,     0.00,     0.00,     0.00,     0.00,    33.66,  -999.99,  -999.99,  -999.99
cty,41035,TX: Bosque County,1981,02,PRCP,     5.69,     0.00,     0.00,     3.01,    10.59,     3.69,     0.02,     0.00,     0.00,     5.36,     0.35,     0.00,     0.00,     0.00,     0.00,     0.00,     0.00,     0.00,     0.00,     0.00,     0.00,     3.46,     0.00,     0.00,     0.00,     0.00,     0.00,     1.74,  -999.99,  -999.99,  -999.99
cty,41037,TX: Bowie County,1981,02,PRCP,    31.27,     0.00,     0.00,     0.00,     0.16,     0.55,     0.02,     0.85,     0.00,    24.53,     0.01,     0.00,     0.00,     0.00,     0.00,     0.00,     0.00,     0.00,     0.00,     0.00,     0.00,    13.03,     0.00,     0.00,     0.00,     0.00,     0.00,     2.65,  -999.99,  -999.99,  -999.99
cty,41039,TX: Brazoria County,1981,02,PRCP,     4.77,     2.97,     0.00,     1.95,     6.74,    14.19,     0.01,     0.00,     0.00,     2.83,     0.00,     0.00,     0.00,     0.00,     0.00,     0.00,     0.00,     0.00,     0.00,     0.01,     0.00,     4.18,     0.00,     0.00,     1.07,     5.74,     0.01,     0.00,  -999.99,  -999.99,  -999.99
cty,41041,TX: Brazos County,1981,02,PRCP,     3.21,     0.00,     0.00,     3.17,    10.89,     6.23,     0.01,     0.00,     0.00,    13.94,     0.02,     0.00,     0.00,     0.00,     0.00,     0.00,     0.00,     0.00,     0.00,     0.00,     0.00,     6.72,     0.00,     0.00,     0.05,     0.95,     0.02,     0.00,  -999.99,  -999.99,  -999.99
cty,41043,TX: Brewster County,1981,02,PRCP,     0.00,     0.00,     0.00,     0.00,     0.01,     0.00,     0.00,     0.00,     0.00,     0.07,     0.00,     0.00,     0.00,     0.00,     0.00,     0.00,     0.00,     0.00,     0.00,     0.00,     3.00,     0.00,     0.00,     0.00,     0.00,     0.00,     0.06,     2.48,  -999.99,  -999.99,  -999.99
cty,41045,TX: Briscoe County,1981,02,PRCP,     0.00,     0.00,     0.00,     0.00,     0.00,     0.00,     0.00,     0.00,     0.00,     1.08,     0.04,     0.00,     0.00,     0.00,     0.00,     0.00,     0.00,     0.00,     0.00,     0.00,     0.00,     0.42,     0.00,     0.00,     0.00,     0.00,     0.00,     4.86,  -999.99,  -999.99,  -999.99
cty,41047,TX: Brooks County,1981,02,PRCP,     0.08,     0.00,     0.00,     7.39,     7.78,     0.03,     0.08,     0.00,     0.00,     0.05,     0.00,     0.00,     1.45,     3.71,     0.49,     0.11,     0.00,     1.84,     0.00,     0.00,     0.00,     0.00,     0.00,     0.00,     1.69,     0.43,     0.00,     0.00,  -999.99,  -999.99,  -999.99
cty,41049,TX: Brown County,1981,02,PRCP,     1.02,     0.00,     0.00,     0.97,     7.56,     0.46,     0.00,     0.00,     0.00,     1.82,     0.07,     0.00,     0.00,     0.00,     0.00,     0.00,     0.00,     0.00,     0.00,     0.00,     0.00,     0.00,     0.00,     0.00,     0.00,     0.00,     0.00,     2.70,  -999.99,  -999.99,  -999.99
cty,41051,TX: Burleson County,1981,02,PRCP,     2.79,     0.00,     0.01,     5.01,    15.11,     6.51,     0.00,     0.00,     0.05,    13.15,     0.00,     0.00,     0.00,     0.00,     0.00,     0.00,     0.00,     0.00,     0.00,     0.00,     0.04,     5.22,     0.00,     0.00,     0.01,     0.67,     0.00,     0.03,  -999.99,  -999.99,  -999.99
cty,41053,TX: Burnet County,1981,02,PRCP,     4.91,     0.00,     0.00,     3.31,    18.83,     3.72,     0.00,     0.00,     0.00,    14.28,     0.00,     0.00,     0.00,     0.00,     0.00,     0.00,     0.00,     0.00,     0.00,     0.00,     0.00,     0.22,     0.00,     0.00,     0.00,     0.06,     0.00,     0.55,  -999.99,  -999.99,  -999.99
cty,41055,TX: Caldwell County,1981,02,PRCP,     1.59,     0.00,     0.00,     4.17,    17.59,     2.90,     0.01,     0.00,     0.00,     5.65,     0.00,     0.00,     0.00,     0.00,     0.00,     0.00,     0.00,     0.00,     0.00,     0.00,     0.00,     2.00,     0.00,     0.00,     1.22,     0.81,     0.04,     0.00,  -999.99,  -999.99,  -999.99
cty,41057,TX: Calhoun County,1981,02,PRCP,     1.77,     1.52,     0.00,     4.41,    21.20,     6.46,     0.11,     0.00,     0.00,     0.35,     0.00,     0.00,     0.00,     0.00,     0.00,     0.00,     0.00,     0.00,     0.08,     0.10,     0.00,     2.64,     0.00,     0.00,     3.41,     6.12,     0.00,     0.00,  -999.99,  -999.99,  -999.99
cty,41059,TX: Callahan County,1981,02,PRCP,     0.16,     0.00,     0.00,     1.29,     6.17,     0.00,     0.00,     0.00,     0.00,     4.09,     0.09,     0.00,     0.00,     0.00,     0.00,     0.00,     0.00,     0.00,     0.00,     0.00,     0.00,     0.00,     0.00,     0.00,     0.00,     0.00,     0.00,    16.11,  -999.99,  -999.99,  -999.99
cty,41061,TX: Cameron County,1981,02,PRCP,     0.00,     0.00,     0.00,     3.80,     7.27,     0.08,     0.00,     0.00,     0.00,     0.00,     0.00,     0.00,     3.83,     2.57,     0.21,     0.00,     0.07,     1.30,     0.00,     0.00,     0.00,     0.00,     0.00,     0.00,     0.02,     0.18,     0.00,     0.00,  -999.99,  -999.99,  -999.99
cty,41063,TX: Camp County,1981,02,PRCP,    30.78,     0.00,     0.00,     0.00,     2.94,     1.12,     0.00,     0.20,     0.00,    18.38,     0.00,     0.00,     0.00,     0.00,     0.00,     0.00,     0.00,     0.00,     0.00,     0.00,     0.00,    11.24,     0.00,     0.00,     0.00,     0.00,     0.00,     2.36,  -999.99,  -999.99,  -999.99
cty,41065,TX: Carson County,1981,02,PRCP,     0.00,     0.00,     0.00,     0.00,     0.00,     0.00,     0.00,     0.00,     0.00,     0.98,     0.83,     0.00,     0.00,     0.00,     0.00,     0.00,     0.00,     0.00,     0.00,     0.00,     0.00,     2.17,     0.00,     0.00,     0.00,     0.00,     0.00,     1.28,  -999.99,  -999.99,  -999.99
cty,41067,TX: Cass County,1981,02,PRCP,    21.86,     0.00,     0.00,     0.00,     1.31,     1.29,     0.00,     0.46,     0.00,    19.48,     0.00,     0.00,     0.00,     0.00,     0.00,     0.00,     0.00,     0.00,     0.00,     0.00,     0.00,    11.84,     0.00,     0.00,     0.00,     0.00,     0.00,     1.23,  -999.99,  -999.99,  -999.99
cty,41069,TX: Castro County,1981,02,PRCP,     0.00,     0.00,     0.00,     0.00,     0.00,     0.00,     0.00,     0.00,     0.00,     0.69,     0.00,     0.00,     0.00,     0.00,     0.00,     0.00,     0.00,     0.00,     0.00,     0.00,     0.00,     1.58,     0.00,     0.00,     0.00,     0.00,     0.00,     4.92,  -999.99,  -999.99,  -999.99
cty,41071,TX: Chambers County,1981,02,PRCP,     6.90,     6.47,     0.00,     1.62,     7.79,    28.55,     0.04,     0.00,     0.00,     6.21,     0.00,     0.00,     0.00,     0.00,     0.00,     0.00,     0.00,     0.00,     0.00,     0.00,     0.00,     5.99,     0.00,     0.00,     0.00,     3.86,     0.00,     0.00,  -999.99,  -999.99,  -999.99
cty,41073,TX: Cherokee County,1981,02,PRCP,    10.30,     0.00,     0.00,     0.00,     8.94,     6.79,     0.00,     0.00,     0.00,    29.56,     0.01,     0.00,     0.00,     0.00,     0.00,     0.00,     0.00,     0.00,     0.00,     0.00,     0.00,    11.72,     0.00,     0.00,     0.00,     0.00,     0.00,     0.00,  -999.99,  -999.99,  -999.99
cty,41075,TX: Childress County,1981,02,PRCP,     0.00,     0.00,     0.00,     0.00,     0.00,     0.00,     0.00,     0.00,     0.00,     3.07,     0.00,     0.00,     0.00,     0.00,     0.00,     0.00,     0.00,     0.00,     0.00,     0.00,     0.00,     0.31,     0.00,     0.00,     0.00,     0.00,     0.00,     7.22,  -999.99,  -999.99,  -999.99
cty,41077,TX: Clay County,1981,02,PRCP,     2.12,     0.00,     0.00,     0.00,     0.04,     0.00,     0.00,     0.00,     0.00,    11.33,     0.00,     0.00,     0.00,     0.00,     0.00,     0.00,     0.00,     0.00,     0.00,     0.00,     0.00,     0.00,     0.00,     0.00,     0.00,     0.00,     0.00,    46.47,  -999.99,  -999.99,  -999.99
cty,41079,TX: Cochran County,1981,02,PRCP,     0.00,     0.00,     0.00,     0.00,     0.00,     0.00,     0.00,     0.00,     0.00,     1.25,     0.00,     0.00,     0.00,     0.00,     0.00,     0.00,     0.00,     0.00,     0.00,     0.00,     0.00,     0.00,     0.00,     0.00,     0.00,     0.00,     0.00,     4.26,  -999.99,  -999.99,  -999.99
cty,41081,TX: Coke County,1981,02,PRCP,     0.00,     0.00,     0.00,     0.00,     0.37,     0.00,     0.00,     0.00,     0.00,     0.31,     0.00,     0.00,     0.00,     0.00,     0.00,     0.00,     0.00,     0.00,     0.00,     0.00,     0.00,     0.00,     0.00,     0.00,     0.00,     0.00,     0.00,    10.96,  -999.99,  -999.99,  -999.99
cty,41083,TX: Coleman County,1981,02,PRCP,     0.05,     0.00,     0.00,     0.71,     9.22,     0.33,     0.00,     0.00,     0.00,     2.55,     0.11,     0.00,     0.00,     0.00,     0.00,     0.00,     0.00,     0.00,     0.00,     0.00,     0.00,     0.00,     0.00,     0.00,     0.00,     0.00,     0.00,     7.04,  -999.99,  -999.99,  -999.99
cty,41085,TX: Collin County,1981,02,PRCP,     6.41,     0.00,     0.00,     0.00,     1.09,     0.01,     0.00,     0.00,     0.00,    13.46,     0.00,     0.00,     0.00,     0.00,     0.00,     0.00,     0.00,     0.00,     0.00,     0.00,     0.00,     4.34,     0.00,     0.00,     0.00,     0.00,     0.00,     2.06,  -999.99,  -999.99,  -999.99
cty,41087,TX: Collingsworth County,1981,02,PRCP,     0.00,     0.00,     0.00,     0.00,     0.00,     0.00,     0.00,     0.00,     0.00,     2.56,     0.00,     0.00,     0.00,     0.00,     0.00,     0.00,     0.00,     0.00,     0.00,     0.00,     0.00,     0.66,     0.00,     0.00,     0.00,     0.00,     0.00,     1.94,  -999.99,  -999.99,  -999.99
cty,41089,TX: Colorado County,1981,02,PRCP,     2.98,     0.00,     0.00,     1.55,    12.06,     6.33,     0.00,     0.00,     0.00,     2.68,     0.00,     0.00,     0.00,     0.00,     0.00,     0.00,     0.00,     0.00,     0.00,     0.00,     0.00,     3.79,     0.00,     0.00,     9.06,     5.57,     0.11,     0.00,  -999.99,  -999.99,  -999.99
cty,41091,TX: Comal County,1981,02,PRCP,     2.05,     0.00,     0.00,     6.89,    17.36,     2.08,     0.01,     0.00,     0.00,     6.03,     0.00,     0.00,     0.29,     0.01,     0.00,     0.00,     0.00,     0.00,     0.00,     0.00,     0.00,     0.00,     0.00,     0.00,     0.25,     0.97,     0.07,     0.02,  -999.99,  -999.99,  -999.99
cty,41093,TX: Comanche County,1981,02,PRCP,     1.74,     0.00,     0.00,     1.65,     8.42,     0.65,     0.00,     0.00,     0.00,     2.02,     0.12,     0.00,     0.00,     0.00,     0.00,     0.00,     0.00,     0.00,     0.00,     0.00,     0.00,     0.11,     0.00,     0.00,     0.00,     0.00,     0.00,     2.71,  -999.99,  -999.99,  -999.99
cty,41095,TX: Concho County,1981,02,PRCP,     0.00,     0.00,     0.00,     0.20,     5.07,     0.00,     0.04,     0.00,     0.00,     1.19,     0.00,     0.00,     0.00,     0.00,     0.00,     0.00,     0.00,     0.00,     0.00,     0.00,     0.00,     0.00,     0.00,     0.00,     0.00,     0.00,     0.00,     7.79,  -999.99,  -999.99,  -999.99
cty,41097,TX: Cooke County,1981,02,PRCP,     4.76,     0.00,     0.00,     0.00,     0.13,     0.01,     0.00,     0.00,     0.00,    16.30,     0.00,     0.00,     0.00,     0.00,     0.00,     0.00,     0.00,     0.00,     0.00,     0.00,     0.00,     0.09,     0.00,     0.00,     0.00,     0.00,     0.00,    15.12,  -999.99,  -999.99,  -999.99
cty,41099,TX: Coryell County,1981,02,PRCP,     5.67,     0.00,     0.00,     4.71,    13.02,     3.48,     0.03,     0.00,     0.00,     7.92,     0.59,     0.00,     0.00,     0.00,     0.00,     0.00,     0.00,     0.00,     0.00,     0.00,     0.00,     2.89,     0.00,     0.00,     0.00,     0.00,     0.00,     1.10,  -999.99,  -999.99,  -999.99
cty,41101,TX: Cottle County,1981,02,PRCP,     0.00,     0.00,     0.00,     0.00,     0.00,     0.00,     0.00,     0.00,     0.00,     3.17,     0.00,     0.00,     0.00,     0.00,     0.00,     0.00,     0.00,     0.00,     0.00,     0.00,     0.00,     0.00,     0.00,     0.00,     0.00,     0.00,     0.00,    17.76,  -999.99,  -999.99,  -999.99
cty,41103,TX: Crane County,1981,02,PRCP,     0.00,     0.00,     0.00,     0.00,     0.00,     0.00,     0.00,     0.00,     0.00,     0.00,     0.00,     0.00,     0.00,     0.00,     0.00,     0.00,     0.00,     0.00,     0.00,     0.00,     0.00,     0.00,     0.00,     0.00,     0.00,     0.00,     0.00,     8.80,  -999.99,  -999.99,  -999.99
cty,41105,TX: Crockett County,1981,02,PRCP,     0.00,     0.00,     0.00,     0.00,     0.97,     0.00,     0.00,     0.00,     0.00,     0.31,     0.00,     0.00,     0.00,     0.00,     0.00,     0.00,     0.00,     0.00,     0.00,     0.00,     0.25,     0.00,     0.00,     0.00,     0.00,     0.00,     0.00,    11.88,  -999.99,  -999.99,  -999.99
cty,41107,TX: Crosby County,1981,02,PRCP,     0.00,     0.00,     0.00,     0.00,     0.01,     0.00,     0.00,     0.00,     0.00,     3.32,     0.00,     0.00,     0.00,     0.00,     0.00,     0.00,     0.00,     0.00,     0.00,     0.00,     0.00,     0.00,     0.00,     0.00,     0.00,     0.00,     0.00,    28.00,  -999.99,  -999.99,  -999.99
cty,41109,TX: Culberson County,1981,02,PRCP,     0.00,     0.00,     0.00,     0.00,     0.00,     0.00,     0.00,     0.00,     0.00,     0.32,     0.00,     0.00,     0.00,     0.00,     0.00,     0.00,     0.00,     0.00,     0.00,     0.00,     0.08,     0.00,     0.00,     0.00,     0.00,     0.00,     0.42,    10.31,  -999.99,  -999.99,  -999.99
cty,41111,TX: Dallam County,1981,02,PRCP,     0.04,     0.00,     0.00,     0.00,     0.00,     0.00,     0.00,     0.00,     0.00,     0.00,     0.00,     0.00,     0.00,     0.00,     0.00,     0.00,     0.00,     0.00,     0.00,     0.00,     0.00,     0.00,     0.00,     0.00,     0.00,     0.00,     0.00,     0.04,  -999.99,  -999.99,  -999.99
cty,41113,TX: Dallas County,1981,02,PRCP,     6.72,     0.00,     0.00,     0.00,     2.96,     0.23,     0.00,     0.00,     0.00,    12.41,     0.00,     0.00,     0.00,     0.00,     0.00,     0.00,     0.00,     0.00,     0.00,     0.00,     0.04,     6.04,     0.00,     0.00,     0.00,     0.00,     0.00,     1.88,  -999.99,  -999.99,  -999.99
cty,41115,TX: Dawson County,1981,02,PRCP,     0.00,     0.00,     0.00,     0.00,     0.00,     0.00,     0.00,     0.00,     0.00,     1.91,     0.00,     0.00,     0.00,     0.00,     0.00,     0.00,     0.00,     0.00,     0.00,     0.00,     0.00,     0.00,     0.00,     0.00,     0.00,     0.00,     0.00,    31.81,  -999.99,  -999.99,  -999.99
cty,41117,TX: Deaf Smith County,1981,02,PRCP,     0.00,     0.00,     0.00,     0.00,     0.00,     0.00,     0.00,     0.00,     0.00,     0.02,     0.03,     0.00,     0.00,     0.00,     0.00,     0.00,     0.00,     0.00,     0.00,     0.00,     0.00,     2.61,     0.00,     0.00,     0.00,     0.00,     0.00,     2.98,  -999.99,  -999.99,  -999.99
cty,41119,TX: Delta County,1981,02,PRCP,    11.38,     0.00,     0.00,     0.00,     0.70,     0.37,     0.12,     0.31,     0.00,    14.67,     0.00,     0.00,     0.00,     0.00,     0.00,     0.00,     0.00,     0.00,     0.00,     0.00,     0.00,     6.66,     0.00,     0.00,     0.00,     0.00,     0.00,     2.57,  -999.99,  -999.99,  -999.99
cty,41121,TX: Denton County,1981,02,PRCP,     4.08,     0.00,     0.00,     0.00,     0.96,     0.00,     0.00,     0.00,     0.00,    13.24,     0.00,     0.00,     0.00,     0.00,     0.00,     0.00,     0.00,     0.00,     0.00,     0.00,     0.02,     1.80,     0.00,     0.00,     0.00,     0.00,     0.00,     4.96,  -999.99,  -999.99,  -999.99
cty,41123,TX: DeWitt County,1981,02,PRCP,     0.94,     0.00,     0.00,     4.23,    13.88,     1.92,     0.01,     0.00,     0.00,     0.00,     0.00,     0.00,     0.00,     0.00,     0.00,     0.00,     0.00,     0.00,     0.00,     0.00,     0.00,     1.17,     0.00,     0.00,     4.31,     2.12,     0.00,     0.00,  -999.99,  -999.99,  -999.99
cty,41125,TX: Dickens County,1981,02,PRCP,     0.00,     0.00,     0.00,     0.00,     0.00,     0.00,     0.00,     0.00,     0.00,     4.18,     0.00,     0.00,     0.00,     0.00,     0.00,     0.00,     0.00,     0.00,     0.00,     0.00,     0.00,     0.00,     0.00,     0.00,     0.00,     0.00,     0.00,    32.22,  -999.99,  -999.99,  -999.99
cty,41127,TX: Dimmit County,1981,02,PRCP,     0.00,     0.00,     0.00,     6.01,     5.29,     1.11,     0.00,     0.00,     0.00,     0.01,     0.00,     0.10,     1.21,     1.61,     0.00,     0.00,     0.04,     0.00,     0.00,     0.00,     0.00,     0.00,     0.00,     0.05,     0.00,     0.00,     0.00,     0.00,  -999.99,  -999.99,  -999.99
cty,41129,TX: Donley County,1981,02,PRCP,     0.00,     0.00,     0.00,     0.00,     0.00,     0.00,     0.00,     0.00,     0.00,     1.85,     0.00,     0.00,     0.00,     0.00,     0.00,     0.00,     0.00,     0.00,     0.00,     0.00,     0.00,     0.63,     0.00,     0.00,     0.00,     0.00,     0.00,     2.52,  -999.99,  -999.99,  -999.99
cty,41131,TX: Duval County,1981,02,PRCP,     0.00,     0.00,     0.00,     5.84,     6.71,     0.05,     0.03,     0.00,     0.00,     0.00,     0.00,     0.00,     0.37,     0.76,     0.00,     0.00,     0.00,     0.18,     0.00,     0.00,     0.00,     0.00,     0.00,     0.00,     0.94,     0.09,     0.00,     0.00,  -999.99,  -999.99,  -999.99
cty,41133,TX: Eastland County,1981,02,PRCP,     1.26,     0.00,     0.00,     1.39,     7.75,     0.12,     0.00,     0.00,     0.00,     4.07,     0.25,     0.00,     0.00,     0.00,     0.00,     0.00,     0.00,     0.00,     0.00,     0.00,     0.00,     0.00,     0.00,     0.00,     0.00,     0.00,     0.00,     7.54,  -999.99,  -999.99,  -999.99
cty,41135,TX: Ector County,1981,02,PRCP,     0.00,     0.00,     0.00,     0.00,     0.00,     0.00,     0.00,     0.00,     0.00,     0.00,     0.00,     0.00,     0.00,     0.00,     0.00,     0.00,     0.00,     0.00,     0.00,     0.00,     0.00,     0.00,     0.00,     0.00,     0.00,     0.00,     0.07,    11.85,  -999.99,  -999.99,  -999.99
cty,41137,TX: Edwards County,1981,02,PRCP,     0.81,     0.00,     0.00,     1.74,     3.93,     0.05,     0.00,     0.00,     0.00,     1.15,     0.00,     0.00,     0.00,     0.25,     0.02,     0.00,     0.00,     0.00,     0.00,     0.01,     0.00,     0.00,     0.00,     0.00,     0.00,     0.00,     0.15,     4.41,  -999.99,  -999.99,  -999.99
cty,41139,TX: Ellis County,1981,02,PRCP,     6.33,     0.00,     0.00,     0.00,     4.69,     1.00,     0.00,     0.00,     0.00,     7.78,     0.00,     0.00,     0.00,     0.00,     0.00,     0.00,     0.00,     0.00,     0.00,     0.00,     0.00,     5.49,     0.00,     0.00,     0.00,     0.00,     0.00,     1.23,  -999.99,  -999.99,  -999.99
cty,41141,TX: El Paso County,1981,02,PRCP,     0.00,     0.00,     0.00,     0.00,     0.00,     0.00,     0.00,     0.00,     0.00,     0.59,     0.00,     0.00,     0.00,     0.00,     0.00,     0.00,     0.00,     0.00,     0.00,     0.00,     0.00,     0.00,     0.00,     0.00,     0.00,     0.00,     0.93,     6.48,  -999.99,  -999.99,  -999.99
cty,41143,TX: Erath County,1981,02,PRCP,     1.92,     0.00,     0.00,     1.25,     6.49,     0.66,     0.00,     0.00,     0.00,     2.51,     0.03,     0.00,     0.00,     0.00,     0.00,     0.00,     0.00,     0.00,     0.00,     0.00,     0.02,     0.42,     0.00,     0.00,     0.00,     0.00,     0.00,     3.17,  -999.99,  -999.99,  -999.99
cty,41145,TX: Falls County,1981,02,PRCP,     6.47,     0.00,     0.00,     6.06,    16.40,     5.88,     0.01,     0.00,     0.00,    22.32,     0.32,     0.00,     0.00,     0.00,     0.00,     0.00,     0.00,     0.00,     0.00,     0.00,     0.00,     9.32,     0.00,     0.00,     0.00,     0.01,     0.01,     0.00,  -999.99,  -999.99,  -999.99
cty,41147,TX: Fannin County,1981,02,PRCP,     8.97,     0.00,     0.00,     0.00,     0.18,     0.02,     0.02,     0.02,     0.00,    15.47,     0.00,     0.00,     0.00,     0.00,     0.00,     0.00,     0.00,     0.00,     0.00,     0.00,     0.00,     3.87,     0.00,     0.00,     0.00,     0.00,     0.00,     6.25,  -999.99,  -999.99,  -999.99
cty,41149,TX: Fayette County,1981,02,PRCP,     1.85,     0.00,     0.00,     1.85,    14.95,     4.44,     0.00,     0.00,     0.00,     4.46,     0.00,     0.00,     0.00,     0.00,     0.00,     0.00,     0.00,     0.00,     0.00,     0.00,     0.00,     3.26,     0.00,     0.00,     6.43,     1.70,     0.31,     0.00,  -999.99,  -999.99,  -999.99
cty,41151,TX: Fisher County,1981,02,PRCP,     0.02,     0.00,     0.00,     0.00,     0.24,     0.01,     0.00,     0.00,     0.00,     1.70,     0.02,     0.00,     0.00,     0.00,     0.00,     0.00,     0.00,     0.00,     0.00,     0.00,     0.00,     0.00,     0.00,     0.00,     0.00,     0.00,     0.00,    29.36,  -999.99,  -999.99,  -999.99
cty,41153,TX: Floyd County,1981,02,PRCP,     0.00,     0.00,     0.00,     0.00,     0.00,     0.00,     0.00,     0.00,     0.00,     2.06,     0.00,     0.00,     0.00,     0.00,     0.00,     0.00,     0.00,     0.00,     0.00,     0.00,     0.00,     0.00,     0.00,     0.00,     0.00,     0.00,     0.00,    13.90,  -999.99,  -999.99,  -999.99
cty,41155,TX: Foard County,1981,02,PRCP,     0.00,     0.00,     0.00,     0.00,     0.00,     0.00,     0.00,     0.00,     0.00,     4.62,     0.00,     0.00,     0.00,     0.00,     0.00,     0.00,     0.00,     0.00,     0.00,     0.00,     0.00,     0.00,     0.00,     0.00,     0.00,     0.00,     0.00,    23.32,  -999.99,  -999.99,  -999.99
cty,41157,TX: Fort Bend County,1981,02,PRCP,     5.89,     1.18,     0.00,     2.47,     7.20,    12.57,     0.00,     0.00,     0.00,     3.44,     0.00,     0.00,     0.00,     0.00,     0.00,     0.00,     0.00,     0.00,     0.00,     0.00,     0.00,     5.37,     0.00,     0.00,     3.05,     8.82,     0.00,     0.00,  -999.99,  -999.99,  -999.99
cty,41159,TX: Franklin County,1981,02,PRCP,    24.68,     0.00,     0.00,     0.00,     1.81,     0.69,     0.00,     0.60,     0.00,    15.68,     0.00,     0.00,     0.00,     0.00,     0.00,     0.00,     0.00,     0.00,     0.00,     0.00,     0.00,     9.19,     0.00,     0.00,     0.00,     0.00,     0.00,     2.55,  -999.99,  -999.99,  -999.99
cty,41161,TX: Freestone County,1981,02,PRCP,     8.46,     0.00,     0.00,     0.19,    10.87,     5.01,     0.00,     0.00,     0.00,    25.77,     0.04,     0.00,     0.00,     0.00,     0.00,     0.00,     0.00,     0.00,     0.00,     0.00,     0.00,    11.04,     0.00,     0.00,     0.00,     0.00,     0.00,     0.00,  -999.99,  -999.99,  -999.99
cty,41163,TX: Frio County,1981,02,PRCP,     0.00,     0.00,     0.00,     8.95,     8.49,     1.08,     0.00,     0.00,     0.00,     0.00,     0.00,     0.00,     0.02,     0.40,     0.00,     0.00,     0.00,     0.00,     0.00,     0.00,     0.00,     0.00,     0.00,     0.00,     0.02,     0.25,     0.00,     0.00,  -999.99,  -999.99,  -999.99
cty,41165,TX: Gaines County,1981,02,PRCP,     0.00,     0.00,     0.00,     0.00,     0.03,     0.00,     0.00,     0.00,     0.00,     1.46,     0.00,     0.00,     0.00,     0.00,     0.00,     0.00,     0.00,     0.00,     0.00,     0.00,     0.00,     0.00,     0.00,     0.00,     0.00,     0.00,     0.00,    20.78,  -999.99,  -999.99,  -999.99
cty,41167,TX: Galveston County,1981,02,PRCP,     4.89,     3.93,     0.00,     1.66,     6.08,    18.63,     0.01,     0.00,     0.00,     3.83,     0.00,     0.00,     0.00,     0.00,     0.00,     0.00,     0.00,     0.00,     0.01,     0.01,     0.00,     4.21,     0.00,     0.00,     0.01,     4.99,     0.01,     0.00,  -999.99,  -999.99,  -999.99
cty,41169,TX: Garza County,1981,02,PRCP,     0.00,     0.00,     0.00,     0.00,     0.00,     0.00,     0.00,     0.00,     0.00,     2.58,     0.00,     0.00,     0.00,     0.00,     0.00,     0.00,     0.00,     0.00,     0.00,     0.00,     0.00,     0.00,     0.00,     0.00,     0.00,     0.00,     0.00,    32.28,  -999.99,  -999.99,  -999.99
cty,41171,TX: Gillespie County,1981,02,PRCP,     3.66,     0.00,     0.00,     2.68,    14.04,     1.87,     0.00,     0.00,     0.01,    11.04,     0.00,     0.00,     0.06,     0.21,     0.00,     0.00,     0.00,     0.00,     0.00,     0.00,     0.00,     0.00,     0.00,     0.00,     0.00,     0.08,     0.00,     0.46,  -999.99,  -999.99,  -999.99
cty,41173,TX: Glasscock County,1981,02,PRCP,     0.00,     0.00,     0.00,     0.00,     0.00,     0.00,     0.00,     0.00,     0.00,     0.00,     0.00,     0.00,     0.00,     0.00,     0.00,     0.00,     0.00,     0.00,     0.00,     0.00,     0.00,     0.00,     0.00,     0.00,     0.00,     0.00,     0.15,    18.38,  -999.99,  -999.99,  -999.99
cty,41175,TX: Goliad County,1981,02,PRCP,     0.58,     0.00,     0.00,     7.65,    18.79,     1.39,     0.00,     0.00,     0.00,     0.00,     0.00,     0.00,     0.00,     0.00,     0.00,     0.00,     0.00,     0.00,     0.00,     0.00,     0.00,     0.41,     0.00,     0.00,     3.61,     1.22,     0.00,     0.00,  -999.99,  -999.99,  -999.99
cty,41177,TX: Gonzales County,1981,02,PRCP,     1.44,     0.00,     0.00,     4.90,    18.22,     2.94,     0.00,     0.01,     0.00,     1.73,     0.00,     0.00,     0.00,     0.00,     0.00,     0.00,     0.00,     0.00,     0.00,     0.00,     0.00,     2.02,     0.00,     0.00,     3.90,     1.75,     0.02,     0.00,  -999.99,  -999.99,  -999.99
cty,41179,TX: Gray County,1981,02,PRCP,     0.00,     0.00,     0.00,     0.00,     0.00,     0.00,     0.00,     0.00,     0.00,     1.65,     0.11,     0.00,     0.00,     0.00,     0.00,     0.00,     0.00,     0.00,     0.00,     0.00,     0.00,     1.66,     0.00,     0.00,     0.00,     0.00,     0.00,     1.29,  -999.99,  -999.99,  -999.99
cty,41181,TX: Grayson County,1981,02,PRCP,     6.15,     0.00,     0.00,     0.00,     0.11,     0.03,     0.01,     0.00,     0.00,    16.08,     0.01,     0.00,     0.00,     0.00,     0.00,     0.00,     0.00,     0.00,     0.00,     0.00,     0.00,     1.36,     0.00,     0.00,     0.00,     0.00,     0.00,     9.90,  -999.99,  -999.99,  -999.99
cty,41183,TX: Gregg County,1981,02,PRCP,    14.93,     0.00,     0.00,     0.00,     5.52,     3.26,     0.00,     0.00,     0.00,    21.76,     0.00,     0.00,     0.00,     0.00,     0.00,     0.00,     0.00,     0.00,     0.00,     0.00,     0.01,     9.27,     0.00,     0.00,     0.00,     0.00,     0.00,     0.00,  -999.99,  -999.99,  -999.99
cty,41185,TX: Grimes County,1981,02,PRCP,     4.66,     0.00,     0.00,     2.39,    10.67,     9.02,     0.00,     0.00,     0.00,    12.91,     0.01,     0.00,     0.00,     0.00,     0.00,     0.00,     0.00,     0.00,     0.00,     0.00,     0.00,     8.55,     0.00,     0.00,     0.42,     2.33,     0.01,     0.00,  -999.99,  -999.99,  -999.99
cty,41187,TX: Guadalupe County,1981,02,PRCP,     1.29,     0.00,     0.00,     7.38,    17.58,     2.14,     0.01,     0.00,     0.00,     3.13,     0.00,     0.00,     0.00,     0.00,     0.00,     0.00,     0.00,     0.00,     0.00,     0.00,     0.00,     0.12,     0.00,     0.00,     0.78,     0.80,     0.05,     0.00,  -999.99,  -999.99,  -999.99
cty,41189,TX: Hale County,1981,02,PRCP,     0.00,     0.00,     0.00,     0.00,     0.00,     0.00,     0.00,     0.00,     0.00,     1.23,     0.00,     0.00,     0.00,     0.00,     0.00,     0.00,     0.00,     0.00,     0.00,     0.00,     0.00,     0.09,     0.00,     0.00,     0.00,     0.00,     0.00,     7.39,  -999.99,  -999.99,  -999.99
cty,41191,TX: Hall County,1981,02,PRCP,     0.00,     0.00,     0.00,     0.00,     0.00,     0.00,     0.00,     0.00,     0.00,     1.53,     0.00,     0.00,     0.00,     0.00,     0.00,     0.00,     0.00,     0.00,     0.00,     0.00,     0.00,     0.07,     0.00,     0.00,     0.00,     0.00,     0.00,     4.83,  -999.99,  -999.99,  -999.99
cty,41193,TX: Hamilton County,1981,02,PRCP,     4.27,     0.00,     0.00,     3.50,    12.53,     2.33,     0.00,     0.00,     0.03,     3.84,     0.72,     0.00,     0.00,     0.00,     0.00,     0.00,     0.00,     0.00,     0.00,     0.00,     0.01,     1.66,     0.00,     0.00,     0.00,     0.00,     0.00,     2.39,  -999.99,  -999.99,  -999.99
cty,41195,TX: Hansford County,1981,02,PRCP,     0.00,     0.00,     0.00,     0.00,     0.00,     0.00,     0.00,     0.00,     0.00,     0.00,     0.16,     0.00,     0.00,     0.00,     0.00,     0.00,     0.00,     0.00,     0.00,     0.00,     0.00,     0.00,     0.00,     0.00,     0.00,     0.00,     0.00,     0.00,  -999.99,  -999.99,  -999.99
cty,41197,TX: Hardeman County,1981,02,PRCP,     0.00,     0.00,     0.00,     0.00,     0.00,     0.00,     0.00,     0.00,     0.00,     4.50,     0.00,     0.00,     0.00,     0.00,     0.00,     0.00,     0.00,     0.00,     0.00,     0.00,     0.00,     0.08,     0.00,     0.00,     0.00,     0.00,     0.00,    14.07,  -999.99,  -999.99,  -999.99
cty,41199,TX: Hardin County,1981,02,PRCP,     9.10,     8.37,     0.00,     0.02,     7.16,    31.47,     0.00,     0.00,     0.00,     8.89,     0.00,     0.00,     0.00,     0.00,     0.00,     0.00,     0.00,     0.00,     0.00,     0.00,     0.00,     9.12,     0.00,     0.00,     0.00,     0.71,     0.01,     0.00,  -999.99,  -999.99,  -999.99
cty,41201,TX: Harris County,1981,02,PRCP,     7.81,     1.66,     0.00,     2.35,     8.25,    18.62,     0.00,     0.00,     0.00,     6.31,     0.00,     0.00,     0.00,     0.00,     0.00,     0.00,     0.00,     0.00,     0.00,     0.00,     0.00,     7.38,     0.00,     0.00,     0.80,    10.60,     0.00,     0.00,  -999.99,  -999.99,  -999.99
cty,41203,TX: Harrison County,1981,02,PRCP,    16.35,     0.01,     0.00,     0.00,     5.64,     4.40,     0.00,     0.00,     0.00,    30.58,     0.00,     0.00,     0.00,     0.00,     0.00,     0.00,     0.00,     0.00,     0.00,     0.00,     0.00,    12.80,     0.00,     0.00,     0.00,     0.00,     0.00,     0.01,  -999.99,  -999.99,  -999.99
cty,41205,TX: Hartley County,1981,02,PRCP,     0.00,     0.00,     0.00,     0.00,     0.00,     0.00,     0.00,     0.00,     0.00,     0.00,     0.00,     0.00,     0.00,     0.00,     0.00,     0.00,     0.00,     0.00,     0.00,     0.00,     0.43,     0.17,     0.00,     0.00,     0.00,     0.00,     0.00,     0.00,  -999.99,  -999.99,  -999.99
cty,41207,TX: Haskell County,1981,02,PRCP,     0.02,     0.00,     0.00,     0.00,     0.25,     0.00,     0.00,     0.00,     0.00,     4.30,     0.02,     0.00,     0.00,     0.00,     0.00,     0.00,     0.00,     0.00,     0.00,     0.00,     0.00,     0.00,     0.00,     0.00,     0.00,     0.00,     0.00,    43.55,  -999.99,  -999.99,  -999.99
cty,41209,TX: Hays County,1981,02,PRCP,     2.34,     0.00,     0.00,     5.12,    18.22,     2.32,     0.02,     0.00,     0.00,     8.82,     0.00,     0.00,     0.00,     0.00,     0.00,     0.00,     0.00,     0.00,     0.00,     0.00,     0.00,     0.00,     0.00,     0.00,     0.23,     0.69,     0.12,     0.00,  -999.99,  -999.99,  -999.99
cty,41211,TX: Hemphill County,1981,02,PRCP,     0.00,     0.00,     0.00,     0.00,     0.00,     0.00,     0.00,     0.00,     0.00,     1.36,     0.00,     0.00,     0.00,     0.00,     0.00,     0.00,     0.00,     0.00,     0.00,     0.00,     0.00,     1.03,     0.00,     0.00,     0.00,     0.00,     0.00,     0.47,  -999.99,  -999.99,  -999.99
cty,41213,TX: Henderson County,1981,02,PRCP,    13.54,     0.00,     0.00,     0.00,     6.56,     1.88,     0.00,     0.00,     0.00,    13.58,     0.00,     0.00,     0.00,     0.00,     0.00,     0.00,     0.00,     0.00,     0.00,     0.00,     0.00,     8.15,     0.00,     0.00,     0.00,     0.00,     0.00,     0.44,  -999.99,  -999.99,  -999.99
cty,41215,TX: Hidalgo County,1981,02,PRCP,     0.00,     0.00,     0.00,     4.33,     3.57,     0.00,     0.00,     0.00,     0.00,     0.00,     0.00,     0.00,     2.24,     6.94,     1.57,     0.00,     0.29,     1.55,     0.00,     0.00,     0.00,     0.00,     0.00,     0.00,     1.72,     0.43,     0.00,     0.00,  -999.99,  -999.99,  -999.99
cty,41217,TX: Hill County,1981,02,PRCP,     6.32,     0.00,     0.00,     1.22,     8.41,     3.08,     0.00,     0.01,     0.00,     8.42,     0.08,     0.00,     0.00,     0.00,     0.00,     0.00,     0.00,     0.00,     0.00,     0.00,     0.00,     6.09,     0.00,     0.00,     0.00,     0.00,     0.00,     1.42,  -999.99,  -999.99,  -999.99
cty,41219,TX: Hockley County,1981,02,PRCP,     0.00,     0.00,     0.00,     0.00,     0.00,     0.00,     0.00,     0.00,     0.00,     1.39,     0.00,     0.00,     0.00,     0.00,     0.00,     0.00,     0.00,     0.00,     0.00,     0.00,     0.00,     0.00,     0.00,     0.00,     0.00,     0.00,     0.00,     8.78,  -999.99,  -999.99,  -999.99
cty,41221,TX: Hood County,1981,02,PRCP,     2.80,     0.00,     0.00,     0.26,     4.76,     0.80,     0.00,     0.00,     0.00,     3.84,     0.00,     0.00,     0.00,     0.00,     0.00,     0.00,     0.00,     0.00,     0.00,     0.00,     0.03,     1.07,     0.00,     0.00,     0.00,     0.00,     0.00,     3.02,  -999.99,  -999.99,  -999.99
cty,41223,TX: Hopkins County,1981,02,PRCP,    17.99,     0.00,     0.00,     0.00,     1.81,     0.56,     0.06,     0.23,     0.00,    14.57,     0.00,     0.00,     0.00,     0.00,     0.00,     0.00,     0.00,     0.00,     0.00,     0.00,     0.00,     9.29,     0.00,     0.00,     0.00,     0.00,     0.00,     2.02,  -999.99,  -999.99,  -999.99
cty,41225,TX: Houston County,1981,02,PRCP,     7.12,     0.00,     0.00,     0.04,    11.06,     8.98,     0.00,     0.00,     0.00,    30.28,     0.00,     0.00,     0.00,     0.00,     0.00,     0.00,     0.00,     0.00,     0.00,     0.00,     0.00,    13.41,     0.00,     0.00,     0.00,     0.04,     0.00,     0.00,  -999.99,  -999.99,  -999.99
cty,41227,TX: Howard County,1981,02,PRCP,     0.00,     0.00,     0.00,     0.01,     0.00,     0.00,     0.00,     0.00,     0.00,     0.30,     0.00,     0.00,     0.00,     0.00,     0.00,     0.00,     0.00,     0.00,     0.00,     0.00,     0.00,     0.01,     0.00,     0.00,     0.00,     0.00,     0.00,    15.11,  -999.99,  -999.99,  -999.99
cty,41229,TX: Hudspeth County,1981,02,PRCP,     0.00,     0.00,     0.00,     0.00,     0.00,     0.00,     0.00,     0.00,     0.00,     1.21,     0.00,     0.00,     0.00,     0.00,     0.00,     0.00,     0.00,     0.00,     0.00,     0.00,     0.07,     0.00,     0.00,     0.00,     0.00,     0.00,     0.08,     9.40,  -999.99,  -999.99,  -999.99
cty,41231,TX: Hunt County,1981,02,PRCP,     9.87,     0.00,     0.00,     0.00,     1.52,     0.19,     0.00,     0.00,     0.00,    11.85,     0.00,     0.00,     0.00,     0.00,     0.00,     0.00,     0.00,     0.00,     0.00,     0.00,     0.00,     6.79,     0.00,     0.00,     0.00,     0.00,     0.00,     1.10,  -999.99,  -999.99,  -999.99
cty,41233,TX: Hutchinson County,1981,02,PRCP,     0.00,     0.00,     0.00,     0.00,     0.00,     0.00,     0.00,     0.00,     0.00,     0.03,     0.68,     0.00,     0.00,     0.00,     0.00,     0.00,     0.00,     0.00,     0.00,     0.00,     0.00,     1.03,     0.00,     0.00,     0.00,     0.00,     0.00,     0.19,  -999.99,  -999.99,  -999.99
cty,41235,TX: Irion County,1981,02,PRCP,     0.00,     0.00,     0.00,     0.00,     0.14,     0.00,     0.00,     0.00,     0.00,     0.00,     0.00,     0.00,     0.00,     0.00,     0.00,     0.00,     0.00,     0.00,     0.00,     0.00,     0.00,     0.00,     0.00,     0.00,     0.00,     0.00,     0.00,     6.97,  -999.99,  -999.99,  -999.99
cty,41237,TX: Jack County,1981,02,PRCP,     1.14,     0.00,     0.00,     0.00,     0.86,     0.01,     0.00,     0.00,     0.00,     6.97,     0.00,     0.00,     0.00,     0.00,     0.00,     0.00,     0.00,     0.00,     0.00,     0.00,     0.00,     0.00,     0.00,     0.00,     0.00,     0.00,     0.00,    19.20,  -999.99,  -999.99,  -999.99
cty,41239,TX: Jackson County,1981,02,PRCP,     1.80,     0.75,     0.00,     1.61,    11.41,     4.94,     0.00,     0.00,     0.00,     0.38,     0.00,     0.00,     0.00,     0.00,     0.00,     0.00,     0.00,     0.00,     0.00,     0.00,     0.00,     2.40,     0.00,     0.00,     4.40,     6.20,     0.00,     0.00,  -999.99,  -999.99,  -999.99
cty,41241,TX: Jasper County,1981,02,PRCP,    12.78,     9.21,     0.00,     0.00,     4.64,    24.17,     0.00,     0.00,     0.00,     8.66,     0.00,     0.00,     0.00,     0.00,     0.00,     0.00,     0.00,     0.00,     0.00,     0.00,     0.00,     8.64,     0.00,     0.00,     0.00,     0.01,     0.00,     0.00,  -999.99,  -999.99,  -999.99
cty,41243,TX: Jeff Davis County,1981,02,PRCP,     0.00,     0.00,     0.00,     0.00,     0.00,     0.00,     0.00,     0.00,     0.00,     0.01,     0.00,     0.00,     0.00,     0.00,     0.00,     0.00,     0.00,     0.00,     0.00,     0.00,     1.49,     0.00,     0.00,     0.00,     0.00,     0.00,     2.22,    12.95,  -999.99,  -999.99,  -999.99
cty,41245,TX: Jefferson County,1981,02,PRCP,     5.61,    10.80,     0.00,     0.12,     6.88,    40.03,     0.00,     0.00,     0.00,     7.31,     0.07,     0.00,     0.00,     0.00,     0.00,     0.00,     0.00,     0.57,     0.00,     0.01,     0.00,     6.24,     0.00,     0.00,     0.00,     1.61,     0.04,     0.00,  -999.99,  -999.99,  -999.99
cty,41247,TX: Jim Hogg County,1981,02,PRCP,     0.00,     0.00,     0.00,     6.00,     5.59,     0.00,     0.07,     0.00,     0.00,     0.00,     0.00,     0.00,     1.15,     5.00,     0.29,     0.00,     0.09,     1.04,     0.00,     0.00,     0.00,     0.00,     0.00,     0.00,     2.17,     0.00,     0.00,     0.00,  -999.99,  -999.99,  -999.99
cty,41249,TX: Jim Wells County,1981,02,PRCP,     0.00,     0.00,     0.00,    11.43,    14.75,     0.16,     0.04,     0.00,     0.00,     0.00,     0.00,     0.00,     0.95,     0.79,     0.00,     0.00,     0.00,     0.19,     0.00,     0.00,     0.00,     0.06,     0.00,     0.00,     1.58,     0.45,     0.00,     0.00,  -999.99,  -999.99,  -999.99
cty,41251,TX: Johnson County,1981,02,PRCP,     5.09,     0.00,     0.00,     0.08,     4.99,     1.16,     0.00,     0.00,     0.00,     5.61,     0.00,     0.00,     0.00,     0.00,     0.00,     0.00,     0.00,     0.00,     0.00,     0.00,     0.03,     2.89,     0.00,     0.00,     0.00,     0.00,     0.00,     1.78,  -999.99,  -999.99,  -999.99
cty,41253,TX: Jones County,1981,02,PRCP,     0.00,     0.00,     0.00,     0.04,     0.94,     0.00,     0.00,     0.00,     0.00,     2.41,     0.02,     0.00,     0.00,     0.00,     0.00,     0.00,     0.00,     0.00,     0.00,     0.00,     0.00,     0.01,     0.00,     0.00,     0.00,     0.00,     0.00,    27.32,  -999.99,  -999.99,  -999.99
cty,41255,TX: Karnes County,1981,02,PRCP,     0.10,     0.00,     0.00,     9.71,    15.75,     1.27,     0.00,     0.00,     0.00,     0.00,     0.00,     0.00,     0.00,     0.00,     0.00,     0.00,     0.00,     0.00,     0.00,     0.00,     0.00,     0.00,     0.00,     0.00,     1.22,     0.26,     0.00,     0.00,  -999.99,  -999.99,  -999.99
cty,41257,TX: Kaufman County,1981,02,PRCP,     8.27,     0.00,     0.00,     0.00,     3.19,     0.47,     0.00,     0.00,     0.00,     8.56,     0.00,     0.00,     0.00,     0.00,     0.00,     0.00,     0.00,     0.00,     0.00,     0.00,     0.00,     5.90,     0.00,     0.00,     0.00,     0.00,     0.00,     0.76,  -999.99,  -999.99,  -999.99
cty,41259,TX: Kendall County,1981,02,PRCP,     2.65,     0.00,     0.00,     4.79,    13.90,     1.70,     0.00,     0.00,     0.00,     7.06,     0.00,     0.00,     0.86,     0.30,     0.00,     0.00,     0.00,     0.00,     0.00,     0.00,     0.00,     0.06,     0.00,     0.00,     0.09,     0.78,     0.11,     0.44,  -999.99,  -999.99,  -999.99
cty,41261,TX: Kenedy County,1981,02,PRCP,     0.00,     0.00,     0.00,     6.02,    10.55,     0.00,     0.00,     0.00,     0.00,     0.00,     0.00,     0.00,     1.69,     2.31,     0.96,     0.00,     0.00,     0.84,     0.00,     0.00,     0.00,     0.00,     0.00,     0.00,     0.87,     0.19,     0.00,     0.00,  -999.99,  -999.99,  -999.99
cty,41263,TX: Kent County,1981,02,PRCP,     0.00,     0.00,     0.00,     0.00,     0.00,     0.00,     0.00,     0.00,     0.00,     2.69,     0.00,     0.00,     0.00,     0.00,     0.00,     0.00,     0.00,     0.00,     0.00,     0.00,     0.00,     0.00,     0.00,     0.00,     0.00,     0.00,     0.00,    31.70,  -999.99,  -999.99,  -999.99
cty,41265,TX: Kerr County,1981,02,PRCP,     2.57,     0.00,     0.00,     3.54,     8.67,     1.08,     0.00,     0.00,     0.00,     8.16,     0.00,     0.00,     0.28,     0.35,     0.00,     0.00,     0.00,     0.00,     0.00,     0.00,     0.01,     0.00,     0.00,     0.00,     0.00,     0.20,     0.30,     1.65,  -999.99,  -999.99,  -999.99
cty,41267,TX: Kimble County,1981,02,PRCP,     1.16,     0.00,     0.00,     1.51,     4.38,     0.39,     0.00,     0.00,     0.00,     5.24,     0.00,     0.00,     0.00,     0.01,     0.00,     0.00,     0.00,     0.00,     0.00,     0.00,     0.00,     0.00,     0.00,     0.00,     0.00,     0.00,     0.00,     2.11,  -999.99,  -999.99,  -999.99
cty,41269,TX: King County,1981,02,PRCP,     0.00,     0.00,     0.00,     0.00,     0.00,     0.00,     0.00,     0.00,     0.00,     4.30,     0.00,     0.00,     0.00,     0.00,     0.00,     0.00,     0.00,     0.00,     0.00,     0.00,     0.00,     0.00,     0.00,     0.00,     0.00,     0.00,     0.00,    34.65,  -999.99,  -999.99,  -999.99
cty,41271,TX: Kinney County,1981,02,PRCP,     0.00,     0.00,     0.00,     1.24,     3.69,     0.64,     0.00,     0.00,     0.00,     0.00,     0.00,     0.00,     0.05,     2.10,     0.07,     0.00,     0.00,     0.00,     0.00,     0.00,     0.00,     0.00,     0.00,     0.00,     0.00,     0.00,     0.00,     1.04,  -999.99,  -999.99,  -999.99
cty,41273,TX: Kleberg County,1981,02,PRCP,     0.00,     0.00,     0.00,    10.84,    18.64,     0.27,     0.00,     0.00,     0.00,     0.00,     0.00,     0.00,     1.35,     1.03,     0.00,     0.00,     0.00,     0.19,     0.00,     0.00,     0.00,     0.00,     0.00,     0.00,     1.34,     0.57,     0.00,     0.00,  -999.99,  -999.99,  -999.99
cty,41275,TX: Knox County,1981,02,PRCP,     0.00,     0.00,     0.00,     0.00,     0.00,     0.00,     0.00,     0.00,     0.03,     4.97,     0.00,     0.00,     0.00,     0.00,     0.00,     0.00,     0.00,     0.00,     0.00,     0.00,     0.00,     0.00,     0.00,     0.00,     0.00,     0.00,     0.00,    44.50,  -999.99,  -999.99,  -999.99
cty,41277,TX: Lamar County,1981,02,PRCP,    10.83,     0.00,     0.00,     0.00,     0.10,     0.06,     0.01,     0.72,     0.00,    19.14,     0.00,     0.00,     0.00,     0.00,     0.00,     0.00,     0.00,     0.00,     0.00,     0.00,     0.00,     4.81,     0.00,     0.00,     0.00,     0.00,     0.00,     5.71,  -999.99,  -999.99,  -999.99
cty,41279,TX: Lamb County,1981,02,PRCP,     0.00,     0.00,     0.00,     0.00,     0.00,     0.00,     0.00,     0.00,     0.00,     0.93,     0.00,     0.00,     0.00,     0.00,     0.00,     0.00,     0.00,     0.00,     0.00,     0.00,     0.00,     0.33,     0.00,     0.00,     0.00,     0.00,     0.00,     5.21,  -999.99,  -999.99,  -999.99
cty,41281,TX: Lampasas County,1981,02,PRCP,     4.76,     0.00,     0.00,     3.03,    14.91,     2.71,     0.00,     0.00,     0.00,     7.91,     0.10,     0.00,     0.00,     0.00,     0.00,     0.00,     0.00,     0.00,     0.00,     0.00,     0.00,     0.79,     0.00,     0.00,     0.00,     0.00,     0.00,     1.24,  -999.99,  -999.99,  -999.99
cty,41283,TX: La Salle County,1981,02,PRCP,     0.00,     0.00,     0.00,     7.54,     7.58,     0.67,     0.00,     0.00,     0.00,     0.00,     0.00,     0.03,     0.34,     0.01,     0.00,     0.00,     0.00,     0.00,     0.00,     0.00,     0.00,     0.00,     0.00,     0.00,     0.56,     0.07,     0.00,     0.00,  -999.99,  -999.99,  -999.99
cty,41285,TX: Lavaca County,1981,02,PRCP,     1.68,     0.00,     0.00,     1.52,    12.94,     3.56,     0.00,     0.00,     0.00,     0.89,     0.00,     0.00,     0.00,     0.00,     0.00,     0.00,     0.00,     0.00,     0.00,     0.00,     0.00,     2.59,     0.00,     0.00,     7.47,     5.09,     0.00,     0.00,  -999.99,  -999.99,  -999.99
cty,41287,TX: Lee County,1981,02,PRCP,     1.84,     0.00,     0.00,     2.97,    13.79,     4.43,     0.00,     0.00,     0.00,     8.74,     0.00,     0.00,     0.00,     0.00,     0.00,     0.00,     0.00,     0.00,     0.00,     0.00,     0.00,     2.75,     0.00,     0.00,     0.46,     0.20,     0.00,     0.00,  -999.99,  -999.99,  -999.99
cty,41289,TX: Leon County,1981,02,PRCP,     5.51,     0.00,     0.00,     0.83,    11.86,     6.49,     0.00,     0.00,     0.00,    28.62,     0.00,     0.00,     0.00,     0.00,     0.00,     0.00,     0.00,     0.00,     0.00,     0.00,     0.00,    12.26,     0.00,     0.00,     0.00,     0.31,     0.00,     0.00,  -999.99,  -999.99,  -999.99
cty,41291,TX: Liberty County,1981,02,PRCP,    10.60,     4.47,     0.00,     1.33,     9.45,    28.35,     0.00,     0.00,     0.00,     9.01,     0.00,     0.00,     0.01,     0.00,     0.00,     0.01,     0.01,     0.00,     0.00,     0.02,     0.00,     9.87,     0.01,     0.00,     0.00,     3.70,     0.02,     0.00,  -999.99,  -999.99,  -999.99
cty,41293,TX: Limestone County,1981,02,PRCP,     7.33,     0.00,     0.00,     2.40,    12.91,     5.65,     0.01,     0.00,     0.00,    24.33,     0.15,     0.00,     0.02,     0.00,     0.00,     0.00,     0.00,     0.00,     0.00,     0.00,     0.00,    11.50,     0.00,     0.00,     0.00,     0.00,     0.00,     0.05,  -999.99,  -999.99,  -999.99
cty,41295,TX: Lipscomb County,1981,02,PRCP,     0.00,     0.00,     0.00,     0.00,     0.00,     0.00,     0.00,     0.00,     0.00,     0.28,     0.00,     0.00,     0.00,     0.00,     0.00,     0.00,     0.00,     0.00,     0.00,     0.00,     0.00,     0.08,     0.00,     0.00,     0.00,     0.00,     0.00,     0.03,  -999.99,  -999.99,  -999.99
cty,41297,TX: Live Oak County,1981,02,PRCP,     0.00,     0.00,     0.00,     8.23,    14.10,     0.52,     0.00,     0.00,     0.00,     0.00,     0.00,     0.00,     0.04,     0.00,     0.00,     0.00,     0.00,     0.00,     0.00,     0.00,     0.00,     0.00,     0.00,     0.00,     1.38,     0.02,     0.00,     0.00,  -999.99,  -999.99,  -999.99
cty,41299,TX: Llano County,1981,02,PRCP,     4.37,     0.00,     0.00,     2.47,    17.51,     3.02,     0.00,     0.00,     0.00,    10.54,     0.00,     0.00,     0.00,     0.00,     0.00,     0.00,     0.00,     0.00,     0.00,     0.00,     0.00,     0.00,     0.00,     0.00,     0.00,     0.00,     0.00,     0.72,  -999.99,  -999.99,  -999.99
cty,41301,TX: Loving County,1981,02,PRCP,     0.00,     0.00,     0.00,     0.00,     0.00,     0.00,     0.00,     0.00,     0.00,     0.00,     0.00,     0.00,     0.00,     0.00,     0.00,     0.00,     0.00,     0.00,     0.00,     0.00,     0.00,     0.00,     0.00,     0.00,     0.00,     0.00,     0.00,    12.61,  -999.99,  -999.99,  -999.99
cty,41303,TX: Lubbock County,1981,02,PRCP,     0.00,     0.00,     0.00,     0.00,     0.00,     0.00,     0.00,     0.00,     0.00,     2.25,     0.00,     0.00,     0.00,     0.00,     0.00,     0.00,     0.00,     0.00,     0.00,     0.00,     0.00,     0.00,     0.00,     0.00,     0.00,     0.00,     0.00,    19.37,  -999.99,  -999.99,  -999.99
cty,41305,TX: Lynn County,1981,02,PRCP,     0.00,     0.00,     0.00,     0.00,     0.00,     0.00,     0.01,     0.00,     0.00,     2.42,     0.00,     0.00,     0.00,     0.00,     0.00,     0.00,     0.00,     0.00,     0.00,     0.00,     0.00,     0.00,     0.00,     0.00,     0.00,     0.00,     0.00,    31.19,  -999.99,  -999.99,  -999.99
cty,41307,TX: McCulloch County,1981,02,PRCP,     0.91,     0.00,     0.00,     1.01,     9.89,     0.99,     0.00,     0.00,     0.00,     2.75,     0.00,     0.00,     0.00,     0.00,     0.00,     0.00,     0.00,     0.00,     0.00,     0.00,     0.00,     0.00,     0.00,     0.00,     0.00,     0.00,     0.00,     3.14,  -999.99,  -999.99,  -999.99
cty,41309,TX: McLennan County,1981,02,PRCP,     6.52,     0.00,     0.00,     4.60,    13.00,     4.76,     0.02,     0.00,     0.00,    11.77,     0.64,     0.00,     0.00,     0.00,     0.00,     0.00,     0.00,     0.00,     0.00,     0.00,     0.00,     7.19,     0.00,     0.00,     0.00,     0.00,     0.00,     0.39,  -999.99,  -999.99,  -999.99
cty,41311,TX: McMullen County,1981,02,PRCP,     0.00,     0.00,     0.00,     6.34,     8.85,     0.47,     0.00,     0.00,     0.00,     0.00,     0.00,     0.00,     0.00,     0.00,     0.00,     0.00,     0.00,     0.00,     0.00,     0.00,     0.00,     0.00,     0.00,     0.00,     0.76,     0.02,     0.00,     0.00,  -999.99,  -999.99,  -999.99
cty,41313,TX: Madison County,1981,02,PRCP,     4.39,     0.00,     0.00,     1.45,    11.16,     7.42,     0.00,     0.00,     0.00,    21.11,     0.00,     0.00,     0.00,     0.00,     0.00,     0.00,     0.00,     0.00,     0.00,     0.00,     0.00,    10.76,     0.00,     0.00,     0.00,     0.81,     0.00,     0.00,  -999.99,  -999.99,  -999.99
cty,41315,TX: Marion County,1981,02,PRCP,    16.32,     0.00,     0.00,     0.00,     2.79,     2.23,     0.01,     0.03,     0.00,    21.40,     0.00,     0.00,     0.00,     0.00,     0.00,     0.00,     0.00,     0.00,     0.00,     0.00,     0.00,    10.88,     0.00,     0.00,     0.00,     0.00,     0.00,     0.31,  -999.99,  -999.99,  -999.99
cty,41317,TX: Martin County,1981,02,PRCP,     0.00,     0.00,     0.00,     0.00,     0.00,     0.00,     0.00,     0.00,     0.00,     0.49,     0.00,     0.00,     0.00,     0.00,     0.00,     0.00,     0.00,     0.00,     0.00,     0.00,     0.00,     0.00,     0.00,     0.00,     0.00,     0.00,     0.00,    19.35,  -999.99,  -999.99,  -999.99
cty,41319,TX: Mason County,1981,02,PRCP,     2.32,     0.00,     0.00,     1.55,     9.18,     1.67,     0.00,     0.00,     0.00,     5.85,     0.00,     0.00,     0.00,     0.00,     0.00,     0.00,     0.00,     0.00,     0.00,     0.00,     0.00,     0.00,     0.00,     0.00,     0.00,     0.00,     0.00,     1.33,  -999.99,  -999.99,  -999.99
cty,41321,TX: Matagorda County,1981,02,PRCP,     3.68,     2.82,     0.00,     2.14,    11.71,    12.20,     0.03,     0.00,     0.00,     1.53,     0.00,     0.00,     0.00,     0.00,     0.00,     0.00,     0.00,     0.00,     0.00,     0.00,     0.00,     4.29,     0.00,     0.00,     2.93,     6.45,     0.01,     0.00,  -999.99,  -999.99,  -999.99
cty,41323,TX: Maverick County,1981,02,PRCP,     0.00,     0.00,     0.00,     1.75,     3.49,     1.20,     0.01,     0.00,     0.01,     0.03,     0.00,     0.00,     0.53,     3.24,     0.00,     0.00,     0.00,     0.00,     0.00,     0.00,     0.00,     0.00,     0.00,     0.00,     0.00,     0.00,     0.00,     0.00,  -999.99,  -999.99,  -999.99
cty,41325,TX: Medina County,1981,02,PRCP,     0.03,     0.00,     0.00,     7.48,     7.35,     1.07,     0.00,     0.00,     0.00,     1.33,     0.00,     0.00,     1.72,     0.73,     0.00,     0.00,     0.00,     0.00,     0.00,     0.00,     0.00,     0.00,     0.00,     0.00,     0.00,     0.17,     0.01,     0.32,  -999.99,  -999.99,  -999.99
cty,41327,TX: Menard County,1981,02,PRCP,     0.18,     0.02,     0.00,     0.65,     3.75,     0.20,     0.00,     0.00,     0.00,     2.36,     0.00,     0.00,     0.00,     0.00,     0.00,     0.00,     0.00,     0.00,     0.00,     0.00,     0.00,     0.00,     0.00,     0.00,     0.00,     0.00,     0.00,     3.20,  -999.99,  -999.99,  -999.99
cty,41329,TX: Midland County,1981,02,PRCP,     0.00,     0.00,     0.00,     0.00,     0.00,     0.00,     0.00,     0.00,     0.00,     0.00,     0.00,     0.00,     0.00,     0.00,     0.00,     0.00,     0.00,     0.00,     0.00,     0.00,     0.00,     0.00,     0.00,     0.00,     0.00,     0.00,     0.01,    14.51,  -999.99,  -999.99,  -999.99
cty,41331,TX: Milam County,1981,02,PRCP,     4.53,     0.00,     0.00,     6.49,    20.45,     6.81,     0.01,     0.00,     0.02,    21.39,     0.02,     0.00,     0.00,     0.00,     0.00,     0.00,     0.00,     0.00,     0.00,     0.00,     0.02,     6.48,     0.00,     0.00,     0.00,     0.00,     0.00,     0.00,  -999.99,  -999.99,  -999.99
cty,41333,TX: Mills County,1981,02,PRCP,     2.80,     0.00,     0.00,     1.95,    12.66,     1.47,     0.00,     0.00,     0.00,     3.82,     0.02,     0.00,     0.00,     0.00,     0.00,     0.00,     0.00,     0.00,     0.00,     0.00,     0.00,     0.02,     0.00,     0.00,     0.00,     0.00,     0.00,     2.17,  -999.99,  -999.99,  -999.99
cty,41335,TX: Mitchell County,1981,02,PRCP,     0.00,     0.00,     0.00,     0.00,     0.00,     0.00,     0.00,     0.00,     0.00,     0.64,     0.00,     0.00,     0.00,     0.00,     0.00,     0.00,     0.00,     0.00,     0.00,     0.00,     0.00,     0.00,     0.00,     0.00,     0.00,     0.00,     0.00,    19.30,  -999.99,  -999.99,  -999.99
cty,41337,TX: Montague County,1981,02,PRCP,     3.41,     0.00,     0.00,     0.00,     0.18,     0.00,     0.00,     0.00,     0.00,    13.74,     0.00,     0.00,     0.00,     0.00,     0.00,     0.00,     0.00,     0.00,     0.00,     0.00,     0.00,     0.00,     0.00,     0.00,     0.00,     0.00,     0.00,    28.28,  -999.99,  -999.99,  -999.99
cty,41339,TX: Montgomery County,1981,02,PRCP,     8.34,     0.27,     0.00,     1.86,     9.92,    15.48,     0.02,     0.00,     0.00,     9.77,     0.00,     0.00,     0.00,     0.00,     0.00,     0.00,     0.00,     0.00,     0.00,     0.00,     0.00,    10.28,     0.00,     0.00,     0.39,     5.70,     0.00,     0.00,  -999.99,  -999.99,  -999.99
cty,41341,TX: Moore County,1981,02,PRCP,     0.00,     0.00,     0.00,     0.00,     0.00,     0.00,     0.00,     0.00,     0.00,     0.00,     0.21,     0.00,     0.00,     0.00,     0.00,     0.00,     0.00,     0.00,     0.00,     0.00,     0.00,     1.05,     0.00,     0.00,     0.00,     0.00,     0.00,     0.00,  -999.99,  -999.99,  -999.99
cty,41343,TX: Morris County,1981,02,PRCP,    30.83,     0.00,     0.00,     0.00,     2.02,     1.11,     0.00,     0.45,     0.00,    20.43,     0.00,     0.00,     0.00,     0.00,     0.00,     0.00,     0.00,     0.00,     0.00,     0.00,     0.00,    11.40,     0.00,     0.00,     0.00,     0.00,     0.00,     2.39,  -999.99,  -999.99,  -999.99
cty,41345,TX: Motley County,1981,02,PRCP,     0.00,     0.00,     0.00,     0.00,     0.01,     0.00,     0.00,     0.00,     0.00,     2.13,     0.02,     0.00,     0.00,     0.00,     0.00,     0.00,     0.00,     0.00,     0.00,     0.00,     0.00,     0.00,     0.00,     0.00,     0.00,     0.00,     0.00,    16.21,  -999.99,  -999.99,  -999.99
cty,41347,TX: Nacogdoches County,1981,02,PRCP,    12.80,     0.46,     0.00,     0.00,     9.12,    11.66,     0.00,     0.00,     0.00,    33.36,     0.00,     0.00,     0.00,     0.00,     0.00,     0.00,     0.00,     0.00,     0.00,     0.00,     0.00,    14.96,     0.00,     0.00,     0.00,     0.00,     0.00,     0.00,  -999.99,  -999.99,  -999.99
cty,41349,TX: Navarro County,1981,02,PRCP,     7.68,     0.00,     0.00,     0.08,     6.85,     2.29,     0.00,     0.00,     0.00,    11.78,     0.01,     0.00,     0.00,     0.00,     0.00,     0.00,     0.00,     0.00,     0.00,     0.00,     0.00,     6.97,     0.00,     0.00,     0.00,     0.00,     0.00,     0.71,  -999.99,  -999.99,  -999.99
cty,41351,TX: Newton County,1981,02,PRCP,    22.72,    13.14,     0.00,     0.00,     3.80,    29.48,     0.01,     0.00,     0.00,    10.07,     0.03,     0.00,     0.00,     0.00,     0.00,     0.00,     0.00,     0.00,     0.00,     0.00,     0.00,     9.44,     0.02,     0.00,     0.00,     0.01,     0.00,     0.00,  -999.99,  -999.99,  -999.99
cty,41353,TX: Nolan County,1981,02,PRCP,     0.00,     0.00,     0.00,     0.00,     0.31,     0.00,     0.00,     0.00,     0.00,     1.02,     0.00,     0.00,     0.00,     0.00,     0.00,     0.00,     0.00,     0.00,     0.00,     0.00,     0.00,     0.00,     0.00,     0.00,     0.00,     0.00,     0.00,    17.37,  -999.99,  -999.99,  -999.99
cty,41355,TX: Nueces County,1981,02,PRCP,     0.02,     0.00,     0.00,    14.43,    27.60,     0.76,     0.00,     0.00,     0.00,     0.00,     0.00,     0.00,     1.16,     0.34,     0.00,     0.00,     0.00,     0.00,     0.00,     0.00,     0.00,     0.05,     0.00,     0.00,     1.68,     0.54,     0.00,     0.00,  -999.99,  -999.99,  -999.99
cty,41357,TX: Ochiltree County,1981,02,PRCP,     0.00,     0.00,     0.00,     0.00,     0.00,     0.00,     0.00,     0.00,     0.00,     0.00,     0.00,     0.00,     0.00,     0.00,     0.00,     0.00,     0.00,     0.00,     0.00,     0.00,     0.00,     0.00,     0.00,     0.00,     0.00,     0.00,     0.00,     0.00,  -999.99,  -999.99,  -999.99
cty,41359,TX: Oldham County,1981,02,PRCP,     0.00,     0.00,     0.00,     0.00,     0.00,     0.00,     0.00,     0.00,     0.00,     0.00,     0.20,     0.00,     0.00,     0.00,     0.00,     0.00,     0.00,     0.00,     0.00,     0.00,     0.35,     3.00,     0.00,     0.00,     0.00,     0.00,     0.00,     0.98,  -999.99,  -999.99,  -999.99
cty,41361,TX: Orange County,1981,02,PRCP,     6.38,    15.16,     0.00,     0.00,     5.97,    47.67,     0.02,     0.00,     0.00,     8.66,     0.03,     0.00,     0.00,     0.00,     0.00,     0.00,     0.00,     0.52,     0.00,     0.00,     0.00,     7.17,     0.00,     0.00,     0.00,     0.53,     0.01,     0.00,  -999.99,  -999.99,  -999.99
cty,41363,TX: Palo Pinto County,1981,02,PRCP,     1.09,     0.00,     0.00,     0.05,     2.61,     0.01,     0.00,     0.00,     0.00,     4.63,     0.01,     0.00,     0.00,     0.00,     0.00,     0.00,     0.00,     0.00,     0.00,     0.00,     0.00,     0.01,     0.00,     0.00,     0.00,     0.00,     0.00,     8.19,  -999.99,  -999.99,  -999.99
cty,41365,TX: Panola County,1981,02,PRCP,    16.13,     0.23,     0.00,     0.00,     7.16,     8.03,     0.00,     0.00,     0.00,    36.26,     0.00,     0.00,     0.00,     0.00,     0.00,     0.00,     0.00,     0.00,     0.00,     0.00,     0.00,    13.98,     0.00,     0.00,     0.00,     0.00,     0.00,     0.00,  -999.99,  -999.99,  -999.99
cty,41367,TX: Parker County,1981,02,PRCP,     2.59,     0.00,     0.00,     0.00,     2.94,     0.12,     0.00,     0.00,     0.00,     6.36,     0.00,     0.00,     0.00,     0.00,     0.00,     0.00,     0.00,     0.00,     0.00,     0.00,     0.10,     0.58,     0.00,     0.00,     0.00,     0.00,     0.00,     6.04,  -999.99,  -999.99,  -999.99
cty,41369,TX: Parmer County,1981,02,PRCP,     0.00,     0.00,     0.00,     0.00,     0.00,     0.00,     0.00,     0.00,     0.00,     0.07,     0.00,     0.00,     0.00,     0.00,     0.00,     0.00,     0.00,     0.00,     0.00,     0.00,     0.00,     1.96,     0.00,     0.00,     0.00,     0.00,     0.00,     5.81,  -999.99,  -999.99,  -999.99
cty,41371,TX: Pecos County,1981,02,PRCP,     0.00,     0.00,     0.00,     0.00,     0.01,     0.00,     0.00,     0.00,     0.00,     0.04,     0.00,     0.00,     0.00,     0.00,     0.00,     0.00,     0.00,     0.00,     0.00,     0.00,     0.47,     0.00,     0.00,     0.00,     0.00,     0.00,     0.49,     7.34,  -999.99,  -999.99,  -999.99
cty,41373,TX: Polk County,1981,02,PRCP,     9.98,     1.27,     0.00,     0.00,     7.44,    15.30,     0.00,     0.00,     0.00,    11.20,     0.03,     0.00,     0.00,     0.00,     0.00,     0.00,     0.00,     0.00,     0.00,     0.00,     0.00,    10.48,     0.00,     0.00,     0.00,     0.08,     0.00,     0.00,  -999.99,  -999.99,  -999.99
cty,41375,TX: Potter County,1981,02,PRCP,     0.00,     0.00,     0.00,     0.00,     0.00,     0.00,     0.00,     0.00,     0.00,     0.14,     0.64,     0.00,     0.00,     0.00,     0.00,     0.00,     0.00,     0.00,     0.00,     0.00,     0.00,     2.13,     0.00,     0.00,     0.00,     0.00,     0.00,     0.86,  -999.99,  -999.99,  -999.99
cty,41377,TX: Presidio County,1981,02,PRCP,     0.00,     0.00,     0.00,     0.00,     0.00,     0.00,     0.00,     0.00,     0.00,     0.00,     0.00,     0.00,     0.00,     0.00,     0.00,     0.00,     0.00,     0.00,     0.00,     0.00,     2.31,     0.00,     0.00,     0.00,     0.00,     0.00,     0.00,     3.94,  -999.99,  -999.99,  -999.99
cty,41379,TX: Rains County,1981,02,PRCP,    15.22,     0.00,     0.00,     0.00,     2.96,     0.41,     0.00,     0.01,     0.05,    10.92,     0.00,     0.00,     0.00,     0.00,     0.00,     0.00,     0.00,     0.00,     0.00,     0.00,     0.00,     9.30,     0.00,     0.00,     0.00,     0.00,     0.00,     1.03,  -999.99,  -999.99,  -999.99
cty,41381,TX: Randall County,1981,02,PRCP,     0.00,     0.00,     0.00,     0.00,     0.00,     0.00,     0.00,     0.00,     0.00,     0.40,     0.18,     0.00,     0.00,     0.00,     0.00,     0.00,     0.00,     0.00,     0.00,     0.00,     0.00,     1.20,     0.00,     0.00,     0.00,     0.00,     0.00,     1.50,  -999.99,  -999.99,  -999.99
cty,41383,TX: Reagan County,1981,02,PRCP,     0.00,     0.00,     0.00,     0.00,     0.00,     0.00,     0.00,     0.00,     0.00,     0.00,     0.00,     0.00,     0.00,     0.00,     0.00,     0.00,     0.00,     0.00,     0.00,     0.00,     0.00,     0.00,     0.00,     0.00,     0.00,     0.00,     0.00,    10.90,  -999.99,  -999.99,  -999.99
cty,41385,TX: Real County,1981,02,PRCP,     1.53,     0.00,     0.00,     3.54,     4.61,     0.56,     0.00,     0.00,     0.01,     4.06,     0.00,     0.00,     0.04,     1.08,     0.00,     0.00,     0.00,     0.00,     0.00,     0.00,     0.24,     0.00,     0.00,     0.00,     0.00,     0.01,     1.17,     2.98,  -999.99,  -999.99,  -999.99
cty,41387,TX: Red River County,1981,02,PRCP,    19.28,     0.00,     0.00,     0.00,     0.24,     0.21,     0.01,     1.57,     0.00,    23.63,     0.00,     0.00,     0.00,     0.00,     0.00,     0.00,     0.00,     0.00,     0.00,     0.00,     0.00,     7.06,     0.00,     0.00,     0.00,     0.00,     0.00,     3.97,  -999.99,  -999.99,  -999.99
cty,41389,TX: Reeves County,1981,02,PRCP,     0.00,     0.00,     0.00,     0.00,     0.00,     0.00,     0.00,     0.00,     0.00,     0.00,     0.00,     0.00,     0.00,     0.00,     0.00,     0.00,     0.00,     0.00,     0.00,     0.00,     0.01,     0.00,     0.00,     0.00,     0.00,     0.00,     1.03,    15.31,  -999.99,  -999.99,  -999.99
cty,41391,TX: Refugio County,1981,02,PRCP,     0.95,     0.00,     0.00,     8.98,    26.43,     2.48,     0.00,     0.00,     0.00,     0.00,     0.00,     0.00,     0.10,     0.00,     0.00,     0.00,     0.00,     0.00,     0.00,     0.00,     0.00,     1.18,     0.00,     0.00,     3.16,     2.05,     0.00,     0.00,  -999.99,  -999.99,  -999.99
cty,41393,TX: Roberts County,1981,02,PRCP,     0.00,     0.00,     0.00,     0.00,     0.00,     0.00,     0.00,     0.00,     0.00,     0.31,     0.04,     0.00,     0.00,     0.00,     0.00,     0.00,     0.00,     0.00,     0.00,     0.00,     0.00,     1.72,     0.00,     0.00,     0.00,     0.00,     0.00,     0.65,  -999.99,  -999.99,  -999.99
cty,41395,TX: Robertson County,1981,02,PRCP,     4.36,     0.00,     0.00,     4.15,    13.25,     5.66,     0.00,     0.00,     0.00,    22.85,     0.05,     0.00,     0.00,     0.00,     0.00,     0.00,     0.00,     0.00,     0.00,     0.00,     0.00,     9.06,     0.00,     0.00,     0.00,     0.11,     0.02,     0.00,  -999.99,  -999.99,  -999.99
cty,41397,TX: Rockwall County,1981,02,PRCP,     9.24,     0.00,     0.00,     0.00,     2.48,     0.14,     0.00,     0.00,     0.00,    12.91,     0.00,     0.00,     0.00,     0.00,     0.00,     0.00,     0.00,     0.00,     0.00,     0.00,     0.00,     7.50,     0.00,     0.00,     0.00,     0.00,     0.00,     0.85,  -999.99,  -999.99,  -999.99
cty,41399,TX: Runnels County,1981,02,PRCP,     0.00,     0.00,     0.00,     0.00,     4.57,     0.00,     0.00,     0.00,     0.00,     2.41,     0.00,     0.00,     0.00,     0.00,     0.00,     0.00,     0.00,     0.00,     0.00,     0.00,     0.00,     0.00,     0.00,     0.00,     0.00,     0.00,     0.00,    15.00,  -999.99,  -999.99,  -999.99
cty,41401,TX: Rusk County,1981,02,PRCP,    12.75,     0.02,     0.00,     0.00,     8.05,     6.87,     0.00,     0.00,     0.00,    31.25,     0.00,     0.00,     0.00,     0.00,     0.00,     0.00,     0.00,     0.00,     0.00,     0.00,     0.00,    11.36,     0.00,     0.00,     0.00,     0.00,     0.00,     0.00,  -999.99,  -999.99,  -999.99
cty,41403,TX: Sabine County,1981,02,PRCP,    20.37,     3.83,     0.00,     0.00,     3.92,    12.90,     0.00,     0.00,     0.00,    15.12,     0.00,     0.00,     0.00,     0.00,     0.00,     0.00,     0.00,     0.00,     0.00,     0.00,     0.00,     9.48,     0.00,     0.00,     0.00,     0.00,     0.00,     0.00,  -999.99,  -999.99,  -999.99
cty,41405,TX: San Augustine County,1981,02,PRCP,    17.27,     2.59,     0.00,     0.00,     6.38,    13.45,     0.00,     0.00,     0.00,    21.87,     0.00,     0.00,     0.00,     0.00,     0.00,     0.00,     0.00,     0.00,     0.00,     0.00,     0.00,    12.81,     0.00,     0.00,     0.00,     0.00,     0.00,     0.00,  -999.99,  -999.99,  -999.99
cty,41407,TX: San Jacinto County,1981,02,PRCP,     9.29,     0.29,     0.00,     0.68,     9.01,    15.61,     0.07,     0.00,     0.00,    11.22,     0.00,     0.00,     0.00,     0.00,     0.00,     0.00,     0.00,     0.00,     0.00,     0.00,     0.00,    11.07,     0.00,     0.00,     0.00,     1.46,     0.00,     0.00,  -999.99,  -999.99,  -999.99
cty,41409,TX: San Patricio County,1981,02,PRCP,     0.01,     0.00,     0.00,    13.64,    29.87,     0.94,     0.00,     0.00,     0.00,     0.00,     0.00,     0.00,     0.58,     0.00,     0.00,     0.00,     0.00,     0.00,     0.00,     0.00,     0.00,     0.25,     0.00,     0.00,     1.81,     0.19,     0.00,     0.00,  -999.99,  -999.99,  -999.99
cty,41411,TX: San Saba County,1981,02,PRCP,     3.23,     0.00,     0.00,     1.80,    16.28,     2.19,     0.00,     0.00,     0.01,     5.72,     0.00,     0.00,     0.00,     0.00,     0.00,     0.00,     0.00,     0.00,     0.00,     0.00,     0.00,     0.09,     0.00,     0.00,     0.00,     0.00,     0.00,     1.94,  -999.99,  -999.99,  -999.99
cty,41413,TX: Schleicher County,1981,02,PRCP,     0.00,     0.04,     0.00,     0.00,     1.33,     0.00,     0.00,     0.00,     0.00,     0.00,     0.00,     0.00,     0.00,     0.00,     0.00,     0.00,     0.00,     0.00,     0.00,     0.00,     0.33,     0.00,     0.00,     0.00,     0.00,     0.00,     0.00,     4.57,  -999.99,  -999.99,  -999.99
cty,41415,TX: Scurry County,1981,02,PRCP,     0.00,     0.00,     0.00,     0.00,     0.00,     0.00,     0.00,     0.00,     0.00,     1.59,     0.00,     0.00,     0.00,     0.00,     0.00,     0.00,     0.00,     0.00,     0.00,     0.00,     0.00,     0.00,     0.00,     0.00,     0.00,     0.00,     0.00,    21.99,  -999.99,  -999.99,  -999.99
cty,41417,TX: Shackelford County,1981,02,PRCP,     0.05,     0.00,     0.00,     0.32,     1.76,     0.00,     0.00,     0.00,     0.00,     3.47,     0.00,     0.00,     0.00,     0.00,     0.00,     0.00,     0.00,     0.00,     0.00,     0.00,     0.00,     0.00,     0.00,     0.00,     0.00,     0.00,     0.00,    16.10,  -999.99,  -999.99,  -999.99
cty,41419,TX: Shelby County,1981,02,PRCP,    20.74,     1.36,     0.00,     0.00,     7.21,    12.59,     0.01,     0.00,     0.00,    36.79,     0.04,     0.00,     0.00,     0.00,     0.00,     0.00,     0.00,     0.00,     0.00,     0.00,     0.00,    16.06,     0.00,     0.00,     0.00,     0.00,     0.00,     0.00,  -999.99,  -999.99,  -999.99
cty,41421,TX: Sherman County,1981,02,PRCP,     0.00,     0.00,     0.00,     0.00,     0.00,     0.00,     0.00,     0.00,     0.00,     0.04,     0.40,     0.00,     0.00,     0.00,     0.00,     0.00,     0.00,     0.00,     0.00,     0.00,     0.00,     0.00,     0.00,     0.00,     0.00,     0.00,     0.00,     0.00,  -999.99,  -999.99,  -999.99
cty,41423,TX: Smith County,1981,02,PRCP,    16.98,     0.00,     0.00,     0.00,     6.34,     2.59,     0.00,     0.00,     0.00,    18.06,     0.00,     0.00,     0.00,     0.00,     0.00,     0.00,     0.00,     0.00,     0.00,     0.00,     0.00,    10.19,     0.00,     0.00,     0.00,     0.00,     0.00,     0.15,  -999.99,  -999.99,  -999.99
cty,41425,TX: Somervell County,1981,02,PRCP,     3.80,     0.00,     0.00,     1.11,     6.69,     1.63,     0.00,     0.00,     0.00,     3.68,     0.00,     0.00,     0.00,     0.00,     0.00,     0.00,     0.00,     0.00,     0.00,     0.00,     0.00,     1.57,     0.00,     0.00,     0.00,     0.00,     0.00,     2.42,  -999.99,  -999.99,  -999.99
cty,41427,TX: Starr County,1981,02,PRCP,     0.00,     0.00,     0.00,     3.70,     2.96,     0.00,     0.00,     0.00,     0.00,     0.00,     0.00,     0.00,     1.69,     7.70,     1.45,     0.00,     0.57,     1.02,     0.00,     0.01,     0.00,     0.00,     0.00,     0.00,     3.25,     0.04,     0.00,     0.00,  -999.99,  -999.99,  -999.99
cty,41429,TX: Stephens County,1981,02,PRCP,     0.49,     0.00,     0.00,     0.17,     1.95,     0.00,     0.00,     0.00,     0.00,     3.16,     0.00,     0.00,     0.00,     0.00,     0.00,     0.00,     0.00,     0.00,     0.00,     0.00,     0.00,     0.00,     0.00,     0.00,     0.00,     0.00,     0.00,     7.71,  -999.99,  -999.99,  -999.99
cty,41431,TX: Sterling County,1981,02,PRCP,     0.00,     0.00,     0.00,     0.12,     0.00,     0.00,     0.00,     0.00,     0.00,     0.00,     0.00,     0.00,     0.00,     0.00,     0.00,     0.00,     0.00,     0.00,     0.00,     0.00,     0.00,     0.00,     0.00,     0.00,     0.00,     0.00,     1.74,    13.80,  -999.99,  -999.99,  -999.99
cty,41433,TX: Stonewall County,1981,02,PRCP,     0.00,     0.00,     0.00,     0.00,     0.02,     0.00,     0.00,     0.00,     0.00,     3.51,     0.00,     0.00,     0.00,     0.00,     0.00,     0.00,     0.00,     0.00,     0.00,     0.00,     0.00,     0.00,     0.00,     0.00,     0.00,     0.00,     0.00,    40.45,  -999.99,  -999.99,  -999.99
cty,41435,TX: Sutton County,1981,02,PRCP,     0.00,     0.00,     0.00,     0.34,     2.17,     0.00,     0.00,     0.00,     0.05,     0.34,     0.00,     0.00,     0.00,     0.00,     0.00,     0.00,     0.00,     0.00,     0.00,     0.00,     0.00,     0.00,     0.00,     0.00,     0.00,     0.00,     0.04,     5.02,  -999.99,  -999.99,  -999.99
cty,41437,TX: Swisher County,1981,02,PRCP,     0.00,     0.00,     0.00,     0.00,     0.00,     0.00,     0.00,     0.00,     0.00,     0.75,     0.00,     0.00,     0.00,     0.00,     0.00,     0.00,     0.00,     0.00,     0.00,     0.00,     0.00,     0.72,     0.00,     0.00,     0.00,     0.00,     0.00,     3.64,  -999.99,  -999.99,  -999.99
cty,41439,TX: Tarrant County,1981,02,PRCP,     4.57,     0.00,     0.00,     0.00,     2.77,     0.24,     0.00,     0.00,     0.00,     8.05,     0.00,     0.00,     0.00,     0.00,     0.00,     0.00,     0.00,     0.00,     0.00,     0.00,     0.31,     2.42,     0.00,     0.00,     0.00,     0.00,     0.00,     2.58,  -999.99,  -999.99,  -999.99
cty,41441,TX: Taylor County,1981,02,PRCP,     0.00,     0.00,     0.00,     0.01,     1.70,     0.00,     0.00,     0.00,     0.17,     1.67,     0.00,     0.00,     0.00,     0.00,     0.00,     0.00,     0.00,     0.00,     0.00,     0.00,     0.00,     0.00,     0.00,     0.00,     0.00,     0.00,     0.00,    19.54,  -999.99,  -999.99,  -999.99
cty,41443,TX: Terrell County,1981,02,PRCP,     0.00,     0.00,     0.00,     0.01,     1.26,     0.01,     0.00,     0.00,     0.00,     0.95,     0.00,     0.00,     0.00,     0.29,     0.00,     0.00,     0.03,     0.00,     0.00,     0.00,     0.00,     0.00,     0.00,     0.00,     0.00,     0.00,     0.00,     7.97,  -999.99,  -999.99,  -999.99
cty,41445,TX: Terry County,1981,02,PRCP,     0.00,     0.00,     0.00,     0.00,     0.00,     0.00,     0.00,     0.00,     0.00,     2.04,     0.00,     0.00,     0.00,     0.00,     0.00,     0.00,     0.00,     0.00,     0.00,     0.00,     0.00,     0.00,     0.00,     0.00,     0.00,     0.00,     0.00,    20.47,  -999.99,  -999.99,  -999.99
cty,41447,TX: Throckmorton County,1981,02,PRCP,     0.17,     0.00,     0.00,     0.00,     0.35,     0.00,     0.00,     0.00,     0.00,     5.38,     0.00,     0.00,     0.00,     0.00,     0.00,     0.00,     0.00,     0.00,     0.00,     0.00,     0.00,     0.00,     0.00,     0.00,     0.00,     0.00,     0.00,    38.60,  -999.99,  -999.99,  -999.99
cty,41449,TX: Titus County,1981,02,PRCP,    29.43,     0.00,     0.00,     0.00,     1.50,     0.69,     0.00,     0.73,     0.00,    16.88,     0.00,     0.00,     0.00,     0.00,     0.00,     0.00,     0.00,     0.00,     0.00,     0.00,     0.00,     9.35,     0.00,     0.00,     0.00,     0.00,     0.00,     2.82,  -999.99,  -999.99,  -999.99
cty,41451,TX: Tom Green County,1981,02,PRCP,     0.00,     0.00,     0.00,     0.00,     1.53,     0.00,     0.00,     0.00,     0.00,     0.09,     0.00,     0.00,     0.00,     0.00,     0.00,     0.00,     0.00,     0.00,     0.00,     0.00,     0.00,     0.00,     0.00,     0.00,     0.00,     0.00,     0.00,     9.67,  -999.99,  -999.99,  -999.99
cty,41453,TX: Travis County,1981,02,PRCP,     2.69,     0.00,     0.00,     3.03,    16.27,     2.91,     0.00,     0.00,     0.00,    12.31,     0.00,     0.00,     0.00,     0.00,     0.00,     0.00,     0.00,     0.00,     0.00,     0.00,     0.00,     0.72,     0.00,     0.00,     0.01,     0.49,     0.01,     0.00,  -999.99,  -999.99,  -999.99
cty,41455,TX: Trinity County,1981,02,PRCP,     7.54,     0.04,     0.00,     0.00,     8.64,    10.49,     0.00,     0.00,     0.00,    18.95,     0.00,     0.00,     0.00,     0.00,     0.00,     0.00,     0.00,     0.00,     0.00,     0.00,     0.00,    11.55,     0.00,     0.00,     0.00,     0.01,     0.00,     0.00,  -999.99,  -999.99,  -999.99
cty,41457,TX: Tyler County,1981,02,PRCP,    10.01,     4.73,     0.00,     0.00,     5.76,    18.37,     0.01,     0.00,     0.00,     9.00,     0.00,     0.00,     0.00,     0.00,     0.00,     0.00,     0.00,     0.00,     0.00,     0.00,     0.00,     9.12,     0.00,     0.00,     0.00,     0.02,     0.00,     0.00,  -999.99,  -999.99,  -999.99
cty,41459,TX: Upshur County,1981,02,PRCP,    20.90,     0.00,     0.00,     0.00,     3.84,     1.66,     0.00,     0.01,     0.00,    17.56,     0.00,     0.00,     0.00,     0.00,     0.00,     0.00,     0.00,     0.00,     0.00,     0.00,     0.00,     9.64,     0.00,     0.00,     0.00,     0.00,     0.00,     1.12,  -999.99,  -999.99,  -999.99
cty,41461,TX: Upton County,1981,02,PRCP,     0.00,     0.00,     0.00,     0.00,     0.00,     0.00,     0.00,     0.00,     0.00,     0.00,     0.00,     0.00,     0.00,     0.00,     0.00,     0.00,     0.00,     0.00,     0.00,     0.00,     0.00,     0.00,     0.00,     0.00,     0.00,     0.00,     0.00,     9.07,  -999.99,  -999.99,  -999.99
cty,41463,TX: Uvalde County,1981,02,PRCP,     0.03,     0.00,     0.00,     3.95,     4.53,     0.71,     0.00,     0.00,     0.00,     0.53,     0.00,     0.00,     0.41,     3.58,     0.00,     0.00,     0.00,     0.00,     0.00,     0.00,     0.00,     0.00,     0.00,     0.00,     0.00,     0.08,     0.17,     0.86,  -999.99,  -999.99,  -999.99
cty,41465,TX: Val Verde County,1981,02,PRCP,     0.00,     0.00,     0.00,     0.08,     2.96,     0.06,     0.01,     0.00,     0.00,     1.90,     0.00,     0.00,     0.00,     0.16,     0.00,     0.00,     0.00,     0.00,     0.00,     0.00,     0.19,     0.00,     0.00,     0.00,     0.00,     0.00,     0.00,     3.82,  -999.99,  -999.99,  -999.99
cty,41467,TX: Van Zandt County,1981,02,PRCP,    16.31,     0.00,     0.00,     0.00,     4.92,     0.83,     0.02,     0.00,     0.00,    10.94,     0.00,     0.00,     0.00,     0.00,     0.00,     0.00,     0.00,     0.00,     0.00,     0.00,     0.00,     9.34,     0.00,     0.00,     0.00,     0.00,     0.00,     0.84,  -999.99,  -999.99,  -999.99
cty,41469,TX: Victoria County,1981,02,PRCP,     1.25,     0.06,     0.00,     3.42,    14.91,     2.85,     0.00,     0.00,     0.00,     0.00,     0.00,     0.00,     0.00,     0.00,     0.00,     0.00,     0.00,     0.00,     0.00,     0.00,     0.00,     1.54,     0.00,     0.00,     4.45,     3.82,     0.00,     0.00,  -999.99,  -999.99,  -999.99
cty,41471,TX: Walker County,1981,02,PRCP,     6.57,     0.00,     0.00,     1.07,    10.67,    11.32,     0.02,     0.00,     0.00,    15.99,     0.03,     0.00,     0.00,     0.00,     0.00,     0.00,     0.00,     0.00,     0.00,     0.00,     0.00,    11.64,     0.00,     0.00,     0.00,     1.36,     0.00,     0.00,  -999.99,  -999.99,  -999.99
cty,41473,TX: Waller County,1981,02,PRCP,     5.80,     0.00,     0.00,     2.52,     9.44,    10.91,     0.00,     0.00,     0.00,     6.86,     0.00,     0.00,     0.00,     0.00,     0.00,     0.00,     0.00,     0.00,     0.00,     0.00,     0.00,     6.75,     0.00,     0.00,     4.65,     6.13,     0.00,     0.00,  -999.99,  -999.99,  -999.99
cty,41475,TX: Ward County,1981,02,PRCP,     0.00,     0.00,     0.00,     0.00,     0.00,     0.00,     0.00,     0.00,     0.00,     0.00,     0.00,     0.00,     0.00,     0.00,     0.00,     0.00,     0.00,     0.00,     0.00,     0.00,     0.00,     0.00,     0.00,     0.00,     0.00,     0.00,     0.00,    10.15,  -999.99,  -999.99,  -999.99
cty,41477,TX: Washington County,1981,02,PRCP,     3.04,     0.00,     0.00,     3.46,    11.76,     7.15,     0.01,     0.00,     0.00,     7.93,     0.02,     0.00,     0.00,     0.00,     0.00,     0.00,     0.00,     0.00,     0.00,     0.00,     0.00,     4.87,     0.00,     0.00,     2.23,     2.03,     0.04,     0.00,  -999.99,  -999.99,  -999.99
cty,41479,TX: Webb County,1981,02,PRCP,     0.00,     0.00,     0.00,     4.71,     6.00,     0.43,     0.02,     0.00,     0.00,     0.00,     0.00,     0.01,     0.95,     1.91,     0.00,     0.00,     0.00,     0.00,     0.00,     0.00,     0.00,     0.00,     0.00,     0.00,     1.03,     0.00,     0.00,     0.00,  -999.99,  -999.99,  -999.99
cty,41481,TX: Wharton County,1981,02,PRCP,     3.30,     0.81,     0.00,     1.41,     8.70,     7.71,     0.00,     0.00,     0.00,     1.38,     0.00,     0.00,     0.00,     0.00,     0.00,     0.00,     0.00,     0.00,     0.00,     0.00,     0.00,     3.77,     0.00,     0.00,     4.95,     5.89,     0.00,     0.00,  -999.99,  -999.99,  -999.99
cty,41483,TX: Wheeler County,1981,02,PRCP,     0.00,     0.00,     0.00,     0.00,     0.00,     0.00,     0.00,     0.00,     0.00,     3.18,     0.00,     0.00,     0.00,     0.00,     0.00,     0.00,     0.00,     0.00,     0.00,     0.00,     0.00,     1.41,     0.00,     0.00,     0.00,     0.00,     0.00,     0.95,  -999.99,  -999.99,  -999.99
cty,41485,TX: Wichita County,1981,02,PRCP,     1.63,     0.00,     0.00,     0.00,     0.00,     0.00,     0.00,     0.00,     0.00,    11.31,     0.00,     0.00,     0.00,     0.00,     0.00,     0.00,     0.00,     0.00,     0.00,     0.00,     0.00,     0.00,     0.00,     0.00,     0.00,     0.00,     0.00,    59.01,  -999.99,  -999.99,  -999.99
cty,41487,TX: Wilbarger County,1981,02,PRCP,     0.32,     0.00,     0.00,     0.00,     0.00,     0.00,     0.00,     0.00,     0.00,     5.91,     0.00,     0.00,     0.00,     0.00,     0.00,     0.00,     0.00,     0.00,     0.00,     0.00,     0.00,     0.02,     0.00,     0.00,     0.00,     0.00,     0.00,    33.73,  -999.99,  -999.99,  -999.99
cty,41489,TX: Willacy County,1981,02,PRCP,     0.00,     0.00,     0.00,     3.96,     7.38,     0.00,     0.00,     0.00,     0.00,     0.00,     0.00,     0.00,     2.53,     3.42,     1.32,     0.00,     0.00,     0.76,     0.00,     0.00,     0.00,     0.00,     0.00,     0.00,     0.34,     0.07,     0.00,     0.00,  -999.99,  -999.99,  -999.99
cty,41491,TX: Williamson County,1981,02,PRCP,     4.13,     0.00,     0.00,     3.64,    18.83,     4.33,     0.02,     0.00,     0.02,    17.66,     0.00,     0.00,     0.00,     0.00,     0.00,     0.00,     0.00,     0.00,     0.00,     0.00,     0.00,     1.94,     0.00,     0.00,     0.00,     0.42,     0.02,     0.03,  -999.99,  -999.99,  -999.99
cty,41493,TX: Wilson County,1981,02,PRCP,     0.18,     0.00,     0.00,     9.59,    15.00,     1.55,     0.00,     0.00,     0.00,     0.00,     0.00,     0.00,     0.00,     0.00,     0.00,     0.00,     0.00,     0.00,     0.00,     0.00,     0.00,     0.00,     0.00,     0.00,     0.45,     0.39,     0.00,     0.00,  -999.99,  -999.99,  -999.99
cty,41495,TX: Winkler County,1981,02,PRCP,     0.00,     0.00,     0.00,     0.00,     0.00,     0.00,     0.00,     0.00,     0.00,     0.00,     0.00,     0.00,     0.00,     0.00,     0.00,     0.00,     0.00,     0.00,     0.00,     0.00,     0.00,     0.00,     0.00,     0.00,     0.00,     0.00,     0.00,    16.21,  -999.99,  -999.99,  -999.99
cty,41497,TX: Wise County,1981,02,PRCP,     2.56,     0.00,     0.00,     0.00,     0.99,     0.00,     0.00,     0.00,     0.00,     8.91,     0.00,     0.00,     0.00,     0.00,     0.00,     0.00,     0.00,     0.00,     0.00,     0.00,     0.09,     0.15,     0.00,     0.00,     0.00,     0.00,     0.00,     9.13,  -999.99,  -999.99,  -999.99
cty,41499,TX: Wood County,1981,02,PRCP,    21.84,     0.00,     0.00,     0.00,     3.97,     1.01,     0.00,     0.00,     0.00,    14.66,     0.00,     0.00,     0.00,     0.00,     0.00,     0.00,     0.00,     0.00,     0.00,     0.00,     0.00,    10.61,     0.00,     0.00,     0.00,     0.00,     0.00,     1.34,  -999.99,  -999.99,  -999.99
cty,41501,TX: Yoakum County,1981,02,PRCP,     0.00,     0.00,     0.00,     0.00,     0.00,     0.00,     0.00,     0.00,     0.00,     1.62,     0.00,     0.00,     0.00,     0.00,     0.00,     0.00,     0.00,     0.00,     0.00,     0.00,     0.00,     0.00,     0.00,     0.00,     0.00,     0.00,     0.00,    10.04,  -999.99,  -999.99,  -999.99
cty,41503,TX: Young County,1981,02,PRCP,     0.52,     0.00,     0.00,     0.01,     0.60,     0.00,     0.00,     0.00,     0.00,     6.09,     0.00,     0.00,     0.00,     0.00,     0.00,     0.00,     0.00,     0.00,     0.00,     0.00,     0.00,     0.00,     0.00,     0.00,     0.00,     0.00,     0.00,    28.30,  -999.99,  -999.99,  -999.99
cty,41505,TX: Zapata County,1981,02,PRCP,     0.00,     0.00,     0.00,     3.71,     4.61,     0.00,     0.00,     0.00,     0.00,     0.00,     0.00,     0.00,     1.32,     6.16,     0.50,     0.00,     0.23,     0.30,     0.00,     0.00,     0.00,     0.00,     0.00,     0.00,     2.60,     0.00,     0.00,     0.00,  -999.99,  -999.99,  -999.99
cty,41507,TX: Zavala County,1981,02,PRCP,     0.00,     0.00,     0.00,     5.05,     4.74,     0.88,     0.00,     0.00,     0.00,     0.00,     0.00,     0.00,     0.14,     3.93,     0.00,     0.00,     0.00,     0.00,     0.00,     0.00,     0.00,     0.00,     0.00,     0.00,     0.00,     0.00,     0.00,     0.00,  -999.99,  -999.99,  -999.99
cty,42001,UT: Beaver County,1981,02,PRCP,     0.28,     0.00,     0.00,     0.00,     0.00,     0.00,     0.00,     0.00,     2.00,     0.83,     0.18,     0.17,     0.03,     0.00,     0.00,     0.00,     0.00,     0.00,     0.00,     0.28,     0.21,     0.00,     0.00,     0.00,     0.00,     3.59,     3.71,     0.14,  -999.99,  -999.99,  -999.99
cty,42003,UT: Box Elder County,1981,02,PRCP,     0.43,     0.00,     0.00,     0.00,     0.00,     0.00,     0.00,     0.00,     0.00,     0.09,     0.00,     0.37,     0.02,     0.00,     0.00,     0.01,     1.11,     0.00,     0.00,     0.56,     0.08,     0.00,     0.00,     0.00,     0.00,     1.10,     1.23,     0.00,  -999.99,  -999.99,  -999.99
cty,42005,UT: Cache County,1981,02,PRCP,     5.25,     0.07,     0.00,     0.00,     0.00,     0.00,     0.01,     0.01,     0.04,     4.10,     0.20,     1.53,     0.50,     0.00,     0.00,     0.00,     0.65,     0.17,     0.00,     8.29,     2.18,     0.00,     0.01,     0.00,     0.00,    10.86,     3.36,     0.00,  -999.99,  -999.99,  -999.99
cty,42007,UT: Carbon County,1981,02,PRCP,     2.74,     0.07,     0.00,     0.00,     0.00,     0.00,     0.00,     0.00,     0.11,     2.71,     0.14,     0.06,     0.00,     0.00,     0.00,     0.00,     0.00,     0.00,     0.00,     0.10,     0.16,     0.00,     0.00,     0.00,     0.00,     0.23,     8.27,     0.00,  -999.99,  -999.99,  -999.99
cty,42009,UT: Daggett County,1981,02,PRCP,     6.07,     0.00,     0.02,     0.00,     0.00,     0.00,     0.04,     0.01,     0.00,     2.97,     0.12,     0.00,     0.00,     0.00,     0.14,     0.00,     0.00,     0.00,     0.00,     0.00,     0.09,     0.00,     0.00,     0.00,     0.00,     0.09,     1.44,     0.33,  -999.99,  -999.99,  -999.99
cty,42011,UT: Davis County,1981,02,PRCP,     4.35,     0.10,     0.07,     0.04,     0.04,     0.00,     0.04,     0.04,     0.08,     3.47,     0.14,     5.42,     1.20,     0.00,     0.00,     0.00,     0.00,     0.26,     0.00,     7.38,     1.80,     0.00,     0.00,     0.00,     0.13,    14.04,     5.89,     0.05,  -999.99,  -999.99,  -999.99
cty,42013,UT: Duchesne County,1981,02,PRCP,     5.85,     0.01,     0.01,     0.02,     0.00,     0.00,     0.01,     0.01,     0.00,     2.14,     0.32,     0.04,     0.03,     0.00,     0.04,     0.00,     0.02,     0.00,     0.01,     1.26,     1.12,     0.00,     0.00,     0.01,     0.00,     0.47,     5.17,     0.15,  -999.99,  -999.99,  -999.99
cty,42015,UT: Emery County,1981,02,PRCP,     0.50,     0.03,     0.00,     0.00,     0.00,     0.00,     0.00,     0.00,     0.78,     1.13,     0.17,     0.03,     0.00,     0.00,     0.00,     0.00,     0.00,     0.00,     0.00,     0.01,     0.08,     0.00,     0.00,     0.00,     0.00,     0.26,     3.17,     0.01,  -999.99,  -999.99,  -999.99
cty,42017,UT: Garfield County,1981,02,PRCP,     0.41,     0.00,     0.00,     0.00,     0.00,     0.00,     0.00,     0.00,     2.38,     1.97,     0.52,     0.05,     0.01,     0.00,     0.00,     0.00,     0.00,     0.00,     0.01,     0.41,     0.02,     0.00,     0.00,     0.00,     0.00,     0.45,     1.76,     0.14,  -999.99,  -999.99,  -999.99
cty,42019,UT: Grand County,1981,02,PRCP,     1.08,     0.01,     0.01,     0.00,     0.00,     0.00,     0.00,     0.00,     0.75,     1.84,     0.03,     0.02,     0.00,     0.00,     0.00,     0.00,     0.00,     0.00,     0.00,     0.01,     0.02,     0.00,     0.00,     0.00,     0.00,     0.14,     2.99,     0.00,  -999.99,  -999.99,  -999.99
cty,42021,UT: Iron County,1981,02,PRCP,     0.18,     0.00,     0.00,     0.00,     0.00,     0.00,     0.00,     0.00,     2.73,     1.16,     0.32,     0.03,     0.01,     0.00,     0.00,     0.00,     0.00,     0.00,     0.00,     0.37,     0.32,     0.00,     0.01,     0.04,     0.00,     6.60,     3.93,     0.06,  -999.99,  -999.99,  -999.99
cty,42023,UT: Juab County,1981,02,PRCP,     1.38,     0.05,     0.00,     0.00,     0.00,     0.00,     0.00,     0.00,     0.50,     0.23,     0.15,     0.65,     0.01,     0.00,     0.00,     0.00,     0.00,     0.00,     0.00,     0.08,     0.17,     0.00,     0.00,     0.00,     0.00,     0.85,     6.08,     0.04,  -999.99,  -999.99,  -999.99
cty,42025,UT: Kane County,1981,02,PRCP,     0.05,     0.00,     0.00,     0.00,     0.00,     0.00,     0.00,     0.00,     3.68,     2.49,     0.08,     0.00,     0.00,     0.00,     0.00,     0.00,     0.00,     0.00,     0.00,     0.07,     0.00,     0.00,     0.00,     0.00,     0.00,     1.16,     2.50,     0.02,  -999.99,  -999.99,  -999.99
cty,42027,UT: Millard County,1981,02,PRCP,     0.38,     0.00,     0.00,     0.00,     0.00,     0.00,     0.00,     0.00,     1.06,     0.15,     0.11,     0.40,     0.00,     0.00,     0.00,     0.00,     0.00,     0.00,     0.00,     0.00,     0.09,     0.00,     0.00,     0.00,     0.00,     0.68,     2.40,     0.02,  -999.99,  -999.99,  -999.99
cty,42029,UT: Morgan County,1981,02,PRCP,     6.11,     0.00,     0.22,     0.00,     0.01,     0.00,     0.14,     0.00,     0.02,     4.29,     0.27,     2.20,     0.86,     0.00,     0.00,     0.00,     0.08,     0.20,     0.03,     6.51,     2.34,     0.04,     0.00,     0.00,     0.00,     9.49,     6.05,     0.01,  -999.99,  -999.99,  -999.99
cty,42031,UT: Piute County,1981,02,PRCP,     1.51,     0.02,     0.03,     0.00,     0.00,     0.00,     0.00,     0.00,     0.93,     3.47,     1.15,     0.91,     0.01,     0.00,     0.00,     0.00,     0.00,     0.00,     0.00,     0.54,     0.16,     0.00,     0.00,     0.00,     0.00,     2.70,     2.99,     0.49,  -999.99,  -999.99,  -999.99
cty,42033,UT: Rich County,1981,02,PRCP,     2.84,     0.00,     0.00,     0.00,     0.00,     0.00,     0.01,     0.00,     0.00,     2.60,     0.19,     0.00,     0.00,     0.00,     0.00,     0.00,     0.07,     0.00,     0.00,     2.51,     0.91,     0.00,     0.00,     0.00,     0.00,     2.51,     2.43,     0.00,  -999.99,  -999.99,  -999.99
cty,42035,UT: Salt Lake County,1981,02,PRCP,     4.25,     0.10,     0.11,     0.00,     0.00,     0.00,     0.09,     0.00,     0.05,     2.71,     0.13,     2.75,     0.07,     0.00,     0.00,     0.00,     0.40,     0.15,     0.01,     4.30,     1.98,     0.00,     0.00,     0.00,     0.04,     8.17,     8.20,     0.00,  -999.99,  -999.99,  -999.99
cty,42037,UT: San Juan County,1981,02,PRCP,     0.18,     0.00,     0.00,     0.00,     0.00,     0.00,     0.00,     0.00,     4.80,     1.92,     0.02,     0.01,     0.00,     0.00,     0.00,     0.00,     0.00,     0.00,     0.00,     0.01,     0.00,     0.00,     0.00,     0.00,     0.00,     0.25,     1.51,     0.00,  -999.99,  -999.99,  -999.99
cty,42039,UT: Sanpete County,1981,02,PRCP,     3.66,     1.09,     0.01,     0.00,     0.00,     0.00,     0.00,     0.00,     0.89,     4.85,     1.88,     1.22,     0.08,     0.00,     0.00,     0.00,     0.00,     0.00,     0.00,     0.80,     1.71,     0.00,     0.00,     0.00,     0.00,     0.27,     5.87,     0.10,  -999.99,  -999.99,  -999.99
cty,42041,UT: Sevier County,1981,02,PRCP,     2.43,     0.05,     0.01,     0.00,     0.00,     0.00,     0.00,     0.00,     0.30,     3.93,     1.96,     0.76,     0.02,     0.00,     0.00,     0.00,     0.00,     0.00,     0.00,     0.24,     1.16,     0.00,     0.00,     0.00,     0.00,     1.01,     4.26,     0.27,  -999.99,  -999.99,  -999.99
cty,42043,UT: Summit County,1981,02,PRCP,     9.65,     0.76,     0.21,     0.16,     0.00,     0.00,     0.25,     0.00,     0.24,     4.93,     1.22,     0.34,     0.22,     0.07,     0.10,     0.00,     0.04,     0.06,     0.01,     4.11,     2.14,     0.06,     0.00,     0.16,     0.90,     2.63,     5.80,     0.18,  -999.99,  -999.99,  -999.99
cty,42045,UT: Tooele County,1981,02,PRCP,     0.81,     0.02,     0.01,     0.00,     0.00,     0.00,     0.00,     0.00,     0.00,     0.05,     0.10,     0.82,     0.00,     0.00,     0.00,     0.00,     0.21,     0.01,     0.01,     0.30,     0.27,     0.01,     0.01,     0.00,     0.01,     0.74,     4.01,     0.12,  -999.99,  -999.99,  -999.99
cty,42047,UT: Uintah County,1981,02,PRCP,     3.31,     0.01,     0.00,     0.00,     0.01,     0.00,     0.00,     0.00,     0.01,     1.88,     0.00,     0.03,     0.00,     0.00,     0.01,     0.00,     0.00,     0.00,     0.00,     0.22,     0.08,     0.01,     0.00,     0.00,     0.00,     0.02,     5.28,     0.31,  -999.99,  -999.99,  -999.99
cty,42049,UT: Utah County,1981,02,PRCP,     3.25,     0.40,     0.00,     0.00,     0.00,     0.00,     0.00,     0.00,     0.13,     2.50,     0.65,     1.71,     0.01,     0.01,     0.00,     0.00,     0.00,     0.00,     0.00,     1.53,     1.82,     0.00,     0.00,     0.01,     0.02,     3.67,     9.28,     0.22,  -999.99,  -999.99,  -999.99
cty,42051,UT: Wasatch County,1981,02,PRCP,     8.45,     0.18,     0.01,     0.00,     0.00,     0.00,     0.01,     0.02,     0.01,     4.99,     0.22,     0.31,     0.03,     0.02,     0.01,     0.00,     0.00,     0.01,     0.01,     4.68,     3.11,     0.00,     0.01,     0.03,     0.02,     4.36,     8.79,     0.02,  -999.99,  -999.99,  -999.99
cty,42053,UT: Washington County,1981,02,PRCP,     0.00,     0.00,     0.00,     0.01,     0.01,     0.01,     0.01,     0.00,     2.67,     5.23,     0.06,     0.00,     0.04,     0.00,     0.00,     0.00,     0.02,     0.00,     0.00,     0.23,     0.08,     0.00,     0.00,     0.02,     0.00,    10.26,     6.07,     0.02,  -999.99,  -999.99,  -999.99
cty,42055,UT: Wayne County,1981,02,PRCP,     0.52,     0.00,     0.00,     0.00,     0.00,     0.00,     0.00,     0.00,     0.99,     1.22,     0.37,     0.06,     0.00,     0.00,     0.00,     0.00,     0.00,     0.00,     0.00,     0.05,     0.11,     0.00,     0.00,     0.00,     0.00,     0.04,     0.35,     0.04,  -999.99,  -999.99,  -999.99
cty,42057,UT: Weber County,1981,02,PRCP,     4.05,     0.00,     0.00,     0.00,     0.00,     0.00,     0.01,     0.00,     0.00,     3.36,     0.16,     2.44,     0.35,     0.00,     0.00,     0.01,     0.06,     0.07,     0.01,     6.19,     1.74,     0.01,     0.01,     0.00,     0.01,    12.16,     4.38,     0.00,  -999.99,  -999.99,  -999.99
cty,43001,VT: Addison County,1981,02,PRCP,     0.00,    27.16,    26.10,     0.00,     0.01,     0.00,     0.16,     0.01,    15.94,     0.00,     2.69,    25.43,     0.00,     0.00,     0.00,     0.00,     0.01,     0.00,     0.00,     2.80,     4.76,     0.33,     0.00,    11.32,    28.44,    17.15,     0.02,     0.00,  -999.99,  -999.99,  -999.99
cty,43003,VT: Bennington County,1981,02,PRCP,     0.00,    29.19,    26.15,     0.00,     0.08,     0.00,     0.24,     1.42,    22.37,     0.00,     3.54,    35.40,     0.00,     0.00,     0.00,     0.00,     1.72,     0.00,     0.00,     7.04,    18.93,     1.71,     0.00,    20.42,    15.16,    22.56,     2.13,     0.00,  -999.99,  -999.99,  -999.99
cty,43005,VT: Caledonia County,1981,02,PRCP,     0.00,    18.34,    25.21,     0.00,     0.01,     0.00,     0.25,     0.53,    16.55,     0.00,     2.64,    27.66,     0.00,     0.00,     0.00,     0.00,     0.00,     0.00,     0.00,     2.35,     4.68,     0.77,     0.00,     1.64,    28.22,     9.47,     1.31,     0.01,  -999.99,  -999.99,  -999.99
cty,43007,VT: Chittenden County,1981,02,PRCP,     0.00,    19.34,    27.47,     0.00,     0.01,     0.00,     0.03,     0.00,    13.75,     0.03,     2.36,    25.40,     0.07,     0.00,     0.00,     0.00,     0.00,     0.00,     0.00,     1.05,     1.50,     0.09,     0.00,     6.11,    30.24,    14.69,     0.00,     0.00,  -999.99,  -999.99,  -999.99
cty,43009,VT: Essex County,1981,02,PRCP,     0.00,    14.42,    25.46,     0.00,     0.09,     0.00,     0.24,     0.88,    14.67,     0.00,     2.07,    30.68,     0.00,     0.00,     0.00,     0.00,     0.00,     0.00,     0.00,     0.81,     2.98,     0.53,     0.00,     0.11,    12.36,     3.39,     2.62,     0.00,  -999.99,  -999.99,  -999.99
cty,43011,VT: Franklin County,1981,02,PRCP,     0.00,    12.11,    28.41,     0.00,     0.01,     0.00,     0.03,     0.01,    14.90,     0.35,     1.66,    23.43,     0.74,     0.00,     0.00,     0.00,     0.00,     0.00,     0.00,     0.18,     0.62,     0.13,     0.00,     1.05,    26.44,    14.71,     0.03,     0.00,  -999.99,  -999.99,  -999.99
cty,43013,VT: Grand Isle County,1981,02,PRCP,     0.00,     8.42,    19.60,     0.00,     0.00,     0.00,     0.00,     0.00,    11.29,     0.94,     1.40,    13.01,     0.77,     0.00,     0.00,     0.00,     0.00,     0.00,     0.00,     0.00,     0.48,     0.00,     0.00,     0.79,    22.22,    15.53,     0.00,     0.00,  -999.99,  -999.99,  -999.99
cty,43015,VT: Lamoille County,1981,02,PRCP,     0.00,    16.80,    24.31,     0.00,     0.01,     0.00,     0.16,     0.00,    15.10,     0.00,     2.37,    24.03,     0.03,     0.00,     0.00,     0.00,     0.00,     0.00,     0.00,     1.43,     2.90,     0.41,     0.00,     2.91,    26.82,    11.75,     0.12,     0.00,  -999.99,  -999.99,  -999.99
cty,43017,VT: Orange County,1981,02,PRCP,     0.00,    23.56,    24.23,     0.00,     0.00,     0.00,     0.21,     0.38,    18.56,     0.00,     3.34,    27.53,     0.00,     0.00,     0.00,     0.00,     0.08,     0.00,     0.00,     5.73,    10.88,     1.26,     0.00,     9.72,    43.52,    25.95,     1.61,     0.00,  -999.99,  -999.99,  -999.99
cty,43019,VT: Orleans County,1981,02,PRCP,     0.00,    13.90,    28.08,     0.00,     0.05,     0.00,     0.16,     0.47,    16.44,     0.00,     2.02,    30.14,     0.00,     0.00,     0.00,     0.00,     0.00,     0.00,     0.00,     0.74,     2.05,     0.41,     0.00,     0.44,    21.37,     8.70,     1.30,     0.00,  -999.99,  -999.99,  -999.99
cty,43021,VT: Rutland County,1981,02,PRCP,     0.00,    28.69,    24.53,     0.00,     0.00,     0.00,     0.18,     0.15,    18.85,     0.00,     2.63,    28.12,     0.00,     0.00,     0.00,     0.00,     0.22,     0.00,     0.00,     4.74,     9.67,     0.81,     0.00,    15.68,    23.47,    19.77,     0.58,     0.00,  -999.99,  -999.99,  -999.99
cty,43023,VT: Washington County,1981,02,PRCP,     0.00,    23.42,    26.45,     0.00,     0.00,     0.00,     0.21,     0.08,    18.09,     0.00,     3.16,    28.09,     0.00,     0.00,     0.00,     0.00,     0.03,     0.00,     0.00,     3.84,     7.58,     0.93,     0.00,     8.02,    38.91,    20.34,     0.38,     0.00,  -999.99,  -999.99,  -999.99
cty,43025,VT: Windham County,1981,02,PRCP,     0.00,    21.88,    24.13,     0.00,     0.09,     0.00,     0.35,     1.73,    14.89,     0.00,     5.67,    35.64,     0.00,     0.00,     0.00,     0.00,     1.63,     0.00,     0.00,    10.76,    38.18,     5.56,     0.01,    27.30,    24.69,    30.05,     3.88,     0.00,  -999.99,  -999.99,  -999.99
cty,43027,VT: Windsor County,1981,02,PRCP,     0.00,    23.68,    22.35,     0.01,     0.00,     0.00,     0.33,     0.64,    17.12,     0.00,     4.43,    28.70,     0.00,     0.00,     0.00,     0.00,     0.49,     0.00,     0.00,     8.31,    20.21,     2.55,     0.00,    19.66,    36.94,    32.17,     2.89,     0.00,  -999.99,  -999.99,  -999.99
cty,44001,VA: Accomack County,1981,02,PRCP,     0.00,     1.70,    13.84,     0.00,     0.00,     0.00,     0.00,    10.08,     5.50,     0.00,     1.83,    14.03,     0.00,     0.00,     0.00,     0.00,     0.00,     0.00,     0.00,     1.97,    20.21,     4.55,     0.78,     7.83,     0.22,     0.00,     0.00,     0.00,  -999.99,  -999.99,  -999.99
cty,44003,VA: Albemarle County,1981,02,PRCP,     0.00,    17.78,     1.86,     0.00,     0.00,     0.00,     0.00,     0.24,     1.67,     0.01,    33.40,     4.20,     0.00,     0.00,     0.00,     0.00,     0.01,     0.17,     0.09,    30.77,     3.71,     0.08,     0.72,     3.88,     0.00,     0.00,     0.00,     0.00,  -999.99,  -999.99,  -999.99
cty,44005,VA: Alleghany County,1981,02,PRCP,     0.00,    20.48,     0.26,     0.00,     0.00,     0.00,     0.00,     0.00,     0.38,     0.00,    23.61,     1.09,     0.00,     0.00,     0.00,     0.00,     1.99,     0.44,     0.55,     7.79,     0.39,     0.00,     2.30,     7.51,     0.00,     0.00,     0.00,     0.00,  -999.99,  -999.99,  -999.99
cty,44007,VA: Amelia County,1981,02,PRCP,     0.00,    10.06,     3.48,     0.00,     0.00,     0.00,     0.00,     6.41,     0.78,     0.00,    21.40,     5.78,     0.00,     0.00,     0.00,     0.00,     0.00,     0.00,     0.85,    14.77,     5.07,     0.00,     0.33,     1.88,     0.00,     0.00,     0.00,     0.00,  -999.99,  -999.99,  -999.99
cty,44009,VA: Amherst County,1981,02,PRCP,     0.00,    24.61,     1.03,     0.00,     0.00,     0.00,     0.00,     0.07,     1.88,     0.00,    40.08,     3.74,     0.00,     0.00,     0.00,     0.00,     0.03,     0.23,     0.33,    31.69,     0.51,     0.00,     0.00,     9.12,     0.00,     0.00,     0.00,     0.00,  -999.99,  -999.99,  -999.99
cty,44011,VA: Appomattox County,1981,02,PRCP,     0.00,    19.50,     1.66,     0.00,     0.00,     0.00,     0.00,     2.12,     1.47,     0.00,    37.88,     3.03,     0.00,     0.00,     0.00,     0.00,     0.00,     0.01,     0.97,    32.24,     0.48,     0.00,     0.00,     4.32,     0.00,     0.00,     0.00,     0.00,  -999.99,  -999.99,  -999.99
cty,44013,VA: Arlington County,1981,02,PRCP,     0.00,    10.63,     7.21,     0.00,     0.00,     0.00,     0.00,     0.18,     6.26,     0.00,    13.31,     6.65,     0.00,     0.00,     0.00,     0.00,     0.35,     0.00,     0.00,    13.92,     7.83,     1.30,     7.38,    10.75,     0.00,     0.00,     0.00,     0.00,  -999.99,  -999.99,  -999.99
cty,44015,VA: Augusta County,1981,02,PRCP,     0.00,    20.06,     0.76,     0.00,     0.00,     0.00,     0.00,     0.00,     0.73,     0.00,    31.30,     1.07,     0.00,     0.00,     0.00,     0.00,     0.21,     0.22,     0.03,    17.85,     1.64,     0.04,     0.02,     6.99,     0.00,     0.00,     0.00,     0.00,  -999.99,  -999.99,  -999.99
cty,44017,VA: Bath County,1981,02,PRCP,     0.00,    25.83,     0.41,     0.00,     0.00,     0.00,     0.00,     0.00,     0.56,     0.00,    28.90,     1.26,     0.00,     0.00,     0.00,     0.00,     1.96,     0.40,     0.42,     8.62,     0.58,     0.01,     0.81,    10.77,     0.00,     0.00,     0.00,     0.00,  -999.99,  -999.99,  -999.99
cty,44019,VA: Bedford County,1981,02,PRCP,     0.00,    20.17,     0.35,     0.00,     0.00,     0.00,     0.00,     0.15,     1.44,     0.00,    32.47,     2.72,     0.00,     0.00,     0.00,     0.00,     0.02,     0.44,     1.04,    24.99,     0.01,     0.00,     0.37,     7.07,     0.00,     0.00,     0.00,     0.00,  -999.99,  -999.99,  -999.99
cty,44021,VA: Bland County,1981,02,PRCP,     0.03,    15.62,     1.18,     0.00,     0.00,     0.00,     0.00,     0.03,     0.27,     0.00,    20.80,     1.28,     0.00,     0.00,     0.00,     0.00,     3.18,     2.61,     1.09,    12.33,     0.44,     0.00,     7.92,     1.54,     0.00,     0.00,     0.00,     0.00,  -999.99,  -999.99,  -999.99
cty,44023,VA: Botetourt County,1981,02,PRCP,     0.00,    19.01,     0.13,     0.00,     0.00,     0.00,     0.00,     0.00,     0.68,     0.00,    25.33,     1.44,     0.00,     0.00,     0.00,     0.00,     0.55,     0.40,     0.55,    12.35,     0.04,     0.00,     1.17,     6.96,     0.00,     0.00,     0.00,     0.00,  -999.99,  -999.99,  -999.99
cty,44025,VA: Brunswick County,1981,02,PRCP,     0.00,     6.59,     3.29,     0.00,     0.00,     0.00,     0.00,     8.10,     0.05,     0.00,    15.35,     9.02,     0.00,     0.00,     0.00,     0.00,     0.00,     0.00,     2.81,    15.41,     1.90,     0.02,     0.01,     0.90,     0.00,     0.00,     0.00,     0.00,  -999.99,  -999.99,  -999.99
cty,44027,VA: Buchanan County,1981,02,PRCP,     0.00,    23.53,     1.51,     0.00,     0.00,     0.00,     0.00,     2.60,     1.47,     0.00,    11.40,     6.89,     0.00,     0.00,     0.00,     0.00,    13.13,     5.14,     0.77,    13.79,     0.34,     0.00,    12.99,     0.90,     0.00,     0.00,     0.00,     0.00,  -999.99,  -999.99,  -999.99
cty,44029,VA: Buckingham County,1981,02,PRCP,     0.00,    17.27,     2.07,     0.00,     0.00,     0.00,     0.00,     2.01,     1.43,     0.00,    34.29,     3.09,     0.00,     0.00,     0.00,     0.00,     0.00,     0.01,     0.26,    27.47,     2.01,     0.00,     0.03,     2.88,     0.00,     0.00,     0.00,     0.00,  -999.99,  -999.99,  -999.99
cty,44031,VA: Campbell County,1981,02,PRCP,     0.00,    18.97,     1.26,     0.00,     0.00,     0.00,     0.00,     1.73,     1.65,     0.00,    35.95,     3.59,     0.00,     0.00,     0.00,     0.00,     0.00,     0.31,     1.73,    33.83,     0.00,     0.00,     0.00,     5.16,     0.00,     0.00,     0.00,     0.00,  -999.99,  -999.99,  -999.99
cty,44033,VA: Caroline County,1981,02,PRCP,     0.00,     9.84,     4.57,     0.00,     0.00,     0.00,     0.00,     5.10,     3.64,     0.00,    16.12,    10.88,     0.00,     0.00,     0.00,     0.00,     0.24,     0.00,     0.13,     9.32,    18.20,     1.49,     3.51,     5.64,     0.27,     0.00,     0.00,     0.00,  -999.99,  -999.99,  -999.99
cty,44035,VA: Carroll County,1981,02,PRCP,     0.00,    27.01,     0.03,     0.00,     0.00,     0.00,     0.00,     0.59,     0.20,     0.00,    42.69,     3.30,     0.00,     0.00,     0.00,     0.00,     0.89,     1.79,     3.58,    10.86,     0.00,     0.00,     9.75,     1.19,     0.00,     0.00,     0.00,     0.00,  -999.99,  -999.99,  -999.99
cty,44036,VA: Charles City County,1981,02,PRCP,     0.00,     4.73,     6.90,     0.00,     0.00,     0.00,     0.00,    10.64,     1.32,     0.00,    10.51,    13.53,     0.00,     0.00,     0.00,     0.00,     0.00,     0.00,     0.05,     6.25,    12.93,     1.86,     0.89,     4.01,     0.00,     0.00,     0.00,     0.00,  -999.99,  -999.99,  -999.99
cty,44037,VA: Charlotte County,1981,02,PRCP,     0.00,    16.02,     1.87,     0.00,     0.00,     0.00,     0.00,     5.74,     0.71,     0.00,    32.06,     3.17,     0.00,     0.00,     0.00,     0.00,     0.00,     0.00,     3.63,    24.21,     0.22,     0.00,     0.00,     2.98,     0.00,     0.00,     0.00,     0.00,  -999.99,  -999.99,  -999.99
cty,44041,VA: Chesterfield County,1981,02,PRCP,     0.00,     7.89,     4.75,     0.00,     0.00,     0.00,     0.00,     8.35,     1.01,     0.00,    16.90,     9.88,     0.00,     0.00,     0.00,     0.00,     0.00,     0.00,     0.51,    10.84,     9.69,     0.68,     0.83,     2.51,     0.00,     0.00,     0.00,     0.00,  -999.99,  -999.99,  -999.99
cty,44043,VA: Clarke County,1981,02,PRCP,     0.00,    17.78,     4.01,     0.00,     0.00,     0.00,     0.00,     0.00,     3.78,     0.00,    16.89,     2.29,     0.00,     0.00,     0.00,     0.00,     0.43,     0.37,     0.01,    22.93,     8.04,     1.22,     8.00,     7.04,     0.01,     0.00,     0.00,     0.02,  -999.99,  -999.99,  -999.99
cty,44045,VA: Craig County,1981,02,PRCP,     0.00,    21.61,     0.21,     0.00,     0.00,     0.00,     0.00,     0.00,     0.26,     0.00,    26.64,     1.71,     0.00,     0.00,     0.00,     0.00,     1.48,     0.81,     0.85,     7.77,     0.21,     0.00,     3.80,     4.90,     0.00,     0.00,     0.00,     0.00,  -999.99,  -999.99,  -999.99
cty,44047,VA: Culpeper County,1981,02,PRCP,     0.00,    17.06,     4.56,     0.00,     0.00,     0.00,     0.00,     0.33,     2.95,     0.00,    27.63,     7.96,     0.00,     0.00,     0.00,     0.00,     0.62,     0.32,     0.00,    25.33,    12.02,     0.81,     5.70,     4.97,     0.05,     0.00,     0.00,     0.00,  -999.99,  -999.99,  -999.99
cty,44049,VA: Cumberland County,1981,02,PRCP,     0.00,    13.73,     2.73,     0.00,     0.00,     0.00,     0.00,     3.86,     1.19,     0.00,    27.14,     3.83,     0.00,     0.00,     0.00,     0.00,     0.00,     0.04,     0.42,    18.97,     3.84,     0.00,     0.26,     2.09,     0.00,     0.00,     0.00,     0.01,  -999.99,  -999.99,  -999.99
cty,44051,VA: Dickenson County,1981,02,PRCP,     0.00,    27.36,     1.20,     0.00,     0.00,     0.00,     0.00,     2.99,     0.51,     0.00,    15.04,     6.12,     0.00,     0.00,     0.00,     0.00,    12.78,     5.39,     1.13,    12.81,     0.07,     0.00,    12.63,     0.41,     0.00,     0.00,     0.00,     0.00,  -999.99,  -999.99,  -999.99
cty,44053,VA: Dinwiddie County,1981,02,PRCP,     0.00,     7.06,     5.00,     0.00,     0.00,     0.00,     0.00,     9.59,     0.36,     0.00,    17.25,    11.68,     0.00,     0.00,     0.00,     0.00,     0.00,     0.00,     1.54,    13.84,     6.35,     0.03,     0.30,     1.96,     0.00,     0.00,     0.00,     0.00,  -999.99,  -999.99,  -999.99
cty,44057,VA: Essex County,1981,02,PRCP,     0.00,     6.64,     6.65,     0.00,     0.00,     0.00,     0.00,     6.77,     4.35,     0.00,    11.22,    12.28,     0.00,     0.00,     0.00,     0.00,     0.02,     0.00,     0.01,     5.71,    18.45,     2.49,     2.81,     6.99,     0.27,     0.00,     0.00,     0.00,  -999.99,  -999.99,  -999.99
cty,44059,VA: Fairfax County,1981,02,PRCP,     0.00,    11.86,     6.34,     0.00,     0.00,     0.00,     0.00,     0.35,     5.56,     0.00,    14.90,     6.07,     0.00,     0.00,     0.00,     0.00,     0.56,     0.02,     0.00,    15.41,     8.85,     1.21,     7.75,     9.59,     0.03,     0.00,     0.00,     0.00,  -999.99,  -999.99,  -999.99
cty,44061,VA: Fauquier County,1981,02,PRCP,     0.00,    17.07,     5.06,     0.00,     0.00,     0.00,     0.00,     0.22,     4.33,     0.00,    23.22,     6.17,     0.00,     0.00,     0.00,     0.00,     1.05,     0.46,     0.02,    23.84,    11.15,     1.07,     8.38,     6.42,     0.03,     0.00,     0.00,     0.00,  -999.99,  -999.99,  -999.99
cty,44063,VA: Floyd County,1981,02,PRCP,     0.03,    27.23,     0.09,     0.00,     0.00,     0.00,     0.00,     0.07,     0.10,     0.00,    42.27,     2.94,     0.00,     0.00,     0.00,     0.00,     0.45,     1.32,     1.60,    12.34,     0.06,     0.00,     5.76,     1.98,     0.00,     0.00,     0.00,     0.00,  -999.99,  -999.99,  -999.99
cty,44065,VA: Fluvanna County,1981,02,PRCP,     0.00,    15.28,     2.80,     0.00,     0.00,     0.00,     0.00,     1.69,     1.58,     0.00,    28.35,     4.71,     0.00,     0.00,     0.00,     0.00,     0.01,     0.18,     0.00,    21.01,     5.52,     0.02,     0.88,     2.63,     0.00,     0.00,     0.00,     0.00,  -999.99,  -999.99,  -999.99
cty,44067,VA: Franklin County,1981,02,PRCP,     0.00,    20.60,     0.18,     0.00,     0.00,     0.00,     0.00,     0.67,     0.36,     0.00,    30.85,     2.74,     0.00,     0.00,     0.00,     0.00,     0.00,     0.73,     2.05,    15.82,     0.00,     0.00,     1.50,     3.99,     0.00,     0.00,     0.00,     0.00,  -999.99,  -999.99,  -999.99
cty,44069,VA: Frederick County,1981,02,PRCP,     0.00,    17.93,     2.37,     0.00,     0.00,     0.00,     0.00,     0.00,     2.94,     0.00,    15.15,     1.45,     0.00,     0.00,     0.00,     0.00,     0.03,     0.11,     0.00,    18.49,     8.75,     1.15,     4.80,     5.66,     0.21,     0.00,     0.00,     0.00,  -999.99,  -999.99,  -999.99
cty,44071,VA: Giles County,1981,02,PRCP,     0.01,    19.96,     0.85,     0.00,     0.00,     0.00,     0.00,     0.00,     0.35,     0.00,    25.37,     2.15,     0.00,     0.00,     0.00,     0.00,     3.36,     1.82,     0.82,    11.89,     0.89,     0.00,     6.75,     3.42,     0.00,     0.00,     0.00,     0.00,  -999.99,  -999.99,  -999.99
cty,44073,VA: Gloucester County,1981,02,PRCP,     0.00,     2.93,    10.47,     0.00,     0.00,     0.00,     0.00,     9.99,     3.84,     0.00,     5.89,    14.31,     0.00,     0.00,     0.00,     0.00,     0.00,     0.00,     0.00,     2.40,    15.09,     3.35,     1.00,     5.19,     0.00,     0.00,     0.00,     0.00,  -999.99,  -999.99,  -999.99
cty,44075,VA: Goochland County,1981,02,PRCP,     0.00,    12.54,     3.80,     0.00,     0.00,     0.00,     0.00,     4.53,     1.97,     0.00,    22.27,     6.10,     0.00,     0.00,     0.00,     0.00,     0.00,     0.02,     0.00,    12.69,     9.59,     0.29,     1.25,     2.29,     0.00,     0.00,     0.00,     0.00,  -999.99,  -999.99,  -999.99
cty,44077,VA: Grayson County,1981,02,PRCP,     0.00,    23.13,     1.01,     0.00,     0.00,     0.00,     0.00,     0.21,     0.28,     0.00,    37.87,     2.13,     0.00,     0.00,     0.00,     0.00,     1.26,     2.18,     2.60,    14.57,     0.36,     0.00,    12.40,     1.12,     0.00,     0.00,     0.00,     0.00,  -999.99,  -999.99,  -999.99
cty,44079,VA: Greene County,1981,02,PRCP,     0.00,    20.64,     2.02,     0.00,     0.00,     0.00,     0.00,     0.00,     2.63,     0.00,    34.62,     5.24,     0.00,     0.00,     0.00,     0.00,     0.16,     0.38,     0.06,    32.79,     5.70,     0.52,     1.75,     5.12,     0.00,     0.00,     0.00,     0.00,  -999.99,  -999.99,  -999.99
cty,44081,VA: Greensville County,1981,02,PRCP,     0.00,     5.89,     4.81,     0.00,     0.00,     0.00,     0.00,     9.01,     0.00,     0.00,    13.64,    13.39,     0.00,     0.00,     0.00,     0.00,     0.00,     0.00,     3.10,    13.09,     2.89,     0.00,     0.00,     0.95,     0.00,     0.00,     0.00,     0.00,  -999.99,  -999.99,  -999.99
cty,44083,VA: Halifax County,1981,02,PRCP,     0.00,    14.93,     1.62,     0.00,     0.00,     0.00,     0.00,     5.62,     0.83,     0.00,    31.73,     3.50,     0.00,     0.00,     0.00,     0.00,     0.00,     0.01,     4.47,    24.68,     0.10,     0.00,     0.00,     2.39,     0.00,     0.00,     0.00,     0.00,  -999.99,  -999.99,  -999.99
cty,44085,VA: Hanover County,1981,02,PRCP,     0.00,     9.99,     4.89,     0.00,     0.00,     0.00,     0.00,     6.49,     2.51,     0.00,    18.03,    10.31,     0.00,     0.00,     0.00,     0.00,     0.00,     0.00,     0.00,     9.95,    15.28,     1.11,     2.14,     3.84,     0.00,     0.00,     0.00,     0.00,  -999.99,  -999.99,  -999.99
cty,44087,VA: Henrico County,1981,02,PRCP,     0.00,     7.86,     5.16,     0.00,     0.00,     0.00,     0.00,     8.18,     1.67,     0.00,    15.67,    10.95,     0.00,     0.00,     0.00,     0.00,     0.00,     0.00,     0.10,     9.07,    13.09,     1.14,     1.34,     3.38,     0.00,     0.00,     0.00,     0.00,  -999.99,  -999.99,  -999.99
cty,44089,VA: Henry County,1981,02,PRCP,     0.00,    18.96,     0.35,     0.00,     0.00,     0.00,     0.00,     2.10,     0.20,     0.00,    34.09,     2.81,     0.00,     0.00,     0.00,     0.00,     0.00,     0.55,     5.64,    17.22,     0.00,     0.00,     1.56,     2.50,     0.00,     0.00,     0.00,     0.00,  -999.99,  -999.99,  -999.99
cty,44091,VA: Highland County,1981,02,PRCP,     0.00,    30.50,     1.02,     0.00,     0.00,     0.00,     0.00,     0.00,     1.31,     0.00,    34.43,     2.07,     0.00,     0.00,     0.00,     0.00,     2.16,     0.44,     0.08,     9.78,     3.56,     0.34,     0.61,    12.83,     0.00,     0.00,     0.00,     0.00,  -999.99,  -999.99,  -999.99
cty,44093,VA: Isle of Wight County,1981,02,PRCP,     0.00,     2.58,    10.48,     0.00,     0.00,     0.00,     0.00,    10.70,     1.49,     0.00,     6.20,    12.98,     0.00,     0.00,     0.00,     0.00,     0.00,     0.00,     0.31,     3.89,    10.11,     1.91,     0.43,     3.00,     0.00,     0.00,     0.00,     0.00,  -999.99,  -999.99,  -999.99
cty,44095,VA: James City County,1981,02,PRCP,     0.00,     3.50,     8.97,     0.00,     0.00,     0.00,     0.00,    10.69,     2.26,     0.00,     7.74,    14.27,     0.00,     0.00,     0.00,     0.00,     0.00,     0.00,     0.00,     3.92,    13.71,     2.60,     0.87,     4.47,     0.00,     0.00,     0.00,     0.00,  -999.99,  -999.99,  -999.99
cty,44097,VA: King and Queen County,1981,02,PRCP,     0.00,     5.61,     7.37,     0.00,     0.00,     0.00,     0.00,     8.34,     3.59,     0.00,    10.33,    13.18,     0.00,     0.00,     0.00,     0.00,     0.00,     0.00,     0.00,     5.05,    17.38,     2.58,     1.97,     6.01,     0.05,     0.00,     0.00,     0.00,  -999.99,  -999.99,  -999.99
cty,44099,VA: King George County,1981,02,PRCP,     0.00,     9.02,     5.40,     0.00,     0.00,     0.00,     0.00,     3.85,     4.95,     0.00,    13.42,    10.38,     0.00,     0.00,     0.00,     0.00,     0.33,     0.00,     0.10,     8.69,    17.32,     1.87,     4.70,     7.85,     0.35,     0.00,     0.00,     0.00,  -999.99,  -999.99,  -999.99
cty,44101,VA: King William County,1981,02,PRCP,     0.00,     6.88,     6.34,     0.00,     0.00,     0.00,     0.00,     8.27,     2.99,     0.00,    12.67,    12.73,     0.00,     0.00,     0.00,     0.00,     0.00,     0.00,     0.00,     6.64,    16.94,     2.02,     2.03,     5.37,     0.01,     0.00,     0.00,     0.00,  -999.99,  -999.99,  -999.99
cty,44103,VA: Lancaster County,1981,02,PRCP,     0.00,     3.77,    10.39,     0.00,     0.00,     0.00,     0.00,     9.17,     5.20,     0.00,     6.67,    14.38,     0.00,     0.00,     0.00,     0.00,     0.00,     0.00,     0.00,     2.81,    19.26,     3.88,     1.68,     7.40,     0.13,     0.00,     0.00,     0.00,  -999.99,  -999.99,  -999.99
cty,44105,VA: Lee County,1981,02,PRCP,     0.00,    41.66,     0.77,     0.00,     0.00,     0.00,     0.00,     4.67,     0.01,     0.00,    30.38,     2.74,     0.00,     0.00,     0.00,     0.00,     7.87,     5.51,     3.21,     9.23,     0.30,     0.00,    14.01,     0.82,     0.00,     0.00,     0.00,     0.00,  -999.99,  -999.99,  -999.99
cty,44107,VA: Loudoun County,1981,02,PRCP,     0.00,    18.58,     6.15,     0.00,     0.00,     0.00,     0.00,     0.03,     5.31,     0.00,    19.82,     3.65,     0.00,     0.00,     0.00,     0.00,     0.86,     0.21,     0.00,    25.16,     9.23,     1.19,    11.07,    10.73,     0.01,     0.00,     0.00,     0.00,  -999.99,  -999.99,  -999.99
cty,44109,VA: Louisa County,1981,02,PRCP,     0.00,    13.45,     3.83,     0.00,     0.00,     0.00,     0.00,     2.38,     2.00,     0.00,    24.09,     7.12,     0.00,     0.00,     0.00,     0.00,     0.02,     0.12,     0.01,    15.42,    10.79,     0.49,     2.15,     2.85,     0.01,     0.00,     0.00,     0.00,  -999.99,  -999.99,  -999.99
cty,44111,VA: Lunenburg County,1981,02,PRCP,     0.00,    11.49,     2.65,     0.00,     0.00,     0.00,     0.00,     7.97,     0.31,     0.00,    24.78,     5.02,     0.00,     0.00,     0.00,     0.00,     0.00,     0.00,     3.53,    18.94,     1.14,     0.01,     0.01,     1.84,     0.00,     0.00,     0.00,     0.00,  -999.99,  -999.99,  -999.99
cty,44113,VA: Madison County,1981,02,PRCP,     0.00,    19.76,     2.72,     0.00,     0.00,     0.00,     0.00,     0.00,     2.93,     0.00,    33.36,     5.99,     0.00,     0.00,     0.00,     0.00,     0.27,     0.33,     0.00,    32.42,     8.55,     0.73,     3.10,     4.89,     0.10,     0.00,     0.00,     0.00,  -999.99,  -999.99,  -999.99
cty,44115,VA: Mathews County,1981,02,PRCP,     0.00,     2.41,    11.84,     0.00,     0.00,     0.00,     0.00,    10.05,     4.76,     0.00,     4.47,    14.38,     0.00,     0.00,     0.00,     0.00,     0.00,     0.00,     0.00,     1.68,    15.90,     3.84,     0.96,     5.61,     0.00,     0.00,     0.00,     0.00,  -999.99,  -999.99,  -999.99
cty,44117,VA: Mecklenburg County,1981,02,PRCP,     0.00,    10.70,     2.30,     0.00,     0.00,     0.00,     0.00,     8.25,     0.37,     0.00,    22.89,     5.49,     0.00,     0.00,     0.00,     0.00,     0.00,     0.00,     3.68,    19.27,     0.50,     0.00,     0.00,     1.02,     0.00,     0.00,     0.00,     0.00,  -999.99,  -999.99,  -999.99
cty,44119,VA: Middlesex County,1981,02,PRCP,     0.00,     3.78,     9.87,     0.00,     0.00,     0.00,     0.00,     9.33,     4.53,     0.00,     6.99,    14.21,     0.00,     0.00,     0.00,     0.00,     0.00,     0.00,     0.00,     2.97,    17.63,     3.51,     1.50,     6.51,     0.01,     0.00,     0.00,     0.00,  -999.99,  -999.99,  -999.99
cty,44121,VA: Montgomery County,1981,02,PRCP,     0.00,    21.04,     0.20,     0.00,     0.00,     0.00,     0.00,     0.00,     0.21,     0.00,    29.18,     2.07,     0.00,     0.00,     0.00,     0.00,     1.14,     1.12,     1.05,    10.86,     0.06,     0.00,     4.16,     2.73,     0.00,     0.00,     0.00,     0.00,  -999.99,  -999.99,  -999.99
cty,44125,VA: Nelson County,1981,02,PRCP,     0.00,    21.43,     1.45,     0.00,     0.00,     0.00,     0.00,     0.10,     1.98,     0.00,    40.16,     3.76,     0.00,     0.00,     0.00,     0.00,     0.01,     0.05,     0.15,    35.25,     1.53,     0.00,     0.01,     6.37,     0.00,     0.00,     0.00,     0.00,  -999.99,  -999.99,  -999.99
cty,44127,VA: New Kent County,1981,02,PRCP,     0.00,     5.25,     7.02,     0.00,     0.00,     0.00,     0.00,     9.62,     2.21,     0.00,    10.70,    13.34,     0.00,     0.00,     0.00,     0.00,     0.00,     0.00,     0.00,     5.68,    14.77,     2.12,     1.28,     4.73,     0.00,     0.00,     0.00,     0.00,  -999.99,  -999.99,  -999.99
cty,44131,VA: Northampton County,1981,02,PRCP,     0.00,     1.50,    13.65,     0.00,     0.00,     0.00,     0.00,    10.01,     5.09,     0.00,     2.18,    13.14,     0.00,     0.00,     0.00,     0.00,     0.00,     0.00,     0.00,     1.17,    16.08,     4.03,     0.67,     5.66,     0.01,     0.00,     0.00,     0.00,  -999.99,  -999.99,  -999.99
cty,44133,VA: Northumberland County,1981,02,PRCP,     0.00,     4.18,    10.35,     0.00,     0.00,     0.00,     0.00,     8.38,     5.90,     0.00,     6.88,    13.96,     0.00,     0.00,     0.00,     0.00,     0.00,     0.00,     0.00,     3.00,    20.86,     4.09,     2.08,     8.72,     0.26,     0.00,     0.00,     0.00,  -999.99,  -999.99,  -999.99
cty,44135,VA: Nottoway County,1981,02,PRCP,     0.00,     9.16,     3.16,     0.00,     0.00,     0.00,     0.00,     6.80,     0.40,     0.00,    21.07,     5.58,     0.00,     0.00,     0.00,     0.00,     0.00,     0.00,     1.78,    16.40,     2.97,     0.05,     0.06,     1.74,     0.00,     0.00,     0.00,     0.00,  -999.99,  -999.99,  -999.99
cty,44137,VA: Orange County,1981,02,PRCP,     0.00,    15.40,     4.42,     0.00,     0.00,     0.00,     0.00,     0.89,     2.04,     0.00,    27.62,     8.60,     0.00,     0.00,     0.00,     0.00,     0.35,     0.25,     0.01,    21.09,    12.14,     0.63,     3.74,     3.80,     0.08,     0.00,     0.00,     0.00,  -999.99,  -999.99,  -999.99
cty,44139,VA: Page County,1981,02,PRCP,     0.00,    20.53,     2.88,     0.00,     0.00,     0.00,     0.00,     0.00,     2.49,     0.00,    27.38,     3.69,     0.00,     0.00,     0.00,     0.00,     0.51,     0.51,     0.05,    26.08,    11.37,     0.99,     2.23,     5.73,     0.13,     0.00,     0.00,     0.00,  -999.99,  -999.99,  -999.99
cty,44141,VA: Patrick County,1981,02,PRCP,     0.01,    28.26,     0.00,     0.00,     0.00,     0.00,     0.00,     1.29,     0.10,     0.04,    41.07,     3.25,     0.00,     0.00,     0.00,     0.00,     0.34,     0.85,     4.36,     8.46,     0.00,     0.00,     5.45,     1.43,     0.00,     0.00,     0.00,     0.00,  -999.99,  -999.99,  -999.99
cty,44143,VA: Pittsylvania County,1981,02,PRCP,     0.00,    18.62,     1.00,     0.00,     0.00,     0.00,     0.00,     3.21,     0.97,     0.00,    36.38,     3.38,     0.00,     0.00,     0.00,     0.00,     0.00,     0.60,     5.59,    30.84,     0.00,     0.00,     0.38,     4.25,     0.01,     0.00,     0.00,     0.00,  -999.99,  -999.99,  -999.99
cty,44145,VA: Powhatan County,1981,02,PRCP,     0.00,    11.00,     3.64,     0.00,     0.00,     0.00,     0.00,     5.64,     1.48,     0.00,    20.63,     5.60,     0.00,     0.00,     0.00,     0.00,     0.00,     0.00,     0.12,    11.96,     7.76,     0.11,     0.79,     1.95,     0.00,     0.00,     0.00,     0.00,  -999.99,  -999.99,  -999.99
cty,44147,VA: Prince Edward County,1981,02,PRCP,     0.00,    15.36,     2.25,     0.00,     0.00,     0.00,     0.00,     5.43,     0.70,     0.00,    31.40,     3.13,     0.00,     0.00,     0.00,     0.00,     0.00,     0.00,     2.12,    22.79,     1.15,     0.00,     0.00,     2.70,     0.00,     0.00,     0.00,     0.01,  -999.99,  -999.99,  -999.99
cty,44149,VA: Prince George County,1981,02,PRCP,     0.00,     5.50,     6.53,     0.00,     0.00,     0.00,     0.00,    11.92,     0.58,     0.00,    13.19,    14.62,     0.00,     0.00,     0.00,     0.00,     0.00,     0.00,     0.60,     9.37,    10.82,     1.28,     0.63,     3.30,     0.00,     0.00,     0.00,     0.00,  -999.99,  -999.99,  -999.99
cty,44153,VA: Prince William County,1981,02,PRCP,     0.00,    12.30,     5.19,     0.00,     0.00,     0.00,     0.00,     0.61,     4.66,     0.00,    16.61,     6.36,     0.00,     0.00,     0.00,     0.00,     0.73,     0.16,     0.00,    16.22,    10.16,     1.10,     7.44,     7.30,     0.08,     0.00,     0.00,     0.00,  -999.99,  -999.99,  -999.99
cty,44155,VA: Pulaski County,1981,02,PRCP,     0.00,    20.33,     0.37,     0.00,     0.00,     0.00,     0.00,     0.00,     0.10,     0.00,    28.59,     1.62,     0.00,     0.00,     0.00,     0.00,     1.72,     1.38,     0.96,    14.00,     0.06,     0.00,     7.16,     1.40,     0.00,     0.00,     0.00,     0.00,  -999.99,  -999.99,  -999.99
cty,44157,VA: Rappahannock County,1981,02,PRCP,     0.00,    17.60,     3.37,     0.00,     0.00,     0.00,     0.00,     0.00,     2.97,     0.00,    27.09,     4.59,     0.00,     0.00,     0.00,     0.00,     0.43,     0.35,     0.01,    27.48,    11.07,     1.02,     4.91,     4.86,     0.02,     0.00,     0.00,     0.00,  -999.99,  -999.99,  -999.99
cty,44159,VA: Richmond County,1981,02,PRCP,     0.00,     5.40,     7.98,     0.00,     0.00,     0.00,     0.00,     7.23,     4.97,     0.00,     9.28,    12.82,     0.00,     0.00,     0.00,     0.00,     0.00,     0.00,     0.00,     4.31,    19.23,     3.14,     2.54,     7.74,     0.27,     0.00,     0.00,     0.00,  -999.99,  -999.99,  -999.99
cty,44161,VA: Roanoke County,1981,02,PRCP,     0.00,    20.74,     0.00,     0.00,     0.00,     0.00,     0.00,     0.00,     0.37,     0.00,    26.63,     1.98,     0.00,     0.00,     0.00,     0.00,     0.23,     0.74,     0.74,    10.00,     0.00,     0.00,     2.20,     4.23,     0.00,     0.00,     0.00,     0.00,  -999.99,  -999.99,  -999.99
cty,44163,VA: Rockbridge County,1981,02,PRCP,     0.00,    25.16,     0.58,     0.00,     0.00,     0.00,     0.00,     0.00,     1.10,     0.00,    34.15,     1.98,     0.00,     0.00,     0.00,     0.00,     0.39,     0.38,     0.21,    19.11,     0.81,     0.00,     0.09,    11.25,     0.00,     0.00,     0.00,     0.00,  -999.99,  -999.99,  -999.99
cty,44165,VA: Rockingham County,1981,02,PRCP,     0.00,    17.98,     1.23,     0.00,     0.00,     0.00,     0.00,     0.00,     1.19,     0.00,    24.92,     1.58,     0.00,     0.00,     0.00,     0.00,     0.26,     0.23,     0.01,    17.32,     5.00,     0.49,     0.49,     5.45,     0.03,     0.00,     0.00,     0.00,  -999.99,  -999.99,  -999.99
cty,44167,VA: Russell County,1981,02,PRCP,     0.00,    23.15,     1.13,     0.00,     0.00,     0.00,     0.00,     1.74,     0.69,     0.00,    19.22,     4.20,     0.00,     0.00,     0.00,     0.00,     7.35,     5.40,     1.48,    12.49,     0.60,     0.00,    12.65,     0.98,     0.00,     0.00,     0.00,     0.00,  -999.99,  -999.99,  -999.99
cty,44169,VA: Scott County,1981,02,PRCP,     0.00,    28.18,     0.51,     0.00,     0.00,     0.00,     0.00,     2.18,     0.18,     0.00,    24.34,     2.17,     0.00,     0.00,     0.00,     0.00,     4.97,     7.19,     2.64,     9.56,     0.44,     0.00,    11.64,     0.78,     0.00,     0.00,     0.00,     0.00,  -999.99,  -999.99,  -999.99
cty,44171,VA: Shenandoah County,1981,02,PRCP,     0.00,    18.45,     1.89,     0.00,     0.00,     0.00,     0.00,     0.00,     2.11,     0.00,    20.50,     1.77,     0.00,     0.00,     0.00,     0.00,     0.13,     0.39,     0.08,    21.02,     9.03,     0.93,     2.00,     5.06,     0.06,     0.00,     0.00,     0.00,  -999.99,  -999.99,  -999.99
cty,44173,VA: Smyth County,1981,02,PRCP,     0.00,    18.92,     1.27,     0.00,     0.00,     0.00,     0.00,     0.51,     0.90,     0.00,    23.31,     2.96,     0.00,     0.00,     0.00,     0.00,     4.28,     3.57,     1.52,    14.91,     0.67,     0.00,    11.67,     1.43,     0.00,     0.00,     0.00,     0.00,  -999.99,  -999.99,  -999.99
cty,44175,VA: Southampton County,1981,02,PRCP,     0.00,     4.14,     7.86,     0.00,     0.00,     0.00,     0.00,    10.92,     0.34,     0.00,     9.77,    14.06,     0.00,     0.00,     0.00,     0.00,     0.00,     0.00,     1.80,     8.43,     5.77,     0.30,     0.08,     2.04,     0.00,     0.00,     0.00,     0.00,  -999.99,  -999.99,  -999.99
cty,44177,VA: Spotsylvania County,1981,02,PRCP,     0.00,    12.19,     4.19,     0.00,     0.00,     0.00,     0.00,     2.48,     3.01,     0.00,    20.28,     9.28,     0.00,     0.00,     0.00,     0.00,     0.44,     0.06,     0.03,    13.43,    15.46,     0.95,     4.20,     4.57,     0.21,     0.00,     0.00,     0.00,  -999.99,  -999.99,  -999.99
cty,44179,VA: Stafford County,1981,02,PRCP,     0.00,    11.24,     4.47,     0.00,     0.00,     0.00,     0.00,     1.86,     4.11,     0.00,    16.83,     8.57,     0.00,     0.00,     0.00,     0.00,     0.56,     0.03,     0.10,    13.09,    14.30,     1.21,     5.77,     6.32,     0.26,     0.00,     0.00,     0.00,  -999.99,  -999.99,  -999.99
cty,44181,VA: Surry County,1981,02,PRCP,     0.00,     3.52,     8.48,     0.00,     0.00,     0.00,     0.00,    11.77,     1.10,     0.00,     8.62,    14.53,     0.00,     0.00,     0.00,     0.00,     0.00,     0.00,     0.18,     5.47,    11.58,     2.04,     0.58,     3.68,     0.00,     0.00,     0.00,     0.00,  -999.99,  -999.99,  -999.99
cty,44183,VA: Sussex County,1981,02,PRCP,     0.00,     5.50,     7.29,     0.00,     0.00,     0.00,     0.00,    12.95,     0.18,     0.00,    13.62,    16.50,     0.00,     0.00,     0.00,     0.00,     0.00,     0.00,     1.48,    11.12,     8.15,     0.59,     0.21,     2.67,     0.00,     0.00,     0.00,     0.04,  -999.99,  -999.99,  -999.99
cty,44185,VA: Tazewell County,1981,02,PRCP,     0.00,    17.94,     1.79,     0.00,     0.00,     0.00,     0.00,     0.86,     1.16,     0.00,    17.20,     3.78,     0.00,     0.00,     0.00,     0.00,     6.93,     3.80,     1.02,    13.67,     1.37,     0.00,    10.97,     2.31,     0.04,     0.00,     0.00,     0.00,  -999.99,  -999.99,  -999.99
cty,44187,VA: Warren County,1981,02,PRCP,     0.00,    16.80,     3.23,     0.00,     0.00,     0.00,     0.00,     0.00,     2.90,     0.00,    20.38,     2.81,     0.00,     0.00,     0.00,     0.00,     0.25,     0.40,     0.03,    23.47,    10.86,     1.17,     4.88,     5.05,     0.05,     0.00,     0.00,     0.00,  -999.99,  -999.99,  -999.99
cty,44191,VA: Washington County,1981,02,PRCP,     0.00,    21.23,     0.88,     0.00,     0.00,     0.00,     0.00,     1.35,     1.07,     0.00,    20.79,     3.77,     0.00,     0.00,     0.00,     0.00,     5.10,     5.51,     1.84,    13.49,     0.67,     0.00,    11.79,     0.86,     0.00,     0.00,     0.00,     0.00,  -999.99,  -999.99,  -999.99
cty,44193,VA: Westmoreland County,1981,02,PRCP,     0.00,     6.61,     7.67,     0.00,     0.00,     0.00,     0.00,     6.03,     5.67,     0.00,    10.56,    12.28,     0.00,     0.00,     0.00,     0.00,     0.00,     0.00,     0.00,     5.37,    19.64,     3.02,     3.44,     8.90,     0.33,     0.00,     0.00,     0.00,  -999.99,  -999.99,  -999.99
cty,44195,VA: Wise County,1981,02,PRCP,     0.00,    33.15,     1.37,     0.00,     0.00,     0.00,     0.00,     3.22,     0.27,     0.00,    23.51,     4.91,     0.00,     0.00,     0.00,     0.00,    10.52,     5.04,     1.36,    12.06,     0.54,     0.00,    13.74,     0.78,     0.00,     0.00,     0.00,     0.00,  -999.99,  -999.99,  -999.99
cty,44197,VA: Wythe County,1981,02,PRCP,     0.00,    18.80,     0.68,     0.00,     0.00,     0.00,     0.00,     0.00,     0.05,     0.00,    28.09,     1.07,     0.00,     0.00,     0.00,     0.00,     1.71,     2.00,     1.65,    13.92,     0.04,     0.00,     9.44,     0.71,     0.00,     0.00,     0.00,     0.00,  -999.99,  -999.99,  -999.99
cty,44199,VA: York County,1981,02,PRCP,     0.00,     2.55,    10.63,     0.00,     0.00,     0.00,     0.00,    10.23,     3.20,     0.00,     5.48,    14.01,     0.00,     0.00,     0.00,     0.00,     0.00,     0.00,     0.00,     2.29,    13.04,     3.05,     0.74,     4.26,     0.00,     0.00,     0.00,     0.00,  -999.99,  -999.99,  -999.99
cty,44510,VA: Alexandria city,1981,02,PRCP,     0.00,    10.08,     7.32,     0.00,     0.00,     0.00,     0.00,     0.86,     6.28,     0.00,    12.97,     7.29,     0.00,     0.00,     0.00,     0.00,     0.31,     0.00,     0.00,    13.19,     8.86,     1.42,     7.26,    10.67,     0.00,     0.00,     0.00,     0.00,  -999.99,  -999.99,  -999.99
cty,44520,VA: Bristol city,1981,02,PRCP,     0.00,    21.11,     0.53,     0.00,     0.00,     0.00,     0.00,     1.76,     0.81,     0.00,    20.62,     2.82,     0.00,     0.00,     0.00,     0.00,     3.86,     6.28,     2.52,    10.80,     0.55,     0.00,    10.28,     0.64,     0.00,     0.00,     0.00,     0.00,  -999.99,  -999.99,  -999.99
cty,44530,VA: Buena Vista city,1981,02,PRCP,     0.00,    24.44,     0.46,     0.00,     0.00,     0.00,     0.00,     0.00,     1.18,     0.00,    35.59,     2.12,     0.00,     0.00,     0.00,     0.00,     0.00,     0.28,     0.18,    25.33,     0.00,     0.00,     0.00,    10.61,     0.00,     0.00,     0.00,     0.00,  -999.99,  -999.99,  -999.99
cty,44540,VA: Charlottesville city,1981,02,PRCP,     0.00,    16.98,     1.75,     0.00,     0.00,     0.00,     0.00,     0.21,     1.94,     0.00,    33.46,     5.32,     0.00,     0.00,     0.00,     0.00,     0.00,     0.21,     0.17,    35.40,     4.01,     0.18,     0.89,     3.55,     0.00,     0.00,     0.00,     0.00,  -999.99,  -999.99,  -999.99
cty,44550,VA: Chesapeake city,1981,02,PRCP,     0.00,     1.86,    16.56,     0.00,     0.00,     0.00,     0.00,    11.34,     2.54,     0.00,     3.90,    11.60,     0.00,     0.00,     0.00,     0.00,     0.00,     0.00,     0.04,     2.56,    13.84,     2.44,     0.54,     3.25,     0.00,     0.00,     0.00,     0.00,  -999.99,  -999.99,  -999.99
cty,44570,VA: Colonial Heights city,1981,02,PRCP,     0.00,     6.32,     5.47,     0.00,     0.00,     0.00,     0.00,    10.12,     0.69,     0.00,    14.52,    12.34,     0.00,     0.00,     0.00,     0.00,     0.00,     0.00,     0.60,    10.05,    10.17,     1.02,     0.73,     2.81,     0.00,     0.00,     0.00,     0.00,  -999.99,  -999.99,  -999.99
cty,44580,VA: Covington city,1981,02,PRCP,     0.00,    19.99,     0.00,     0.00,     0.00,     0.00,     0.00,     0.00,     0.36,     0.00,    21.58,     0.70,     0.00,     0.00,     0.00,     0.00,     1.59,     0.29,     0.61,     7.53,     0.00,     0.00,     1.98,     6.70,     0.00,     0.00,     0.00,     0.00,  -999.99,  -999.99,  -999.99
cty,44590,VA: Danville city,1981,02,PRCP,     0.00,    15.75,     0.95,     0.00,     0.00,     0.00,     0.00,     4.79,     0.53,     0.00,    34.30,     2.58,     0.00,     0.00,     0.00,     0.00,     0.00,     0.38,     8.20,    25.36,     0.00,     0.00,     0.51,     2.65,     0.00,     0.00,     0.00,     0.00,  -999.99,  -999.99,  -999.99
cty,44595,VA: Emporia city,1981,02,PRCP,     0.00,     5.50,     4.81,     0.00,     0.00,     0.00,     0.00,     8.54,     0.00,     0.00,    12.77,    13.47,     0.00,     0.00,     0.00,     0.00,     0.00,     0.00,     2.96,    11.80,     2.95,     0.00,     0.00,     0.89,     0.00,     0.00,     0.00,     0.00,  -999.99,  -999.99,  -999.99
cty,44600,VA: Fairfax city,1981,02,PRCP,     0.00,    11.87,     6.23,     0.00,     0.00,     0.00,     0.00,     0.00,     5.56,     0.00,    15.12,     5.90,     0.00,     0.00,     0.00,     0.00,     0.57,     0.00,     0.00,    15.54,     8.60,     1.18,     7.85,     9.45,     0.00,     0.00,     0.00,     0.00,  -999.99,  -999.99,  -999.99
cty,44610,VA: Falls Church city,1981,02,PRCP,     0.00,    11.50,     6.85,     0.00,     0.00,     0.00,     0.00,     0.00,     5.98,     0.00,    14.21,     6.10,     0.00,     0.00,     0.00,     0.00,     0.46,     0.00,     0.00,    14.76,     8.01,     1.22,     7.61,    10.46,     0.00,     0.00,     0.00,     0.00,  -999.99,  -999.99,  -999.99
cty,44620,VA: Franklin city,1981,02,PRCP,     0.00,     3.40,     9.13,     0.00,     0.00,     0.00,     0.00,    10.76,     0.52,     0.00,     7.93,    13.01,     0.00,     0.00,     0.00,     0.00,     0.00,     0.00,     1.29,     6.55,     6.44,     0.00,     0.00,     2.20,     0.00,     0.00,     0.00,     0.00,  -999.99,  -999.99,  -999.99
cty,44630,VA: Fredericksburg city,1981,02,PRCP,     0.00,    11.14,     4.00,     0.00,     0.00,     0.00,     0.00,     2.29,     3.66,     0.00,    17.30,     9.06,     0.00,     0.00,     0.00,     0.00,     0.51,     0.00,     0.10,    12.44,    15.46,     1.12,     5.07,     5.60,     0.29,     0.00,     0.00,     0.00,  -999.99,  -999.99,  -999.99
cty,44640,VA: Galax city,1981,02,PRCP,     0.00,    26.33,     0.00,     0.00,     0.00,     0.00,     0.00,     0.66,     0.00,     0.00,    41.41,     2.37,     0.00,     0.00,     0.00,     0.00,     0.60,     2.11,     3.49,    10.79,     0.00,     0.00,    11.48,     0.57,     0.00,     0.00,     0.00,     0.00,  -999.99,  -999.99,  -999.99
cty,44650,VA: Hampton city,1981,02,PRCP,     0.00,     1.54,    12.34,     0.00,     0.00,     0.00,     0.00,     9.63,     3.70,     0.00,     3.22,    12.78,     0.00,     0.00,     0.00,     0.00,     0.00,     0.00,     0.00,     1.02,    10.93,     3.10,     0.49,     3.36,     0.00,     0.00,     0.00,     0.00,  -999.99,  -999.99,  -999.99
cty,44660,VA: Harrisonburg city,1981,02,PRCP,     0.00,    14.72,     0.83,     0.00,     0.00,     0.00,     0.00,     0.00,     0.54,     0.00,    21.90,     0.79,     0.00,     0.00,     0.00,     0.00,     0.00,     0.17,     0.00,    16.39,     2.79,     0.32,     0.23,     3.95,     0.00,     0.00,     0.00,     0.00,  -999.99,  -999.99,  -999.99
cty,44670,VA: Hopewell city,1981,02,PRCP,     0.00,     5.79,     5.72,     0.00,     0.00,     0.00,     0.00,    10.30,     0.78,     0.00,    13.21,    12.76,     0.00,     0.00,     0.00,     0.00,     0.00,     0.00,     0.45,     8.74,    11.03,     1.24,     0.76,     3.18,     0.00,     0.00,     0.00,     0.00,  -999.99,  -999.99,  -999.99
cty,44680,VA: Lynchburg city,1981,02,PRCP,     0.00,    20.01,     0.86,     0.00,     0.00,     0.00,     0.00,     0.12,     1.83,     0.00,    35.50,     3.09,     0.00,     0.00,     0.00,     0.00,     0.00,     0.30,     0.69,    33.25,     0.00,     0.00,     0.00,     6.56,     0.00,     0.00,     0.00,     0.00,  -999.99,  -999.99,  -999.99
cty,44683,VA: Manassas city,1981,02,PRCP,     0.00,    11.76,     4.85,     0.00,     0.00,     0.00,     0.00,     0.00,     4.31,     0.00,    15.91,     5.44,     0.00,     0.00,     0.00,     0.00,     0.74,     0.23,     0.00,    16.25,     8.77,     0.95,     7.40,     6.75,     0.00,     0.00,     0.00,     0.00,  -999.99,  -999.99,  -999.99
cty,44685,VA: Manassas Park city,1981,02,PRCP,     0.00,    11.37,     5.03,     0.00,     0.00,     0.00,     0.00,     0.00,     4.51,     0.00,    14.98,     5.38,     0.00,     0.00,     0.00,     0.00,     0.68,     0.00,     0.00,    15.25,     8.41,     0.98,     7.22,     7.25,     0.00,     0.00,     0.00,     0.00,  -999.99,  -999.99,  -999.99
cty,44690,VA: Martinsville city,1981,02,PRCP,     0.00,    18.41,     0.39,     0.00,     0.00,     0.00,     0.00,     2.03,     0.24,     0.00,    33.34,     2.83,     0.00,     0.00,     0.00,     0.00,     0.00,     0.55,     5.54,    17.41,     0.00,     0.00,     1.44,     2.52,     0.00,     0.00,     0.00,     0.00,  -999.99,  -999.99,  -999.99
cty,44700,VA: Newport News city,1981,02,PRCP,     0.00,     2.00,    11.39,     0.00,     0.00,     0.00,     0.00,    10.17,     2.87,     0.00,     4.49,    13.20,     0.00,     0.00,     0.00,     0.00,     0.00,     0.00,     0.00,     1.88,    11.54,     2.81,     0.55,     3.53,     0.00,     0.00,     0.00,     0.00,  -999.99,  -999.99,  -999.99
cty,44710,VA: Norfolk city,1981,02,PRCP,     0.00,     1.48,    14.40,     0.00,     0.00,     0.00,     0.00,    10.28,     3.47,     0.00,     2.95,    12.01,     0.00,     0.00,     0.00,     0.00,     0.00,     0.00,     0.00,     1.27,    12.21,     2.95,     0.49,     3.39,     0.00,     0.00,     0.00,     0.00,  -999.99,  -999.99,  -999.99
cty,44720,VA: Norton city,1981,02,PRCP,     0.00,    31.31,     1.28,     0.00,     0.00,     0.00,     0.00,     2.67,     0.00,     0.00,    23.47,     4.06,     0.00,     0.00,     0.00,     0.00,     9.07,     5.21,     1.13,    11.22,     0.62,     0.00,    13.33,     0.82,     0.00,     0.00,     0.00,     0.00,  -999.99,  -999.99,  -999.99
cty,44730,VA: Petersburg city,1981,02,PRCP,     0.00,     6.46,     5.84,     0.00,     0.00,     0.00,     0.00,    10.96,     0.57,     0.00,    15.31,    13.55,     0.00,     0.00,     0.00,     0.00,     0.00,     0.00,     0.77,    11.05,     9.91,     1.04,     0.65,     2.82,     0.00,     0.00,     0.00,     0.00,  -999.99,  -999.99,  -999.99
cty,44735,VA: Poquoson city,1981,02,PRCP,     0.00,     1.61,    12.08,     0.00,     0.00,     0.00,     0.00,     9.57,     4.05,     0.00,     3.25,    13.19,     0.00,     0.00,     0.00,     0.00,     0.00,     0.00,     0.00,     0.95,    11.40,     3.31,     0.55,     3.68,     0.00,     0.00,     0.00,     0.00,  -999.99,  -999.99,  -999.99
cty,44740,VA: Portsmouth city,1981,02,PRCP,     0.00,     1.67,    14.35,     0.00,     0.00,     0.00,     0.00,    10.57,     2.93,     0.00,     3.63,    11.99,     0.00,     0.00,     0.00,     0.00,     0.00,     0.00,     0.00,     1.78,    12.38,     2.71,     0.50,     3.23,     0.00,     0.00,     0.00,     0.00,  -999.99,  -999.99,  -999.99
cty,44750,VA: Radford city,1981,02,PRCP,     0.00,    19.62,     0.00,     0.00,     0.00,     0.00,     0.00,     0.00,     0.14,     0.00,    27.85,     1.96,     0.00,     0.00,     0.00,     0.00,     1.41,     1.31,     1.28,    10.63,     0.00,     0.00,     4.98,     1.69,     0.00,     0.00,     0.00,     0.00,  -999.99,  -999.99,  -999.99
cty,44760,VA: Richmond city,1981,02,PRCP,     0.00,     8.11,     4.98,     0.00,     0.00,     0.00,     0.00,     8.07,     1.57,     0.00,    16.37,    10.59,     0.00,     0.00,     0.00,     0.00,     0.00,     0.00,     0.21,     9.59,    12.74,     1.02,     1.28,     3.16,     0.00,     0.00,     0.00,     0.00,  -999.99,  -999.99,  -999.99
cty,44770,VA: Roanoke city,1981,02,PRCP,     0.00,    19.90,     0.00,     0.00,     0.00,     0.00,     0.00,     0.00,     0.53,     0.00,    25.46,     1.93,     0.00,     0.00,     0.00,     0.00,     0.00,     0.50,     0.82,    12.32,     0.00,     0.00,     1.55,     4.84,     0.00,     0.00,     0.00,     0.00,  -999.99,  -999.99,  -999.99
cty,44775,VA: Salem city,1981,02,PRCP,     0.00,    20.34,     0.00,     0.00,     0.00,     0.00,     0.00,     0.00,     0.46,     0.00,    24.71,     1.90,     0.00,     0.00,     0.00,     0.00,     0.00,     0.56,     0.91,    10.47,     0.00,     0.00,     1.97,     4.50,     0.00,     0.00,     0.00,     0.00,  -999.99,  -999.99,  -999.99
cty,44790,VA: Staunton city,1981,02,PRCP,     0.00,    15.00,     0.85,     0.00,     0.00,     0.00,     0.00,     0.00,     0.27,     0.00,    24.53,     0.28,     0.00,     0.00,     0.00,     0.00,     0.00,     0.00,     0.00,    18.04,     1.90,     0.00,     0.00,     4.19,     0.00,     0.00,     0.00,     0.00,  -999.99,  -999.99,  -999.99
cty,44800,VA: Suffolk city,1981,02,PRCP,     0.00,     2.59,    12.64,     0.00,     0.00,     0.00,     0.00,    10.82,     1.40,     0.00,     5.98,    12.21,     0.00,     0.00,     0.00,     0.00,     0.00,     0.00,     0.56,     4.28,    10.35,     1.59,     0.39,     2.69,     0.00,     0.00,     0.00,     0.00,  -999.99,  -999.99,  -999.99
cty,44810,VA: Virginia Beach city,1981,02,PRCP,     0.00,     1.55,    18.81,     0.00,     0.00,     0.00,     0.00,    12.39,     3.86,     0.00,     2.57,    13.15,     0.00,     0.00,     0.00,     0.00,     0.00,     0.00,     0.00,     1.63,    14.97,     3.23,     0.52,     4.13,     0.00,     0.00,     0.00,     0.00,  -999.99,  -999.99,  -999.99
cty,44820,VA: Waynesboro city,1981,02,PRCP,     0.00,    16.10,     0.84,     0.00,     0.00,     0.00,     0.00,     0.00,     0.46,     0.00,    30.23,     0.88,     0.00,     0.00,     0.00,     0.00,     0.00,     0.00,     0.00,    22.80,     1.23,     0.00,     0.00,     3.87,     0.00,     0.00,     0.00,     0.00,  -999.99,  -999.99,  -999.99
cty,44830,VA: Williamsburg city,1981,02,PRCP,     0.00,     3.13,     9.70,     0.00,     0.00,     0.00,     0.00,    10.87,     2.46,     0.00,     7.01,    14.54,     0.00,     0.00,     0.00,     0.00,     0.00,     0.00,     0.00,     3.38,    13.59,     2.78,     0.81,     4.40,     0.00,     0.00,     0.00,     0.00,  -999.99,  -999.99,  -999.99
cty,44840,VA: Winchester city,1981,02,PRCP,     0.00,    16.30,     2.64,     0.00,     0.00,     0.00,     0.00,     0.03,     2.90,     0.00,    13.73,     1.41,     0.00,     0.00,     0.00,     0.00,     0.00,     0.29,     0.00,    18.26,     7.45,     1.10,     5.41,     5.35,     0.16,     0.00,     0.00,     0.00,  -999.99,  -999.99,  -999.99
cty,45001,WA: Adams County,1981,02,PRCP,     0.00,     0.00,     0.00,     0.00,     0.00,     0.00,     0.00,     0.00,     0.00,     0.00,     0.00,     1.83,     0.00,     6.19,     0.08,     4.83,     0.01,     0.60,     9.71,     0.00,     0.00,     0.00,     0.00,     0.00,     3.34,     0.08,     0.00,     0.00,  -999.99,  -999.99,  -999.99
cty,45003,WA: Asotin County,1981,02,PRCP,     0.00,     0.00,     0.00,     0.00,     0.00,     0.00,     0.00,     0.00,     0.00,     0.89,     0.50,     4.42,     0.62,     7.73,     1.54,     7.11,     6.43,     4.19,     5.41,     1.21,     0.01,     0.00,     0.00,     0.00,     0.61,     0.01,     0.00,     0.00,  -999.99,  -999.99,  -999.99
cty,45005,WA: Benton County,1981,02,PRCP,     0.00,     0.00,     0.00,     0.00,     0.08,     0.00,     0.00,     0.00,     0.00,     0.00,     0.00,     0.17,     0.73,     4.47,     0.20,     2.40,     0.19,     0.26,    12.67,     0.01,     0.00,     0.00,     0.00,     0.00,     0.00,     0.02,     0.35,     0.00,  -999.99,  -999.99,  -999.99
cty,45007,WA: Chelan County,1981,02,PRCP,     0.03,     0.01,     0.00,     0.00,     0.00,     0.00,     0.00,     0.00,     0.03,     1.31,     0.01,    17.05,    11.05,    13.87,     6.72,    22.69,    18.35,    20.18,    28.56,     9.73,     0.68,     0.27,     0.00,     2.72,     3.86,     0.72,     1.29,     0.00,  -999.99,  -999.99,  -999.99
cty,45009,WA: Clallam County,1981,02,PRCP,     0.01,     0.01,     0.00,     0.00,     0.00,     0.00,     0.00,     0.00,     0.00,     0.19,     2.96,    38.61,    17.32,    22.77,    27.57,    69.80,    45.32,    14.65,    43.00,    11.35,     4.71,     0.12,     0.01,     2.55,     6.78,     0.70,     0.00,     0.00,  -999.99,  -999.99,  -999.99
cty,45011,WA: Clark County,1981,02,PRCP,     0.00,     0.00,     0.00,     0.00,     3.20,     0.05,     0.00,     0.00,     1.19,     3.03,     5.11,    18.72,     6.13,    17.98,     9.82,    33.74,    13.99,    16.30,    43.59,     7.57,     0.89,     0.00,     0.00,    15.13,     9.70,     0.23,     3.90,     0.00,  -999.99,  -999.99,  -999.99
cty,45013,WA: Columbia County,1981,02,PRCP,     0.00,     0.26,     0.00,     0.00,     0.00,     0.00,     0.00,     0.00,     0.19,     1.65,     1.32,     9.80,     4.16,    18.23,     2.67,    14.18,    10.81,     4.56,    15.63,     3.16,     0.00,     0.00,     0.08,     0.09,     2.75,     1.36,     0.00,     0.00,  -999.99,  -999.99,  -999.99
cty,45015,WA: Cowlitz County,1981,02,PRCP,     0.00,     0.00,     0.00,     0.00,     2.23,     0.00,     0.00,     0.00,     1.15,     2.29,     4.73,    32.67,     8.61,    18.43,    20.18,    47.98,    22.32,    19.09,    44.04,    13.16,     1.61,     0.04,     0.00,    11.56,    12.11,     0.16,     1.54,     0.00,  -999.99,  -999.99,  -999.99
cty,45017,WA: Douglas County,1981,02,PRCP,     0.00,     0.00,     0.00,     0.00,     0.00,     0.00,     0.00,     0.00,     0.00,     0.11,     0.00,     2.92,     1.30,     5.96,     0.04,     4.38,     0.56,     3.71,    15.92,     0.61,     0.00,     0.00,     0.00,     0.29,     9.53,     0.18,     1.13,     0.00,  -999.99,  -999.99,  -999.99
cty,45019,WA: Ferry County,1981,02,PRCP,     0.00,     0.00,     0.00,     0.00,     0.00,     0.00,     0.00,     0.00,     0.00,     0.00,     0.00,     3.20,     0.99,    12.98,     2.43,     8.86,     2.68,     8.97,    13.26,     2.19,     0.00,     0.01,     0.00,     0.00,     7.65,     0.03,     0.80,     0.00,  -999.99,  -999.99,  -999.99
cty,45021,WA: Franklin County,1981,02,PRCP,     0.00,     0.00,     0.00,     0.00,     0.00,     0.00,     0.00,     0.00,     0.00,     0.00,     0.00,     0.56,     0.07,     7.22,     0.04,     3.87,     0.00,     0.23,    11.01,     0.00,     0.00,     0.00,     0.00,     0.00,     1.58,     0.01,     0.00,     0.00,  -999.99,  -999.99,  -999.99
cty,45023,WA: Garfield County,1981,02,PRCP,     0.00,     0.00,     0.00,     0.00,     0.00,     0.00,     0.00,     0.00,     0.00,     1.19,     0.72,     5.76,     2.22,    10.30,     2.53,     9.67,     8.14,     4.05,     9.53,     1.74,     0.06,     0.00,     0.00,     0.00,     1.42,     0.10,     0.00,     0.00,  -999.99,  -999.99,  -999.99
cty,45025,WA: Grant County,1981,02,PRCP,     0.00,     0.00,     0.00,     0.00,     0.00,     0.00,     0.00,     0.00,     0.00,     0.06,     0.00,     0.89,     0.09,     5.78,     0.00,     1.42,     0.01,     1.22,    12.30,     0.02,     0.00,     0.00,     0.00,     0.03,     5.39,     0.09,     0.33,     0.00,  -999.99,  -999.99,  -999.99
cty,45027,WA: Grays Harbor County,1981,02,PRCP,     0.01,     0.00,     0.00,     0.00,     0.98,     0.00,     0.00,     0.00,     0.53,     0.73,     5.09,    47.61,    29.87,    24.91,    42.18,    89.50,    29.56,    25.61,    45.51,     6.62,     5.03,     0.00,     1.07,     5.43,     7.32,     0.03,     0.56,     0.00,  -999.99,  -999.99,  -999.99
cty,45029,WA: Island County,1981,02,PRCP,     0.00,     0.00,     0.00,     0.00,     0.00,     0.00,     0.00,     0.00,     0.00,     0.00,     0.99,    11.03,     6.38,     8.80,     5.23,     9.89,     5.99,     4.19,    12.92,     0.86,     0.39,     0.00,     0.00,     1.50,     8.70,     0.83,     0.00,     0.00,  -999.99,  -999.99,  -999.99
cty,45031,WA: Jefferson County,1981,02,PRCP,     0.01,     0.00,     0.00,     0.00,     0.22,     0.00,     0.00,     0.00,     0.02,     0.59,     3.06,    49.16,    27.26,    27.53,    36.13,    95.37,    51.14,    21.60,    50.86,    14.81,     7.95,     0.14,     0.29,     3.63,     8.28,     0.51,     0.54,     0.00,  -999.99,  -999.99,  -999.99
cty,45033,WA: King County,1981,02,PRCP,     0.07,     0.00,     0.00,     0.00,     0.00,     0.00,     0.00,     0.00,     0.46,     0.63,     1.68,    46.36,    22.46,    21.29,    14.48,    40.34,    22.97,    17.89,    31.88,    15.85,     2.20,     0.18,     0.00,     3.96,    15.15,     0.78,     0.28,     0.01,  -999.99,  -999.99,  -999.99
cty,45035,WA: Kitsap County,1981,02,PRCP,     0.00,     0.00,     0.00,     0.00,     0.00,     0.00,     0.00,     0.00,     0.00,     0.48,     1.74,    21.88,    12.29,    14.98,    15.50,    24.74,    10.45,    11.31,    23.49,     1.24,     0.61,     0.00,     0.00,     1.81,     5.00,     0.33,     0.02,     0.00,  -999.99,  -999.99,  -999.99
cty,45037,WA: Kittitas County,1981,02,PRCP,     0.06,     0.02,     0.00,     0.00,     0.00,     0.00,     0.00,     0.00,     0.00,     1.72,     0.06,    14.45,    12.49,    11.17,     5.26,    19.61,    13.31,    13.51,    28.35,     6.90,     1.92,     0.22,     0.00,     2.54,     3.10,     0.50,     0.62,     0.05,  -999.99,  -999.99,  -999.99
cty,45039,WA: Klickitat County,1981,02,PRCP,     0.00,     0.00,     0.00,     0.00,     0.19,     0.00,     0.00,     0.00,     0.00,     0.97,     1.04,     4.45,     6.58,     9.16,     1.26,    12.54,     6.02,     7.67,    29.73,     2.06,     0.08,     0.00,     0.00,     3.38,     0.36,     0.06,     2.36,     0.00,  -999.99,  -999.99,  -999.99
cty,45041,WA: Lewis County,1981,02,PRCP,     0.05,     0.00,     0.00,     0.00,     0.63,     0.00,     0.00,     0.00,     1.06,     1.80,     4.17,    39.99,    12.56,    19.20,    20.63,    48.99,    24.54,    20.53,    39.65,    13.51,     2.93,     0.09,     0.00,     7.85,    10.14,     0.51,     0.72,     0.00,  -999.99,  -999.99,  -999.99
cty,45043,WA: Lincoln County,1981,02,PRCP,     0.00,     0.00,     0.00,     0.00,     0.00,     0.00,     0.00,     0.00,     0.00,     0.00,     0.00,     2.49,     0.21,     7.85,     0.50,     5.52,     0.03,     1.81,    10.69,     0.01,     0.00,     0.00,     0.00,     0.00,     6.07,     0.07,     0.15,     0.00,  -999.99,  -999.99,  -999.99
cty,45045,WA: Mason County,1981,02,PRCP,     0.00,     0.00,     0.00,     0.00,     0.21,     0.00,     0.00,     0.00,     0.06,     0.60,     4.26,    45.62,    31.61,    36.63,    36.73,    85.43,    35.39,    21.61,    54.60,     9.13,     5.25,     0.00,     0.20,     3.64,     6.75,     0.06,     0.72,     0.00,  -999.99,  -999.99,  -999.99
cty,45047,WA: Okanogan County,1981,02,PRCP,     0.01,     0.00,     0.00,     0.00,     0.00,     0.00,     0.01,     0.00,     0.01,     0.21,     0.01,     7.98,     3.88,    10.60,     4.02,    14.19,    10.45,    14.76,    15.90,     5.71,     0.24,     0.16,     0.00,     0.85,     5.62,     0.46,     1.12,     0.00,  -999.99,  -999.99,  -999.99
cty,45049,WA: Pacific County,1981,02,PRCP,     0.00,     0.00,     0.00,     0.01,     2.54,     0.00,     0.00,     0.00,     1.60,     1.52,     6.75,    43.07,    17.79,    25.75,    45.71,    72.73,    24.89,    32.20,    42.24,     5.98,     0.39,     0.01,     1.60,    10.21,     6.60,     0.08,     0.02,     0.02,  -999.99,  -999.99,  -999.99
cty,45051,WA: Pend Oreille County,1981,02,PRCP,     0.00,     0.00,     0.00,     0.00,     0.00,     0.00,     0.00,     0.00,     0.14,     0.00,     0.00,     5.92,     3.68,    22.95,     7.48,    18.91,     6.29,    13.97,    18.67,     7.12,     0.01,     0.00,     0.00,     0.00,    10.60,     0.01,     0.33,     0.03,  -999.99,  -999.99,  -999.99
cty,45053,WA: Pierce County,1981,02,PRCP,     0.38,     0.03,     0.02,     0.00,     0.00,     0.00,     0.00,     0.01,     0.63,     1.38,     2.83,    38.41,    14.18,    17.48,    15.60,    37.41,    21.56,    16.30,    28.51,    14.15,     3.00,     0.40,     0.02,     4.20,    10.30,     0.81,     0.48,     0.06,  -999.99,  -999.99,  -999.99
cty,45055,WA: San Juan County,1981,02,PRCP,     0.00,     0.00,     0.00,     0.00,     0.00,     0.00,     0.00,     0.00,     0.00,     0.00,     0.94,    13.98,     8.00,     8.92,     6.70,    19.75,    13.98,     3.11,    13.99,     2.03,     1.77,     0.00,     0.00,     0.74,     7.69,     1.22,     0.00,     0.00,  -999.99,  -999.99,  -999.99
cty,45057,WA: Skagit County,1981,02,PRCP,     0.07,     0.00,     0.00,     0.00,     0.00,     0.00,     0.00,     0.00,     0.03,     0.05,     0.30,    33.08,    23.73,    20.80,    15.73,    50.09,    36.83,    20.61,    33.06,    15.17,     3.45,     0.22,     0.05,     3.19,     9.66,     1.11,     0.34,     0.00,  -999.99,  -999.99,  -999.99
cty,45059,WA: Skamania County,1981,02,PRCP,     0.01,     0.08,     0.17,     0.00,     1.63,     0.02,     0.00,     0.00,     1.03,     3.45,     4.77,    35.49,    14.39,    27.77,    16.09,    61.44,    35.48,    29.40,    59.37,    16.02,     4.34,     0.13,     0.05,    13.16,     9.97,     0.44,     2.05,     0.00,  -999.99,  -999.99,  -999.99
cty,45061,WA: Snohomish County,1981,02,PRCP,     0.07,     0.00,     0.00,     0.00,     0.00,     0.00,     0.00,     0.00,     0.10,     0.05,     0.62,    41.86,    24.77,    22.09,    13.42,    46.67,    31.55,    20.70,    35.21,    15.53,     3.16,     0.17,     0.03,     4.11,    12.40,     1.10,     0.33,     0.00,  -999.99,  -999.99,  -999.99
cty,45063,WA: Spokane County,1981,02,PRCP,     0.00,     0.00,     0.00,     0.00,     0.00,     0.00,     0.00,     0.00,     0.01,     0.65,     0.00,     8.38,     2.63,    12.72,     1.91,     9.55,     2.04,     4.03,     9.79,     1.49,     0.00,     0.00,     0.00,     0.00,     4.24,     0.00,     0.00,     0.00,  -999.99,  -999.99,  -999.99
cty,45065,WA: Stevens County,1981,02,PRCP,     0.00,     0.00,     0.00,     0.00,     0.00,     0.00,     0.00,     0.00,     0.00,     0.01,     0.00,     3.91,     1.11,    17.63,     3.16,    10.92,     1.98,     8.22,    14.93,     3.36,     0.00,     0.00,     0.00,     0.00,     8.37,     0.00,     0.43,     0.01,  -999.99,  -999.99,  -999.99
cty,45067,WA: Thurston County,1981,02,PRCP,     0.00,     0.00,     0.00,     0.00,     0.38,     0.00,     0.00,     0.00,     0.69,     1.17,     3.71,    32.29,    11.29,    16.26,    25.39,    39.59,    16.57,    16.73,    31.20,     5.38,     0.66,     0.00,     0.03,     5.16,     6.35,     0.06,     0.28,     0.00,  -999.99,  -999.99,  -999.99
cty,45069,WA: Wahkiakum County,1981,02,PRCP,     0.00,     0.00,     0.00,     0.00,     4.01,     0.00,     0.00,     0.00,     1.61,     2.10,     5.86,    44.51,    12.08,    22.74,    37.03,    75.29,    21.27,    28.53,    47.31,     9.04,     0.17,     0.00,     0.63,    11.99,     7.79,     0.00,     0.04,     0.02,  -999.99,  -999.99,  -999.99
cty,45071,WA: Walla Walla County,1981,02,PRCP,     0.00,     0.00,     0.00,     0.00,     0.00,     0.00,     0.00,     0.00,     0.00,     0.33,     0.31,     3.26,     0.72,    14.24,     2.20,     9.36,     1.95,     2.36,    11.83,     1.18,     0.00,     0.00,     0.00,     0.00,     3.56,     0.06,     0.01,     0.00,  -999.99,  -999.99,  -999.99
cty,45073,WA: Whatcom County,1981,02,PRCP,     0.01,     0.00,     0.00,     0.00,     0.00,     0.00,     0.00,     0.00,     0.00,     0.00,     0.00,    26.79,    18.59,    20.65,    16.89,    48.15,    41.10,    19.88,    29.91,    14.96,     3.21,     0.32,     0.02,     2.01,     6.78,     1.14,     0.30,     0.00,  -999.99,  -999.99,  -999.99
cty,45075,WA: Whitman County,1981,02,PRCP,     0.00,     0.00,     0.00,     0.00,     0.00,     0.00,     0.00,     0.00,     0.00,     0.79,     0.01,     8.08,     5.67,    10.85,     3.10,     9.29,     4.03,     2.63,     7.37,     1.61,     0.02,     0.00,     0.00,     0.00,     1.94,     0.06,     0.00,     0.01,  -999.99,  -999.99,  -999.99
cty,45077,WA: Yakima County,1981,02,PRCP,     0.02,     0.00,     0.00,     0.00,     0.02,     0.00,     0.00,     0.00,     0.01,     1.40,     0.30,     6.28,     6.65,     7.88,     3.72,    14.27,     9.19,     8.28,    22.67,     3.61,     1.41,     0.16,     0.00,     2.15,     1.31,     0.22,     0.78,     0.04,  -999.99,  -999.99,  -999.99
cty,46001,WV: Barbour County,1981,02,PRCP,     0.00,    24.34,     3.22,     0.34,     0.01,     0.00,     0.00,     1.67,     6.79,     0.00,     1.78,     7.67,     0.00,     0.00,     0.00,     0.00,     2.15,     2.60,     0.00,     8.84,    27.56,     1.23,     1.47,    16.73,     1.36,     0.00,     0.00,     0.00,  -999.99,  -999.99,  -999.99
cty,46003,WV: Berkeley County,1981,02,PRCP,     0.00,    20.80,     3.24,     0.00,     0.00,     0.00,     0.00,     0.00,     3.66,     0.00,    14.50,     1.40,     0.00,     0.00,     0.00,     0.00,     0.11,     0.00,     0.00,    20.30,     7.49,     1.16,     8.14,     9.39,     0.27,     0.00,     0.00,     0.00,  -999.99,  -999.99,  -999.99
cty,46005,WV: Boone County,1981,02,PRCP,     0.00,    29.08,     2.15,     0.00,     0.00,     0.00,     0.00,     3.58,     2.22,     0.00,     4.56,     6.80,     0.00,     0.00,     0.00,     0.00,     8.05,     2.03,     0.53,    10.85,     3.38,     0.00,    14.12,     4.45,     1.10,     0.00,     0.00,     0.00,  -999.99,  -999.99,  -999.99
cty,46007,WV: Braxton County,1981,02,PRCP,     0.00,    23.75,     2.28,     0.00,     0.00,     0.00,     0.00,     2.78,     6.27,     0.01,     1.37,     7.62,     0.00,     0.00,     0.00,     0.00,     3.63,     1.85,     0.00,     8.62,    12.36,     0.14,     9.35,    11.35,     0.73,     0.00,     0.00,     0.00,  -999.99,  -999.99,  -999.99
cty,46009,WV: Brooke County,1981,02,PRCP,     0.00,    33.23,     1.14,     0.00,     0.00,     0.94,     0.33,     1.86,     2.40,     0.00,     8.31,    10.00,     0.00,     0.00,     0.00,     0.00,     7.38,     0.43,     0.00,    14.60,    10.75,     0.00,     5.14,     9.55,     1.57,     0.00,     0.00,     1.03,  -999.99,  -999.99,  -999.99
cty,46011,WV: Cabell County,1981,02,PRCP,     0.00,    47.40,     0.96,     0.00,     0.00,     0.00,     0.00,     2.74,     0.93,     0.00,     4.87,     4.32,     0.00,     0.00,     0.00,     0.00,     8.58,     2.23,     0.67,     7.28,     0.43,     0.00,    12.58,     3.15,     0.11,     0.00,     0.00,     0.00,  -999.99,  -999.99,  -999.99
cty,46013,WV: Calhoun County,1981,02,PRCP,     0.00,    32.89,     1.98,     0.00,     0.00,     0.00,     0.00,     3.80,     5.59,     0.00,     2.67,     9.71,     0.00,     0.00,     0.00,     0.00,     6.48,     2.14,     0.00,     7.16,     6.10,     0.00,    13.45,     9.79,     0.31,     0.00,     0.00,     0.00,  -999.99,  -999.99,  -999.99
cty,46015,WV: Clay County,1981,02,PRCP,     0.00,    26.49,     2.36,     0.00,     0.00,     0.00,     0.00,     3.40,     5.16,     0.00,     1.93,     8.41,     0.00,     0.00,     0.00,     0.00,     4.91,     1.59,     0.03,     9.29,     7.87,     0.00,    12.92,     9.04,     0.85,     0.00,     0.00,     0.00,  -999.99,  -999.99,  -999.99
cty,46017,WV: Doddridge County,1981,02,PRCP,     0.00,    36.78,     1.55,     0.00,     0.00,     0.47,     0.00,     3.90,     6.05,     0.00,     3.27,     9.85,     0.00,     0.00,     0.00,     0.00,     6.95,     2.71,     0.00,     9.35,     9.50,     0.00,    12.21,    10.81,     0.84,     0.00,     0.00,     0.00,  -999.99,  -999.99,  -999.99
cty,46019,WV: Fayette County,1981,02,PRCP,     0.00,    21.08,     2.30,     0.00,     0.04,     0.00,     0.00,     2.12,     2.59,     0.00,     5.52,     5.27,     0.00,     0.00,     0.00,     0.00,     5.76,     1.17,     0.41,    11.43,     8.25,     0.01,    10.04,     7.38,     1.13,     0.00,     0.00,     0.00,  -999.99,  -999.99,  -999.99
cty,46021,WV: Gilmer County,1981,02,PRCP,     0.00,    30.90,     1.68,     0.00,     0.00,     0.00,     0.00,     3.69,     5.85,     0.00,     2.37,     8.71,     0.00,     0.00,     0.00,     0.00,     5.95,     2.21,     0.00,     7.45,     7.23,     0.00,    12.47,    10.49,     0.35,     0.00,     0.00,     0.00,  -999.99,  -999.99,  -999.99
cty,46023,WV: Grant County,1981,02,PRCP,     0.00,    18.14,     0.98,     0.03,     0.00,     0.00,     0.00,     0.02,     1.82,     0.00,    16.18,     1.16,     0.00,     0.00,     0.00,     0.00,     0.35,     0.07,     0.00,     8.96,     9.95,     0.90,     0.58,     7.45,     0.30,     0.00,     0.00,     0.00,  -999.99,  -999.99,  -999.99
cty,46025,WV: Greenbrier County,1981,02,PRCP,     0.00,    23.38,     0.99,     0.09,     0.01,     0.00,     0.00,     0.35,     0.86,     0.03,    19.00,     2.66,     0.00,     0.00,     0.00,     0.00,     5.70,     0.89,     0.60,     7.34,     4.57,     0.00,     6.25,     8.63,     0.10,     0.00,     0.00,     0.00,  -999.99,  -999.99,  -999.99
cty,46027,WV: Hampshire County,1981,02,PRCP,     0.00,    19.49,     1.94,     0.00,     0.00,     0.00,     0.00,     0.00,     2.70,     0.00,    10.70,     1.58,     0.00,     0.00,     0.00,     0.00,     0.03,     0.12,     0.00,    13.99,    13.48,     1.25,     1.94,     6.72,     0.48,     0.00,     0.00,     0.00,  -999.99,  -999.99,  -999.99
cty,46029,WV: Hancock County,1981,02,PRCP,     0.00,    30.38,     0.98,     0.00,     0.03,     1.08,     0.42,     1.35,     1.94,     0.00,    10.75,     9.76,     0.00,     0.00,     0.00,     0.00,     8.14,     0.55,     0.65,    14.95,    10.66,     0.00,     4.43,    10.28,     1.44,     0.00,     0.00,     1.16,  -999.99,  -999.99,  -999.99
cty,46031,WV: Hardy County,1981,02,PRCP,     0.00,    20.85,     1.83,     0.01,     0.00,     0.00,     0.00,     0.00,     2.28,     0.00,    16.33,     2.02,     0.00,     0.00,     0.00,     0.00,     0.30,     0.31,     0.00,    14.72,    13.60,     1.14,     0.80,     7.56,     0.39,     0.00,     0.00,     0.00,  -999.99,  -999.99,  -999.99
cty,46033,WV: Harrison County,1981,02,PRCP,     0.00,    31.72,     1.87,     0.00,     0.00,     0.09,     0.00,     3.01,     6.45,     0.00,     2.87,     8.05,     0.00,     0.00,     0.00,     0.00,     4.74,     2.45,     0.00,     9.16,    12.42,     0.57,     7.46,    13.91,     1.14,     0.00,     0.00,     0.00,  -999.99,  -999.99,  -999.99
cty,46035,WV: Jackson County,1981,02,PRCP,     0.00,    47.47,     2.89,     0.00,     0.00,     0.00,     0.00,     2.88,     3.83,     0.00,     3.92,     8.95,     0.00,     0.00,     0.00,     0.00,     9.55,     2.20,     0.15,     9.19,     4.05,     0.00,    12.78,     6.74,     0.41,     0.00,     0.00,     0.00,  -999.99,  -999.99,  -999.99
cty,46037,WV: Jefferson County,1981,02,PRCP,     0.00,    18.63,     4.31,     0.00,     0.00,     0.00,     0.00,     0.00,     4.08,     0.00,    15.05,     1.71,     0.00,     0.00,     0.00,     0.00,     0.38,     0.04,     0.00,    23.13,     7.23,     1.16,     9.48,     9.62,     0.01,     0.00,     0.00,     0.00,  -999.99,  -999.99,  -999.99
cty,46039,WV: Kanawha County,1981,02,PRCP,     0.00,    34.12,     2.47,     0.00,     0.00,     0.00,     0.00,     3.47,     3.44,     0.00,     3.29,     8.22,     0.00,     0.00,     0.00,     0.00,     6.86,     1.77,     0.28,     9.95,     4.30,     0.00,    14.55,     6.68,     1.03,     0.00,     0.00,     0.00,  -999.99,  -999.99,  -999.99
cty,46041,WV: Lewis County,1981,02,PRCP,     0.00,    29.41,     2.14,     0.04,     0.00,     0.00,     0.00,     3.16,     7.11,     0.00,     1.88,     8.26,     0.00,     0.00,     0.00,     0.00,     4.56,     2.47,     0.00,     9.04,    14.34,     0.34,     8.54,    14.16,     0.70,     0.00,     0.00,     0.00,  -999.99,  -999.99,  -999.99
cty,46043,WV: Lincoln County,1981,02,PRCP,     0.00,    38.17,     1.33,     0.00,     0.00,     0.00,     0.00,     3.58,     1.47,     0.00,     4.21,     5.63,     0.00,     0.00,     0.00,     0.00,     7.93,     2.37,     0.39,     7.43,     0.89,     0.00,    13.55,     3.17,     0.53,     0.00,     0.00,     0.00,  -999.99,  -999.99,  -999.99
cty,46045,WV: Logan County,1981,02,PRCP,     0.00,    32.01,     1.72,     0.00,     0.00,     0.00,     0.00,     3.96,     1.09,     0.00,     6.19,     7.51,     0.00,     0.00,     0.00,     0.00,    10.91,     2.86,     0.84,    10.61,     1.71,     0.00,    15.32,     3.38,     0.41,     0.00,     0.00,     0.00,  -999.99,  -999.99,  -999.99
cty,46047,WV: McDowell County,1981,02,PRCP,     0.00,    18.83,     1.68,     0.00,     0.00,     0.00,     0.00,     2.05,     1.47,     0.00,     9.23,     5.07,     0.00,     0.00,     0.00,     0.00,    10.26,     3.27,     0.63,    13.84,     1.29,     0.00,    11.38,     2.17,     0.28,     0.00,     0.00,     0.00,  -999.99,  -999.99,  -999.99
cty,46049,WV: Marion County,1981,02,PRCP,     0.00,    36.99,     2.10,     0.04,     0.00,     0.21,     0.02,     3.14,     6.47,     0.00,     4.36,     8.80,     0.00,     0.00,     0.00,     0.00,     4.74,     2.07,     0.00,     9.91,    14.88,     0.84,     5.37,    15.54,     1.50,     0.00,     0.00,     0.00,  -999.99,  -999.99,  -999.99
cty,46051,WV: Marshall County,1981,02,PRCP,     0.00,    36.28,     1.19,     0.00,     0.00,     0.85,     0.09,     2.70,     2.57,     0.00,     5.77,     9.61,     0.00,     0.00,     0.00,     0.00,     6.99,     1.17,     0.01,    11.86,     8.84,     0.00,     7.98,     8.38,     1.41,     0.00,     0.03,     0.58,  -999.99,  -999.99,  -999.99
cty,46053,WV: Mason County,1981,02,PRCP,     0.00,    49.16,     1.67,     0.00,     0.00,     0.00,     0.00,     2.14,     1.54,     0.00,     4.89,     5.61,     0.00,     0.00,     0.00,     0.00,    10.16,     1.80,     0.73,     9.55,     1.81,     0.00,    11.65,     4.24,     0.21,     0.00,     0.00,     0.00,  -999.99,  -999.99,  -999.99
cty,46055,WV: Mercer County,1981,02,PRCP,     0.00,    15.70,     1.79,     0.00,     0.00,     0.00,     0.00,     0.32,     0.72,     0.00,    15.62,     2.27,     0.00,     0.00,     0.00,     0.00,     5.29,     2.80,     0.75,    12.15,     2.07,     0.00,     7.74,     3.70,     0.11,     0.00,     0.00,     0.00,  -999.99,  -999.99,  -999.99
cty,46057,WV: Mineral County,1981,02,PRCP,     0.00,    21.01,     0.83,     0.00,     0.00,     0.00,     0.00,     0.00,     2.72,     0.00,    12.15,     1.06,     0.00,     0.00,     0.00,     0.00,     0.06,     0.00,     0.00,    12.17,     8.62,     0.95,     1.13,     7.14,     0.55,     0.00,     0.00,     0.00,  -999.99,  -999.99,  -999.99
cty,46059,WV: Mingo County,1981,02,PRCP,     0.00,    34.45,     1.33,     0.00,     0.00,     0.00,     0.00,     4.32,     0.44,     0.00,     6.51,     7.47,     0.00,     0.00,     0.00,     0.00,    12.87,     3.44,     1.01,     9.96,     0.60,     0.00,    14.76,     2.31,     0.00,     0.00,     0.00,     0.00,  -999.99,  -999.99,  -999.99
cty,46061,WV: Monongalia County,1981,02,PRCP,     0.00,    36.08,     2.80,     0.08,     0.00,     0.11,     0.19,     2.90,     7.20,     0.00,     3.72,     8.00,     0.00,     0.00,     0.00,     0.00,     3.50,     1.95,     0.00,    10.18,    22.39,     1.37,     2.41,    17.06,     1.71,     0.00,     0.00,     0.00,  -999.99,  -999.99,  -999.99
cty,46063,WV: Monroe County,1981,02,PRCP,     0.00,    18.48,     0.89,     0.00,     0.00,     0.00,     0.00,     0.03,     0.54,     0.00,    19.49,     2.51,     0.00,     0.00,     0.00,     0.00,     4.01,     1.28,     0.42,    10.72,     2.12,     0.00,     5.60,     6.31,     0.00,     0.00,     0.00,     0.00,  -999.99,  -999.99,  -999.99
cty,46065,WV: Morgan County,1981,02,PRCP,     0.00,    23.16,     2.36,     0.00,     0.00,     0.00,     0.00,     0.00,     3.72,     0.00,    13.22,     1.35,     0.00,     0.00,     0.00,     0.00,     0.00,     0.00,     0.00,    15.71,     8.20,     1.28,     5.82,     8.37,     0.59,     0.00,     0.00,     0.00,  -999.99,  -999.99,  -999.99
cty,46067,WV: Nicholas County,1981,02,PRCP,     0.00,    21.94,     2.56,     0.04,     0.04,     0.00,     0.00,     1.82,     4.72,     0.00,     4.09,     5.67,     0.00,     0.00,     0.00,     0.00,     4.01,     1.28,     0.04,    11.05,    15.37,     0.28,     8.48,    10.39,     1.48,     0.00,     0.00,     0.00,  -999.99,  -999.99,  -999.99
cty,46069,WV: Ohio County,1981,02,PRCP,     0.00,    35.09,     1.22,     0.00,     0.00,     0.87,     0.26,     2.21,     2.50,     0.00,     7.00,    10.09,     0.00,     0.00,     0.00,     0.00,     6.97,     0.61,     0.00,    13.77,    10.32,     0.00,     6.31,     8.90,     1.65,     0.00,     0.00,     0.96,  -999.99,  -999.99,  -999.99
cty,46071,WV: Pendleton County,1981,02,PRCP,     0.00,    19.75,     1.24,     0.01,     0.01,     0.00,     0.00,     0.00,     1.27,     0.00,    24.06,     1.02,     0.00,     0.00,     0.00,     0.00,     0.72,     0.02,     0.00,     8.93,     7.95,     0.76,     0.05,     8.84,     0.06,     0.00,     0.00,     0.01,  -999.99,  -999.99,  -999.99
cty,46073,WV: Pleasants County,1981,02,PRCP,     0.00,    48.89,     1.27,     0.00,     0.00,     0.78,     0.00,     4.01,     2.85,     0.00,     5.72,     7.51,     0.00,     0.00,     0.00,     0.00,    12.04,     3.63,     0.00,    10.86,     7.35,     0.00,    11.52,     9.43,     0.22,     0.00,     0.00,     0.03,  -999.99,  -999.99,  -999.99
cty,46075,WV: Pocahontas County,1981,02,PRCP,     0.00,    29.95,     1.99,     0.26,     0.07,     0.00,     0.00,     0.04,     2.25,     0.00,    26.03,     3.88,     0.00,     0.00,     0.00,     0.00,     4.51,     0.60,     0.28,     6.30,    10.39,     0.47,     3.08,    14.49,     0.42,     0.00,     0.00,     0.00,  -999.99,  -999.99,  -999.99
cty,46077,WV: Preston County,1981,02,PRCP,     0.00,    27.01,     3.41,     0.40,     0.04,     0.00,     0.14,     1.89,     5.98,     0.01,     2.28,     6.48,     0.00,     0.00,     0.00,     0.00,     2.19,     2.40,     0.00,     8.08,    24.82,     1.54,     0.29,    14.01,     1.54,     0.00,     0.00,     0.00,  -999.99,  -999.99,  -999.99
cty,46079,WV: Putnam County,1981,02,PRCP,     0.00,    41.93,     1.85,     0.00,     0.00,     0.00,     0.00,     2.68,     2.30,     0.00,     4.03,     6.36,     0.00,     0.00,     0.00,     0.00,     7.87,     2.00,     0.33,     7.93,     1.43,     0.00,    12.79,     4.43,     0.50,     0.00,     0.00,     0.00,  -999.99,  -999.99,  -999.99
cty,46081,WV: Raleigh County,1981,02,PRCP,     0.00,    17.22,     1.92,     0.00,     0.00,     0.00,     0.00,     1.40,     1.11,     0.00,     7.93,     3.76,     0.00,     0.00,     0.00,     0.00,     7.08,     1.53,     0.64,    10.39,     4.39,     0.00,     8.68,     4.73,     0.43,     0.00,     0.00,     0.00,  -999.99,  -999.99,  -999.99
cty,46083,WV: Randolph County,1981,02,PRCP,     0.00,    22.93,     4.57,     0.68,     0.29,     0.00,     0.00,     0.20,     6.65,     0.00,     9.60,     7.86,     0.00,     0.00,     0.00,     0.00,     1.95,     1.51,     0.00,     7.39,    33.19,     1.53,     1.07,    16.45,     1.99,     0.00,     0.00,     0.00,  -999.99,  -999.99,  -999.99
cty,46085,WV: Ritchie County,1981,02,PRCP,     0.00,    40.50,     1.57,     0.00,     0.00,     0.37,     0.00,     4.07,     4.68,     0.00,     3.86,     9.05,     0.00,     0.00,     0.00,     0.00,     8.85,     2.97,     0.00,     8.65,     7.35,     0.00,    12.73,     9.88,     0.30,     0.00,     0.00,     0.00,  -999.99,  -999.99,  -999.99
cty,46087,WV: Roane County,1981,02,PRCP,     0.00,    36.63,     2.46,     0.00,     0.00,     0.00,     0.00,     3.50,     5.00,     0.00,     3.03,     9.95,     0.00,     0.00,     0.00,     0.00,     7.08,     2.03,     0.00,     8.10,     5.02,     0.00,    13.91,     8.53,     0.50,     0.00,     0.00,     0.00,  -999.99,  -999.99,  -999.99
cty,46089,WV: Summers County,1981,02,PRCP,     0.00,    16.91,     0.86,     0.00,     0.00,     0.00,     0.00,     0.40,     0.25,     0.00,    13.54,     1.82,     0.00,     0.00,     0.00,     0.00,     5.76,     1.45,     0.44,     8.78,     1.44,     0.00,     7.24,     4.05,     0.00,     0.00,     0.00,     0.00,  -999.99,  -999.99,  -999.99
cty,46091,WV: Taylor County,1981,02,PRCP,     0.00,    30.45,     2.79,     0.16,     0.00,     0.00,     0.00,     2.71,     7.01,     0.00,     2.01,     7.58,     0.00,     0.00,     0.00,     0.00,     3.04,     2.65,     0.00,     9.62,    22.21,     1.17,     2.46,    17.15,     1.34,     0.00,     0.00,     0.00,  -999.99,  -999.99,  -999.99
cty,46093,WV: Tucker County,1981,02,PRCP,     0.00,    22.45,     3.24,     0.44,     0.13,     0.00,     0.01,     0.74,     4.71,     0.00,     8.65,     5.84,     0.00,     0.00,     0.00,     0.00,     1.46,     1.56,     0.00,     6.43,    21.89,     1.37,     0.29,    13.13,     1.16,     0.00,     0.00,     0.00,  -999.99,  -999.99,  -999.99
cty,46095,WV: Tyler County,1981,02,PRCP,     0.00,    46.17,     1.30,     0.01,     0.00,     0.91,     0.01,     4.03,     3.99,     0.00,     5.45,     9.84,     0.00,     0.00,     0.00,     0.00,    10.33,     3.30,     0.00,    11.70,     8.69,     0.01,    12.67,     9.91,     0.75,     0.00,     0.00,     0.02,  -999.99,  -999.99,  -999.99
cty,46097,WV: Upshur County,1981,02,PRCP,     0.00,    25.53,     3.81,     0.42,     0.03,     0.00,     0.00,     1.30,     8.41,     0.00,     2.28,     8.52,     0.00,     0.00,     0.00,     0.00,     2.66,     2.68,     0.00,    10.04,    32.21,     1.22,     2.95,    17.67,     1.74,     0.00,     0.00,     0.00,  -999.99,  -999.99,  -999.99
cty,46099,WV: Wayne County,1981,02,PRCP,     0.00,    47.65,     0.76,     0.00,     0.00,     0.00,     0.00,     3.96,     0.34,     0.00,     4.97,     4.29,     0.00,     0.00,     0.00,     0.00,     9.93,     3.03,     0.70,     6.04,     0.05,     0.00,    12.87,     2.40,     0.00,     0.00,     0.00,     0.00,  -999.99,  -999.99,  -999.99
cty,46101,WV: Webster County,1981,02,PRCP,     0.00,    20.20,     3.39,     0.32,     0.19,     0.00,     0.00,     0.59,     6.74,     0.00,     4.61,     5.76,     0.00,     0.00,     0.00,     0.00,     2.68,     1.51,     0.01,     9.53,    26.53,     1.04,     3.72,    12.77,     1.88,     0.00,     0.00,     0.00,  -999.99,  -999.99,  -999.99
cty,46103,WV: Wetzel County,1981,02,PRCP,     0.00,    41.44,     1.41,     0.01,     0.00,     0.81,     0.01,     3.53,     4.13,     0.00,     5.38,    10.18,     0.00,     0.00,     0.00,     0.00,     7.95,     2.20,     0.00,    11.31,     9.76,     0.07,    10.08,    10.59,     1.23,     0.00,     0.00,     0.03,  -999.99,  -999.99,  -999.99
cty,46105,WV: Wirt County,1981,02,PRCP,     0.00,    39.58,     2.02,     0.00,     0.00,     0.01,     0.00,     3.56,     4.07,     0.00,     3.50,     8.62,     0.00,     0.00,     0.00,     0.00,     8.33,     2.25,     0.00,     7.30,     5.37,     0.00,    11.72,     8.51,     0.08,     0.00,     0.00,     0.00,  -999.99,  -999.99,  -999.99
cty,46107,WV: Wood County,1981,02,PRCP,     0.00,    47.47,     1.58,     0.00,     0.00,     0.37,     0.00,     3.40,     1.91,     0.02,     4.84,     5.78,     0.00,     0.00,     0.00,     0.00,    11.35,     2.21,     0.09,     9.51,     5.55,     0.00,     9.59,     7.46,     0.00,     0.00,     0.00,     0.00,  -999.99,  -999.99,  -999.99
cty,46109,WV: Wyoming County,1981,02,PRCP,     0.00,    22.74,     1.71,     0.00,     0.00,     0.00,     0.00,     2.52,     0.84,     0.00,     8.81,     5.48,     0.00,     0.00,     0.00,     0.00,     9.84,     2.75,     1.23,    11.74,     2.55,     0.00,    12.87,     3.42,     0.10,     0.00,     0.00,     0.00,  -999.99,  -999.99,  -999.99
cty,47001,WI: Adams County,1981,02,PRCP,     4.22,     0.00,     0.00,     0.00,     0.00,     1.18,     2.24,     1.17,     0.00,     1.22,     3.68,     0.00,     0.14,     0.00,     0.00,     0.00,     0.00,     0.00,     0.00,     0.00,     0.00,    17.09,    17.01,     2.23,     0.00,     0.00,     0.07,    11.30,  -999.99,  -999.99,  -999.99
cty,47003,WI: Ashland County,1981,02,PRCP,     4.74,     3.14,     0.22,     0.00,     0.00,     1.11,     1.57,     3.80,     0.01,     0.94,     1.76,     0.00,     0.00,     0.00,     0.00,     0.00,     0.00,     0.00,     3.16,     0.00,     0.00,    14.61,    14.61,     2.72,     0.00,     0.00,     0.00,    12.52,  -999.99,  -999.99,  -999.99
cty,47005,WI: Barron County,1981,02,PRCP,     5.99,     0.00,     0.00,     0.00,     0.00,     0.40,     4.57,     3.47,     0.00,     0.74,     1.35,     0.00,     0.00,     0.00,     0.00,     0.00,     0.00,     0.05,     0.00,     0.00,     0.00,    19.55,    14.29,     0.23,     0.00,     0.00,     0.36,    17.63,  -999.99,  -999.99,  -999.99
cty,47007,WI: Bayfield County,1981,02,PRCP,     7.43,     2.31,     0.01,     0.00,     0.00,     1.12,     1.31,     3.75,     0.00,     0.85,     1.28,     0.00,     0.00,     0.00,     0.00,     0.00,     0.00,     0.47,     2.21,     0.00,     0.00,    19.24,    13.66,     1.60,     0.00,     0.00,     0.00,    15.35,  -999.99,  -999.99,  -999.99
cty,47009,WI: Brown County,1981,02,PRCP,     3.61,     0.03,     0.00,     0.00,     0.00,     0.55,     4.17,     2.60,     0.00,     0.93,     7.30,     0.00,     0.00,     0.00,     0.00,     0.00,     0.00,     0.00,     0.00,     0.00,     0.00,     8.00,    20.24,     1.53,     0.00,     0.00,     0.00,    17.77,  -999.99,  -999.99,  -999.99
cty,47011,WI: Buffalo County,1981,02,PRCP,     3.27,     0.00,     0.00,     0.00,     0.00,     1.06,     4.15,     1.04,     0.18,     1.07,     1.84,     0.00,     0.01,     0.00,     0.00,     0.00,     0.00,     0.00,     0.00,     0.00,     0.00,    15.43,    14.00,     0.48,     0.00,     0.00,     1.57,    10.59,  -999.99,  -999.99,  -999.99
cty,47013,WI: Burnett County,1981,02,PRCP,    10.07,     0.00,     0.00,     0.00,     0.00,     0.18,     3.92,     3.46,     0.01,     1.05,     1.11,     0.00,     0.00,     0.00,     0.00,     0.00,     0.00,     2.46,     0.49,     0.00,     0.00,    22.06,     8.29,     0.34,     0.00,     0.00,     0.29,    22.01,  -999.99,  -999.99,  -999.99
cty,47015,WI: Calumet County,1981,02,PRCP,     2.76,     0.00,     0.00,     0.00,     0.00,     0.63,     3.70,     1.15,     0.00,     1.16,     6.97,     0.00,     0.00,     0.00,     0.00,     0.00,     0.00,     0.00,     0.00,     0.00,     0.00,    11.22,    16.54,     1.99,     0.00,     0.00,     0.00,    14.13,  -999.99,  -999.99,  -999.99
cty,47017,WI: Chippewa County,1981,02,PRCP,     3.57,     0.00,     0.00,     0.00,     0.00,     0.85,     4.17,     2.70,     0.00,     0.61,     1.96,     0.00,     0.00,     0.00,     0.00,     0.00,     0.00,     0.00,     0.00,     0.00,     0.00,    16.12,    15.80,     1.16,     0.00,     0.00,     0.51,    14.15,  -999.99,  -999.99,  -999.99
cty,47019,WI: Clark County,1981,02,PRCP,     3.10,     0.10,     0.00,     0.00,     0.00,     1.28,     3.44,     2.43,     0.00,     0.61,     2.37,     0.00,     0.05,     0.00,     0.00,     0.00,     0.00,     0.00,     0.00,     0.00,     0.00,    12.78,    13.45,     3.04,     0.00,     0.00,     0.04,    12.48,  -999.99,  -999.99,  -999.99
cty,47021,WI: Columbia County,1981,02,PRCP,     3.26,     0.00,     0.00,     0.00,     0.00,     0.99,     2.34,     0.46,     0.00,     1.31,     4.79,     0.00,     0.00,     0.00,     0.00,     0.00,     0.00,     0.00,     0.00,     0.00,     0.00,    21.09,    20.11,     1.28,     0.00,     0.00,     0.53,     6.81,  -999.99,  -999.99,  -999.99
cty,47023,WI: Crawford County,1981,02,PRCP,     4.85,     0.00,     0.00,     0.00,     0.00,     1.76,     0.94,     0.00,     0.25,     2.00,     2.43,     0.00,     0.00,     0.00,     0.00,     0.00,     0.00,     0.00,     0.00,     0.00,     0.00,    14.46,    14.65,     1.05,     0.00,     0.00,     1.91,     3.83,  -999.99,  -999.99,  -999.99
cty,47025,WI: Dane County,1981,02,PRCP,     3.27,     0.00,     0.00,     0.00,     0.00,     0.95,     1.79,     0.39,     0.11,     1.69,     4.95,     0.00,     0.00,     0.00,     0.00,     0.00,     0.00,     0.00,     0.00,     0.00,     0.00,    22.01,    20.31,     0.58,     0.00,     0.00,     1.93,     3.21,  -999.99,  -999.99,  -999.99
cty,47027,WI: Dodge County,1981,02,PRCP,     2.94,     0.24,     0.00,     0.00,     0.00,     0.80,     2.19,     0.34,     0.00,     1.49,     7.04,     0.00,     0.00,     0.00,     0.00,     0.00,     0.00,     0.00,     0.00,     0.00,     0.00,    19.00,    16.54,     3.03,     0.00,     0.00,     0.86,     5.53,  -999.99,  -999.99,  -999.99
cty,47029,WI: Door County,1981,02,PRCP,     3.36,     1.62,     0.25,     0.06,     0.00,     0.68,     2.57,     5.24,     0.00,     0.00,     6.81,     0.00,     0.00,     0.00,     0.00,     0.00,     0.18,     0.00,     0.00,     0.00,     0.00,     1.03,    14.27,     1.11,     0.00,     0.00,     0.00,    14.25,  -999.99,  -999.99,  -999.99
cty,47031,WI: Douglas County,1981,02,PRCP,     9.51,     0.63,     0.00,     0.00,     0.00,     0.66,     1.29,     3.16,     0.03,     0.68,     0.80,     0.00,     0.00,     0.00,     0.00,     0.00,     0.00,     2.60,     1.00,     0.00,     0.00,    20.30,     8.98,     0.48,     0.00,     0.00,     0.00,    16.41,  -999.99,  -999.99,  -999.99
cty,47033,WI: Dunn County,1981,02,PRCP,     4.30,     0.00,     0.00,     0.00,     0.00,     0.45,     4.79,     2.11,     0.00,     0.84,     1.51,     0.00,     0.00,     0.00,     0.00,     0.00,     0.00,     0.00,     0.00,     0.00,     0.00,    15.16,    14.05,     0.11,     0.00,     0.00,     1.26,    13.60,  -999.99,  -999.99,  -999.99
cty,47035,WI: Eau Claire County,1981,02,PRCP,     3.24,     0.00,     0.00,     0.00,     0.00,     1.08,     4.49,     2.33,     0.00,     0.72,     1.96,     0.00,     0.00,     0.00,     0.00,     0.00,     0.00,     0.00,     0.00,     0.08,     0.00,    15.35,    14.87,     1.28,     0.00,     0.00,     0.73,    13.55,  -999.99,  -999.99,  -999.99
cty,47037,WI: Florence County,1981,02,PRCP,     3.44,     1.99,     0.00,     0.00,     0.00,     0.47,     2.17,     2.47,     0.00,     0.00,     3.80,     0.00,     0.00,     0.00,     0.00,     0.11,     0.00,     0.00,     0.52,     0.00,     0.00,     4.29,    18.27,     7.06,     0.00,     0.00,     0.00,     9.55,  -999.99,  -999.99,  -999.99
cty,47039,WI: Fond du Lac County,1981,02,PRCP,     2.85,     0.09,     0.00,     0.00,     0.00,     0.74,     2.92,     0.62,     0.00,     1.33,     7.29,     0.00,     0.00,     0.00,     0.00,     0.00,     0.00,     0.00,     0.00,     0.00,     0.00,    16.65,    17.20,     2.83,     0.00,     0.00,     0.30,     9.68,  -999.99,  -999.99,  -999.99
cty,47041,WI: Forest County,1981,02,PRCP,     4.45,     1.46,     0.00,     0.00,     0.00,     0.52,     2.74,     1.48,     0.00,     0.04,     3.72,     0.00,     0.00,     0.00,     0.00,     0.02,     0.00,     0.00,     0.33,     0.00,     0.00,     7.02,    20.87,     7.88,     0.00,     0.00,     0.00,    10.15,  -999.99,  -999.99,  -999.99
cty,47043,WI: Grant County,1981,02,PRCP,     4.78,     0.02,     0.00,     0.00,     0.00,     1.26,     0.60,     0.06,     0.44,     2.49,     2.62,     0.00,     0.00,     0.00,     0.00,     0.00,     0.00,     0.00,     0.00,     0.00,     0.00,    17.38,    16.47,     0.55,     0.00,     0.00,     4.54,     2.61,  -999.99,  -999.99,  -999.99
cty,47045,WI: Green County,1981,02,PRCP,     3.95,     0.00,     0.00,     0.00,     0.00,     0.73,     0.90,     0.15,     0.42,     2.25,     4.83,     0.00,     0.00,     0.00,     0.00,     0.00,     0.00,     0.00,     0.00,     0.00,     0.00,    23.48,    21.95,     0.47,     0.00,     0.00,     6.96,     1.39,  -999.99,  -999.99,  -999.99
cty,47047,WI: Green Lake County,1981,02,PRCP,     3.75,     0.00,     0.00,     0.00,     0.00,     0.96,     2.94,     0.71,     0.00,     1.40,     5.90,     0.00,     0.00,     0.00,     0.00,     0.00,     0.00,     0.00,     0.00,     0.00,     0.00,    22.12,    22.66,     2.85,     0.00,     0.00,     0.26,    11.19,  -999.99,  -999.99,  -999.99
cty,47049,WI: Iowa County,1981,02,PRCP,     4.43,     0.01,     0.00,     0.00,     0.00,     1.43,     1.17,     0.45,     0.41,     2.69,     3.74,     0.00,     0.00,     0.00,     0.00,     0.00,     0.00,     0.00,     0.00,     0.00,     0.00,    20.84,    21.74,     0.87,     0.00,     0.00,     3.75,     3.69,  -999.99,  -999.99,  -999.99
cty,47051,WI: Iron County,1981,02,PRCP,     4.36,     4.29,     0.50,     0.01,     0.00,     1.28,     1.83,     3.84,     0.15,     1.01,     2.58,     0.00,     0.00,     0.00,     0.00,     0.00,     0.00,     0.00,     4.08,     0.00,     0.00,    11.76,    16.18,     4.43,     0.00,     0.00,     0.00,    10.77,  -999.99,  -999.99,  -999.99
cty,47053,WI: Jackson County,1981,02,PRCP,     4.36,     0.01,     0.00,     0.00,     0.00,     1.74,     4.00,     1.91,     0.00,     0.98,     2.72,     0.00,     0.01,     0.00,     0.00,     0.00,     0.00,     0.00,     0.00,     0.01,     0.00,    16.26,    15.53,     2.83,     0.00,     0.00,     0.31,    14.27,  -999.99,  -999.99,  -999.99
cty,47055,WI: Jefferson County,1981,02,PRCP,     3.51,     0.13,     0.00,     0.00,     0.00,     0.83,     1.81,     0.32,     0.00,     1.99,     7.35,     0.00,     0.00,     0.00,     0.00,     0.00,     0.00,     0.00,     0.00,     0.00,     0.00,    20.43,    17.08,     1.45,     0.00,     0.00,     2.83,     4.12,  -999.99,  -999.99,  -999.99
cty,47057,WI: Juneau County,1981,02,PRCP,     4.33,     0.00,     0.00,     0.00,     0.00,     1.28,     2.09,     1.30,     0.00,     1.30,     3.08,     0.00,     0.03,     0.00,     0.00,     0.00,     0.00,     0.00,     0.00,     0.00,     0.00,    15.66,    14.69,     2.27,     0.00,     0.00,     0.11,    10.79,  -999.99,  -999.99,  -999.99
cty,47059,WI: Kenosha County,1981,02,PRCP,     3.42,     0.61,     0.00,     0.00,     0.00,     0.78,     0.69,     0.00,     0.20,     3.02,    10.80,     0.00,     0.00,     0.00,     0.00,     0.00,     0.00,     0.00,     0.00,     0.00,     0.00,     7.83,     9.22,     0.95,     0.00,     0.00,     2.43,     6.39,  -999.99,  -999.99,  -999.99
cty,47061,WI: Kewaunee County,1981,02,PRCP,     3.80,     0.94,     0.00,     0.00,     0.00,     0.69,     3.75,     3.77,     0.00,     0.58,     8.54,     0.00,     0.00,     0.00,     0.00,     0.00,     0.00,     0.00,     0.00,     0.00,     0.00,     4.42,    17.53,     1.15,     0.00,     0.00,     0.00,    16.59,  -999.99,  -999.99,  -999.99
cty,47063,WI: La Crosse County,1981,02,PRCP,     4.83,     0.00,     0.00,     0.00,     0.00,     2.22,     2.64,     0.25,     0.13,     1.50,     2.37,     0.00,     0.00,     0.00,     0.00,     0.00,     0.00,     0.00,     0.00,     0.00,     0.00,    16.08,    14.28,     1.17,     0.00,     0.00,     0.80,     9.68,  -999.99,  -999.99,  -999.99
cty,47065,WI: Lafayette County,1981,02,PRCP,     4.89,     0.00,     0.00,     0.00,     0.00,     0.92,     0.58,     0.26,     0.51,     2.70,     4.09,     0.00,     0.00,     0.00,     0.00,     0.00,     0.00,     0.00,     0.00,     0.00,     0.00,    21.63,    23.31,     0.68,     0.00,     0.00,     7.53,     1.74,  -999.99,  -999.99,  -999.99
cty,47067,WI: Langlade County,1981,02,PRCP,     5.54,     0.83,     0.00,     0.00,     0.00,     0.59,     2.73,     1.25,     0.00,     0.41,     3.87,     0.00,     0.00,     0.00,     0.00,     0.00,     0.00,     0.00,     0.07,     0.00,     0.00,     9.77,    23.79,     6.60,     0.00,     0.00,     0.00,    12.95,  -999.99,  -999.99,  -999.99
cty,47069,WI: Lincoln County,1981,02,PRCP,     4.89,     0.63,     0.00,     0.00,     0.00,     0.75,     2.32,     1.97,     0.00,     0.56,     2.98,     0.00,     0.00,     0.00,     0.00,     0.00,     0.00,     0.00,     0.71,     0.00,     0.00,     9.11,    14.98,     3.86,     0.00,     0.00,     0.00,     9.30,  -999.99,  -999.99,  -999.99
cty,47071,WI: Manitowoc County,1981,02,PRCP,     3.12,     0.34,     0.00,     0.00,     0.00,     0.69,     3.63,     1.81,     0.00,     1.04,     8.84,     0.00,     0.00,     0.00,     0.00,     0.00,     0.00,     0.00,     0.00,     0.00,     0.00,     7.39,    15.97,     1.41,     0.00,     0.00,     0.00,    14.38,  -999.99,  -999.99,  -999.99
cty,47073,WI: Marathon County,1981,02,PRCP,     5.30,     0.33,     0.00,     0.00,     0.00,     1.06,     2.84,     2.29,     0.00,     0.82,     3.74,     0.00,     0.12,     0.00,     0.00,     0.00,     0.00,     0.00,     0.00,     0.00,     0.00,    13.29,    18.51,     4.14,     0.00,     0.00,     0.00,    14.26,  -999.99,  -999.99,  -999.99
cty,47075,WI: Marinette County,1981,02,PRCP,     3.60,     1.18,     0.00,     0.00,     0.00,     0.27,     2.60,     3.22,     0.00,     0.00,     4.73,     0.00,     0.00,     0.00,     0.00,     0.17,     0.00,     0.00,     0.00,     0.00,     0.00,     3.79,    20.52,     3.67,     0.00,     0.00,     0.00,    12.68,  -999.99,  -999.99,  -999.99
cty,47077,WI: Marquette County,1981,02,PRCP,     3.70,     0.00,     0.00,     0.00,     0.00,     0.96,     2.39,     0.71,     0.00,     1.22,     4.50,     0.00,     0.00,     0.00,     0.00,     0.00,     0.00,     0.00,     0.00,     0.00,     0.00,    19.18,    20.27,     2.10,     0.00,     0.00,     0.18,    10.36,  -999.99,  -999.99,  -999.99
cty,47078,WI: Menominee County,1981,02,PRCP,     4.74,     0.14,     0.00,     0.00,     0.00,     0.35,     2.79,     1.25,     0.00,     0.41,     4.67,     0.00,     0.03,     0.00,     0.00,     0.00,     0.00,     0.00,     0.00,     0.00,     0.00,    10.59,    27.46,     5.15,     0.00,     0.00,     0.00,    15.64,  -999.99,  -999.99,  -999.99
cty,47079,WI: Milwaukee County,1981,02,PRCP,     2.95,     0.54,     0.00,     0.00,     0.01,     0.68,     1.47,     0.11,     0.09,     2.03,    10.15,     0.00,     0.00,     0.00,     0.00,     0.00,     0.00,     0.00,     0.00,     0.00,     0.03,     8.83,    11.23,     0.76,     0.00,     0.00,     1.45,     6.94,  -999.99,  -999.99,  -999.99
cty,47081,WI: Monroe County,1981,02,PRCP,     5.49,     0.01,     0.00,     0.00,     0.00,     1.97,     2.58,     1.04,     0.00,     1.29,     2.91,     0.00,     0.00,     0.00,     0.00,     0.00,     0.00,     0.00,     0.00,     0.00,     0.00,    15.53,    14.63,     2.07,     0.00,     0.00,     0.16,    11.62,  -999.99,  -999.99,  -999.99
cty,47083,WI: Oconto County,1981,02,PRCP,     4.31,     0.10,     0.00,     0.00,     0.00,     0.25,     3.43,     2.56,     0.00,     0.06,     5.42,     0.00,     0.04,     0.00,     0.00,     0.11,     0.03,     0.00,     0.00,     0.00,     0.00,     7.03,    25.49,     3.18,     0.00,     0.00,     0.00,    15.99,  -999.99,  -999.99,  -999.99
cty,47085,WI: Oneida County,1981,02,PRCP,     4.73,     1.09,     0.00,     0.00,     0.00,     0.66,     2.30,     1.52,     0.00,     0.50,     2.69,     0.00,     0.00,     0.00,     0.00,     0.00,     0.00,     0.00,     1.43,     0.00,     0.00,     7.35,    14.85,     5.62,     0.00,     0.00,     0.00,     7.30,  -999.99,  -999.99,  -999.99
cty,47087,WI: Outagamie County,1981,02,PRCP,     3.60,     0.00,     0.00,     0.00,     0.00,     0.47,     3.31,     1.50,     0.00,     1.19,     5.96,     0.00,     0.00,     0.00,     0.00,     0.00,     0.00,     0.00,     0.00,     0.00,     0.00,    13.35,    24.25,     2.69,     0.00,     0.00,     0.00,    17.02,  -999.99,  -999.99,  -999.99
cty,47089,WI: Ozaukee County,1981,02,PRCP,     2.52,     0.49,     0.00,     0.00,     0.04,     0.57,     2.10,     0.43,     0.00,     1.29,     8.93,     0.00,     0.00,     0.00,     0.00,     0.00,     0.00,     0.00,     0.00,     0.00,     0.13,     9.09,    12.51,     0.86,     0.00,     0.00,     0.67,     7.51,  -999.99,  -999.99,  -999.99
cty,47091,WI: Pepin County,1981,02,PRCP,     3.96,     0.00,     0.00,     0.00,     0.00,     0.60,     4.62,     1.45,     0.00,     0.99,     1.65,     0.00,     0.00,     0.00,     0.00,     0.00,     0.00,     0.00,     0.00,     0.00,     0.00,    14.92,    14.41,     0.10,     0.00,     0.00,     2.06,    11.12,  -999.99,  -999.99,  -999.99
cty,47093,WI: Pierce County,1981,02,PRCP,     6.02,     0.00,     0.00,     0.00,     0.00,     0.38,     5.85,     1.82,     0.17,     1.42,     1.61,     0.08,     0.00,     0.00,     0.00,     0.00,     0.00,     0.00,     0.00,     0.00,     0.00,    16.60,    14.13,     0.00,     0.00,     0.00,     4.10,    14.72,  -999.99,  -999.99,  -999.99
cty,47095,WI: Polk County,1981,02,PRCP,     8.51,     0.00,     0.00,     0.00,     0.00,     0.23,     5.64,     3.29,     0.05,     1.23,     1.14,     0.02,     0.00,     0.00,     0.00,     0.00,     0.00,     0.86,     0.00,     0.00,     0.00,    20.29,     9.94,     0.00,     0.00,     0.00,     1.23,    21.24,  -999.99,  -999.99,  -999.99
cty,47097,WI: Portage County,1981,02,PRCP,     4.71,     0.00,     0.00,     0.00,     0.00,     0.96,     2.57,     1.58,     0.00,     1.00,     4.11,     0.00,     0.33,     0.00,     0.00,     0.00,     0.00,     0.00,     0.00,     0.00,     0.00,    16.00,    19.80,     3.25,     0.00,     0.00,     0.00,    14.69,  -999.99,  -999.99,  -999.99
cty,47099,WI: Price County,1981,02,PRCP,     4.24,     1.20,     0.00,     0.00,     0.00,     0.93,     2.37,     2.63,     0.02,     0.64,     2.45,     0.00,     0.00,     0.00,     0.00,     0.00,     0.00,     0.00,     2.06,     0.00,     0.00,    12.99,    14.58,     3.01,     0.00,     0.00,     0.00,     9.68,  -999.99,  -999.99,  -999.99
cty,47101,WI: Racine County,1981,02,PRCP,     3.38,     0.58,     0.00,     0.00,     0.00,     0.77,     1.02,     0.02,     0.21,     2.73,    10.69,     0.00,     0.00,     0.00,     0.00,     0.00,     0.00,     0.00,     0.00,     0.00,     0.00,     8.72,    10.16,     0.92,     0.00,     0.00,     2.32,     6.61,  -999.99,  -999.99,  -999.99
cty,47103,WI: Richland County,1981,02,PRCP,     5.21,     0.00,     0.00,     0.00,     0.00,     1.93,     1.40,     0.25,     0.18,     2.39,     3.24,     0.00,     0.00,     0.00,     0.00,     0.00,     0.00,     0.00,     0.00,     0.00,     0.00,    16.03,    18.76,     2.08,     0.00,     0.00,     1.24,     5.95,  -999.99,  -999.99,  -999.99
cty,47105,WI: Rock County,1981,02,PRCP,     3.91,     0.00,     0.00,     0.00,     0.00,     0.68,     1.03,     0.01,     0.27,     2.32,     6.25,     0.00,     0.00,     0.00,     0.00,     0.00,     0.00,     0.00,     0.00,     0.00,     0.00,    22.89,    17.50,     0.50,     0.00,     0.00,     6.21,     2.22,  -999.99,  -999.99,  -999.99
cty,47107,WI: Rusk County,1981,02,PRCP,     4.60,     0.07,     0.00,     0.00,     0.00,     0.83,     3.52,     2.92,     0.00,     0.62,     2.04,     0.00,     0.00,     0.00,     0.00,     0.00,     0.00,     0.00,     0.38,     0.00,     0.00,    18.97,    16.58,     1.66,     0.00,     0.00,     0.09,    15.05,  -999.99,  -999.99,  -999.99
cty,47109,WI: St. Croix County,1981,02,PRCP,     6.88,     0.00,     0.00,     0.00,     0.00,     0.30,     6.21,     2.52,     0.15,     1.40,     1.31,     0.14,     0.00,     0.00,     0.00,     0.00,     0.00,     0.00,     0.00,     0.00,     0.00,    17.76,    12.41,     0.00,     0.00,     0.00,     3.00,    18.50,  -999.99,  -999.99,  -999.99
cty,47111,WI: Sauk County,1981,02,PRCP,     4.01,     0.01,     0.00,     0.00,     0.00,     1.40,     1.54,     0.64,     0.11,     2.09,     3.73,     0.00,     0.00,     0.00,     0.00,     0.00,     0.00,     0.00,     0.00,     0.00,     0.00,    18.91,    18.65,     1.50,     0.00,     0.00,     1.05,     6.46,  -999.99,  -999.99,  -999.99
cty,47113,WI: Sawyer County,1981,02,PRCP,     5.57,     0.42,     0.00,     0.00,     0.00,     0.77,     2.36,     2.69,     0.00,     0.64,     1.55,     0.00,     0.00,     0.00,     0.00,     0.00,     0.00,     0.05,     1.58,     0.00,     0.00,    19.44,    14.04,     1.63,     0.00,     0.00,     0.00,    14.23,  -999.99,  -999.99,  -999.99
cty,47115,WI: Shawano County,1981,02,PRCP,     4.42,     0.13,     0.00,     0.00,     0.00,     0.43,     2.73,     1.51,     0.00,     0.97,     4.78,     0.00,     0.05,     0.00,     0.00,     0.00,     0.00,     0.00,     0.00,     0.00,     0.00,    11.94,    26.26,     3.86,     0.00,     0.00,     0.00,    16.49,  -999.99,  -999.99,  -999.99
cty,47117,WI: Sheboygan County,1981,02,PRCP,     2.66,     0.41,     0.00,     0.00,     0.00,     0.64,     2.83,     0.79,     0.00,     1.19,     8.92,     0.00,     0.00,     0.00,     0.00,     0.00,     0.00,     0.00,     0.00,     0.00,     0.00,     9.53,    14.15,     1.37,     0.00,     0.00,     0.26,    10.21,  -999.99,  -999.99,  -999.99
cty,47119,WI: Taylor County,1981,02,PRCP,     3.47,     0.43,     0.00,     0.00,     0.00,     1.09,     3.10,     2.85,     0.00,     0.59,     2.54,     0.00,     0.00,     0.00,     0.00,     0.00,     0.00,     0.00,     0.22,     0.00,     0.00,    13.55,    14.84,     2.62,     0.00,     0.00,     0.00,    11.65,  -999.99,  -999.99,  -999.99
cty,47121,WI: Trempealeau County,1981,02,PRCP,     3.83,     0.00,     0.00,     0.00,     0.00,     1.78,     4.56,     1.20,     0.26,     1.29,     2.42,     0.00,     0.01,     0.00,     0.00,     0.00,     0.00,     0.00,     0.00,     0.00,     0.00,    18.44,    16.63,     1.44,     0.00,     0.00,     1.13,    13.51,  -999.99,  -999.99,  -999.99
cty,47123,WI: Vernon County,1981,02,PRCP,     5.66,     0.00,     0.00,     0.00,     0.00,     2.22,     1.59,     0.12,     0.07,     1.85,     2.89,     0.00,     0.00,     0.00,     0.00,     0.00,     0.00,     0.00,     0.00,     0.00,     0.00,    15.03,    16.12,     1.88,     0.00,     0.00,     0.82,     6.90,  -999.99,  -999.99,  -999.99
cty,47125,WI: Vilas County,1981,02,PRCP,     5.20,     2.44,     0.00,     0.00,     0.00,     1.07,     2.60,     2.10,     0.01,     0.64,     3.45,     0.00,     0.00,     0.00,     0.00,     0.00,     0.00,     0.00,     2.28,     0.00,     0.00,     8.13,    17.14,     6.98,     0.00,     0.00,     0.00,     7.89,  -999.99,  -999.99,  -999.99
cty,47127,WI: Walworth County,1981,02,PRCP,     3.85,     0.33,     0.00,     0.00,     0.00,     0.76,     1.05,     0.00,     0.23,     2.67,     8.94,     0.00,     0.00,     0.00,     0.00,     0.00,     0.00,     0.00,     0.00,     0.00,     0.00,    15.99,    12.99,     0.90,     0.00,     0.00,     4.62,     4.89,  -999.99,  -999.99,  -999.99
cty,47129,WI: Washburn County,1981,02,PRCP,     7.56,     0.00,     0.00,     0.00,     0.00,     0.50,     2.69,     3.48,     0.00,     0.68,     0.97,     0.00,     0.00,     0.00,     0.00,     0.00,     0.00,     1.35,     0.50,     0.00,     0.00,    21.09,    11.93,     0.31,     0.00,     0.00,     0.00,    18.14,  -999.99,  -999.99,  -999.99
cty,47131,WI: Washington County,1981,02,PRCP,     2.45,     0.41,     0.00,     0.00,     0.01,     0.58,     2.13,     0.31,     0.00,     1.29,     7.99,     0.00,     0.00,     0.00,     0.00,     0.00,     0.00,     0.00,     0.00,     0.00,     0.08,    12.54,    13.24,     1.53,     0.00,     0.00,     0.80,     6.24,  -999.99,  -999.99,  -999.99
cty,47133,WI: Waukesha County,1981,02,PRCP,     2.87,     0.40,     0.00,     0.00,     0.00,     0.64,     1.51,     0.09,     0.06,     1.80,     8.19,     0.00,     0.00,     0.00,     0.00,     0.00,     0.00,     0.00,     0.00,     0.00,     0.02,    12.35,    11.94,     1.14,     0.00,     0.00,     1.96,     5.12,  -999.99,  -999.99,  -999.99
cty,47135,WI: Waupaca County,1981,02,PRCP,     3.84,     0.00,     0.00,     0.00,     0.00,     0.53,     2.38,     1.16,     0.00,     1.16,     4.59,     0.00,     0.02,     0.00,     0.00,     0.00,     0.00,     0.00,     0.00,     0.00,     0.00,    15.40,    24.01,     3.32,     0.00,     0.00,     0.00,    15.31,  -999.99,  -999.99,  -999.99
cty,47137,WI: Waushara County,1981,02,PRCP,     3.92,     0.00,     0.00,     0.00,     0.00,     0.82,     2.56,     0.98,     0.00,     1.19,     4.88,     0.00,     0.07,     0.00,     0.00,     0.00,     0.00,     0.00,     0.00,     0.00,     0.00,    18.26,    21.48,     2.92,     0.00,     0.00,     0.00,    13.08,  -999.99,  -999.99,  -999.99
cty,47139,WI: Winnebago County,1981,02,PRCP,     3.46,     0.00,     0.00,     0.00,     0.00,     0.69,     3.20,     0.96,     0.00,     1.38,     6.43,     0.00,     0.00,     0.00,     0.00,     0.00,     0.00,     0.00,     0.00,     0.00,     0.00,    18.21,    22.67,     3.12,     0.00,     0.00,     0.05,    14.17,  -999.99,  -999.99,  -999.99
cty,47141,WI: Wood County,1981,02,PRCP,     4.28,     0.00,     0.00,     0.00,     0.00,     1.15,     2.56,     1.87,     0.00,     0.78,     3.06,     0.00,     0.35,     0.00,     0.00,     0.00,     0.00,     0.00,     0.00,     0.00,     0.00,    13.28,    13.83,     3.01,     0.00,     0.00,     0.00,    12.75,  -999.99,  -999.99,  -999.99
cty,48001,WY: Albany County,1981,02,PRCP,     1.85,     1.24,     0.07,     0.00,     0.00,     0.00,     0.01,     1.13,     0.85,     1.71,     0.29,     0.33,     0.02,     0.00,     0.00,     0.00,     0.00,     0.03,     0.01,     0.00,     0.62,     0.02,     0.00,     0.00,     0.00,     0.07,     0.05,     0.04,  -999.99,  -999.99,  -999.99
cty,48003,WY: Big Horn County,1981,02,PRCP,     2.39,     0.42,     0.01,     1.07,     0.00,     0.00,     0.64,     2.42,     1.97,     4.45,     0.14,     0.16,     0.10,     0.05,     0.05,     0.00,     0.06,     0.02,     0.14,     0.06,     0.40,     0.08,     0.01,     0.20,     0.00,     0.08,     2.19,     0.05,  -999.99,  -999.99,  -999.99
cty,48005,WY: Campbell County,1981,02,PRCP,     3.40,     0.00,     0.00,     0.00,     0.00,     0.00,     0.00,     0.11,     1.77,     3.10,     0.00,     0.00,     0.00,     0.00,     0.00,     0.00,     0.00,     0.06,     0.00,     0.00,     0.00,     0.00,     0.00,     0.00,     0.00,     0.00,     0.00,     0.00,  -999.99,  -999.99,  -999.99
cty,48007,WY: Carbon County,1981,02,PRCP,     3.44,     1.99,     0.05,     0.00,     0.00,     0.01,     0.14,     1.09,     0.27,     3.28,     0.16,     0.62,     0.07,     0.00,     0.09,     0.01,     0.01,     0.08,     0.02,     0.01,     1.69,     0.11,     0.01,     0.02,     0.00,     0.38,     0.23,     0.26,  -999.99,  -999.99,  -999.99
cty,48009,WY: Converse County,1981,02,PRCP,     2.01,     0.17,     0.00,     0.00,     0.00,     0.00,     0.04,     0.65,     1.14,     2.34,     0.11,     0.00,     0.00,     0.00,     0.00,     0.00,     0.00,     0.01,     0.00,     0.00,     0.20,     0.00,     0.00,     0.00,     0.00,     0.01,     0.00,     0.02,  -999.99,  -999.99,  -999.99
cty,48011,WY: Crook County,1981,02,PRCP,     3.31,     0.00,     0.00,     0.00,     0.00,     0.00,     0.04,     0.00,     1.00,     4.71,     0.00,     0.00,     0.00,     0.00,     0.00,     0.00,     0.00,     0.00,     0.00,     0.00,     0.00,     0.00,     0.00,     0.00,     0.00,     0.00,     0.00,     0.00,  -999.99,  -999.99,  -999.99
cty,48013,WY: Fremont County,1981,02,PRCP,     3.77,     0.26,     0.18,     0.01,     0.00,     0.00,     0.11,     0.13,     0.39,     3.88,     0.91,     0.34,     0.01,     0.07,     0.47,     0.17,     0.67,     0.06,     0.54,     0.39,     0.19,     0.01,     0.00,     0.00,     0.00,     0.02,     0.28,     0.08,  -999.99,  -999.99,  -999.99
cty,48015,WY: Goshen County,1981,02,PRCP,     1.01,     0.00,     0.00,     0.00,     0.00,     0.00,     0.29,     0.20,     0.34,     2.56,     0.00,     0.00,     0.00,     0.00,     0.00,     0.00,     0.00,     0.00,     0.00,     0.00,     0.00,     0.00,     0.00,     0.00,     0.00,     0.00,     0.00,     0.00,  -999.99,  -999.99,  -999.99
cty,48017,WY: Hot Springs County,1981,02,PRCP,     4.15,     0.02,     0.00,     0.00,     0.00,     0.00,     0.00,     1.02,     0.22,     4.98,     0.80,     0.51,     0.00,     0.03,     0.08,     0.03,     0.12,     0.00,     0.25,     0.07,     0.00,     0.00,     0.00,     0.00,     0.00,     0.01,     1.45,     0.00,  -999.99,  -999.99,  -999.99
cty,48019,WY: Johnson County,1981,02,PRCP,     5.77,     0.14,     0.06,     0.00,     0.00,     0.00,     0.09,     1.37,     1.75,     2.37,     0.72,     0.75,     0.01,     0.00,     0.08,     0.00,     0.05,     0.02,     0.09,     0.05,     0.04,     0.23,     0.29,     0.00,     0.00,     0.04,     0.13,     0.16,  -999.99,  -999.99,  -999.99
cty,48021,WY: Laramie County,1981,02,PRCP,     2.22,     0.21,     0.00,     0.00,     0.00,     0.00,     0.38,     1.02,     0.04,     2.76,     0.04,     0.00,     0.00,     0.00,     0.00,     0.00,     0.00,     0.00,     0.00,     0.00,     0.17,     0.00,     0.00,     0.00,     0.00,     0.00,     0.02,     0.00,  -999.99,  -999.99,  -999.99
cty,48023,WY: Lincoln County,1981,02,PRCP,     4.21,     0.20,     0.33,     0.04,     0.00,     0.00,     0.27,     0.59,     0.10,     4.44,     0.33,     0.43,     0.39,     0.48,     0.40,     0.21,     1.87,     0.31,     0.43,     3.50,     1.71,     0.02,     0.01,     0.00,     0.00,     2.04,     2.03,     0.01,  -999.99,  -999.99,  -999.99
cty,48025,WY: Natrona County,1981,02,PRCP,     2.93,     0.49,     0.00,     0.00,     0.00,     0.00,     0.03,     1.11,     0.24,     1.98,     0.44,     0.02,     0.00,     0.00,     0.00,     0.00,     0.00,     0.00,     0.00,     0.00,     0.30,     0.00,     0.00,     0.00,     0.00,     0.02,     0.01,     0.11,  -999.99,  -999.99,  -999.99
cty,48027,WY: Niobrara County,1981,02,PRCP,     1.00,     0.00,     0.00,     0.00,     0.00,     0.00,     0.00,     0.02,     1.58,     2.98,     0.00,     0.00,     0.00,     0.00,     0.00,     0.00,     0.06,     0.08,     0.00,     0.00,     0.00,     0.00,     0.00,     0.00,     0.00,     0.00,     0.00,     0.00,  -999.99,  -999.99,  -999.99
cty,48029,WY: Park County,1981,02,PRCP,     3.83,     0.56,     0.05,     0.02,     0.00,     0.00,     1.18,     2.74,     5.48,     5.01,     1.51,     2.04,     1.46,     0.50,     2.53,     1.43,     3.23,     0.59,     3.51,     3.71,     1.12,     0.01,     0.00,     0.00,     0.00,     0.01,     1.95,     0.76,  -999.99,  -999.99,  -999.99
cty,48031,WY: Platte County,1981,02,PRCP,     1.39,     0.00,     0.00,     0.00,     0.00,     0.00,     0.00,     0.37,     0.63,     2.49,     0.00,     0.00,     0.00,     0.00,     0.00,     0.00,     0.00,     0.00,     0.00,     0.00,     0.08,     0.00,     0.00,     0.00,     0.00,     0.00,     0.00,     0.00,  -999.99,  -999.99,  -999.99
cty,48033,WY: Sheridan County,1981,02,PRCP,     5.28,     0.36,     0.00,     0.10,     0.00,     0.00,     1.00,     1.54,     4.20,     2.60,     0.36,     0.12,     0.18,     0.05,     0.09,     0.00,     0.09,     0.00,     0.17,     0.13,     0.01,     0.50,     0.00,     0.00,     0.00,     0.00,     2.28,     0.00,  -999.99,  -999.99,  -999.99
cty,48035,WY: Sublette County,1981,02,PRCP,     3.68,     0.69,     0.10,     0.21,     0.00,     0.00,     0.09,     0.40,     0.56,     5.53,     0.65,     0.68,     0.06,     0.14,     1.10,     0.25,     1.68,     0.10,     0.48,     1.50,     0.59,     0.02,     0.00,     0.08,     0.00,     0.42,     1.02,     0.06,  -999.99,  -999.99,  -999.99
cty,48037,WY: Sweetwater County,1981,02,PRCP,     2.65,     0.09,     0.00,     0.00,     0.00,     0.00,     0.00,     0.00,     0.00,     2.04,     0.03,     0.00,     0.00,     0.00,     0.00,     0.00,     0.00,     0.00,     0.00,     0.00,     0.01,     0.00,     0.00,     0.00,     0.00,     0.00,     0.17,     0.00,  -999.99,  -999.99,  -999.99
cty,48039,WY: Teton County,1981,02,PRCP,     4.26,     1.43,     0.47,     0.08,     0.00,     0.01,     1.36,     3.57,     2.08,     5.31,     1.06,     2.91,     1.17,     1.85,     4.29,     2.61,    10.68,     1.04,     5.00,     8.97,     1.66,     0.06,     0.00,     0.00,     0.00,     0.67,     3.81,     0.02,  -999.99,  -999.99,  -999.99
cty,48041,WY: Uinta County,1981,02,PRCP,     2.18,     0.00,     0.00,     0.06,     0.00,     0.00,     0.13,     0.00,     0.03,     1.31,     0.30,     0.00,     0.14,     0.00,     0.00,     0.00,     0.00,     0.00,     0.00,     1.16,     0.31,     0.04,     0.00,     0.00,     0.02,     0.86,     1.83,     0.05,  -999.99,  -999.99,  -999.99
cty,48043,WY: Washakie County,1981,02,PRCP,     2.91,     0.18,     0.01,     0.07,     0.00,     0.01,     0.24,     1.49,     0.73,     3.07,     0.10,     0.00,     0.00,     0.00,     0.02,     0.00,     0.00,     0.01,     0.00,     0.11,     0.15,     0.00,     0.00,     0.00,     0.00,     0.72,     1.53,     0.04,  -999.99,  -999.99,  -999.99
cty,48045,WY: Weston County,1981,02,PRCP,     1.35,     0.00,     0.00,     0.00,     0.00,     0.00,     0.00,     0.00,     0.90,     3.08,     0.00,     0.00,     0.00,     0.00,     0.00,     0.00,     0.00,     0.04,     0.00,     0.00,     0.00,     0.00,     0.00,     0.00,     0.00,     0.00,     0.00,     0.00,  -999.99,  -999.99,  -999.99
